CAFRA.g19071.t1	55	159	409	535	1004	1689	1809	1959
CANGA.Cang_2012_03_13_00435.g10817.t1	43	382	872	1140	1467
CBREN.CBN14247	307	433	875	1143	1272	1392	1542
CBRIG.CBG11530	165	415	541	971	1239	1533	1662	1782	1932
CCAST.g89.t1	43	382	842	1110	1437
CDOUG.g9320.t1	46	168	418	544	995	1263	1551	1683	1803	1953
CELEG.F53F4.4c	49	165	415	541	992	1260	1551	1683	1803	1953
CJAPO.CJA06033	72	322	448	854	1560	1680	1830
CKAMA.g2790.t1	49	165	415	541	965	1233	1506	1638	1758	1908
CLATE.FL83_03785-RA	136	602	870	1164	1296	1416	1566
CMONO.g659.t1	61	165	245	325	418	544	616	706	825	861	933	1047	1206
CNOUR.g20901.t1	46	144	394	520	862	935	1203	1485	1608	1728	1878
CPLIC.g2461.t1	53	139	223	328	445	530	798	943	1125	1194	1314	1464
CREMA.FL82_10903-RA	46	168	418	544	1010	1278	1572	1704	1824	1974
CSINI.Csp5_scaffold_00119.g4844.t1	88	177	427	553	1031	1299	1596	1728	1848	1998
CSP21.g14523.t1	52	162	242	325	409	535	1145	1299	1407	1552	1668	1731	1851	2001	2076	2180
CSP26.g527.t1	46	168	418	544	965	1233	1530	1659	1779	1929
CSP28.g14602.t1	46	144	394	520	871	1212	1500	1626	1746	1896
CSP29.g19611.t1	46	144	394	520	862	935	1203	1485	1611	1731	1881
CSP31.g12070.t1	73	305	394	478	604	943	1016	1176	1290	1590	1644	1833
CSP32.g12949.t2	132	382	508	929	1614	1734	1884
CSP34.Sp34_50163010.t1	61	186	436	562	1010	1278	1545	1674	1794	1944
CSP38.g767.t1	43	150	379	839	1107	1452	1895	2190
CSP39.g527.t1	49	147	397	523	886	959	1227	1515	1638	1758	1908
CSP40.g7719.t1	72	322	448	869	1137	1434	1566	1686	1836
CTROP.Csp11.Scaffold629.g14237.t1	72	451	761	1029	1287	1410	1530	1680
CVIRI.g4264.t1	40	156	313	397	523	1000	1067	1227	1752	1872
DCORO.DCO_004107	79	216	302	382	472	604	676	968	1039	1211	1331	1494	1602	1741	1934	2100	2181	2304	2385	2460	2580	2724
