CAFRA.g19027.t1	77	154	276	1385	2028
CANGA.Cang_2012_03_13_00997.g15293.t1	
CBREN.CBN05557	71	270	650	1394	2187
CBRIG.CBG11384	275	526	1694	2367	2499
CCAST.g10208.t1	77	1248	1756	2130	2316	2751
CDOUG.g14124.t1	89	288	1278	1400	2061	2193
CELEG.ZC513.4	89	166	288	1287	1409	2070	2202
CJAPO.CJA18260	108	1229	1890	2022	2704	2844	2977	3355	3459	3938	4100
CKAMA.g6061.t1	80	157	279	1269	1391	2052	2184
CLATE.FL83_03666-RA	89	166	288	1287	1409	1755	1887	2617	2648	2787	2920	3298	3402	3619	3653
CMONO.g9928.t1	42	125	202	218	361	432	549	677	755	853	1028	1093	1185	1258	1363
CNOUR.g21229.t1	77	276	1269	1391	2052	2184
CPLIC.g3618.t1	86	163	285	425	624	1260	1385	1484	1604	2163	2775
CREMA.FL82_08650-RA	89	166	288	1287	1409	2070	2202	2932	3008	3147	3280	3658	3762	4241
CSINI.Csp5_scaffold_00553.g12779.t1	83	160	282	1088	1185	1307	1968	2100
CSP21.g10877.t1	56	133	255	398	480	722	901	1015	1086	1171	1388	1481	1795	1935	2037	2169	2355	2482	2670	2802	2889	2976	3178	3275	3352	3434	3556	3660	3887	4044	4148	4310
CSP26.g8653.t3	206	348	560	669	816	932	1009	1131	1424	2085	2207	2868	3000
CSP28.g5612.t1	206	348	560	669	731	890	971	1170	2163	2285	2946	3078
CSP29.g10099.t1	284	426	638	747	809	968	1167	2160	2282	2943	3075
CSP31.g8159.t1	77	154	276	489	606	806	1074	1239	1361	1469	1604	1789	2349	2787
CSP32.g6809.t1	77	154	276	1385	2028
CSP34.Sp34_50099800.t1	89	166	288	1287	1409	2070	2202
CSP38.g7212.t1	83	907	1254	1792	2166	2352	2781
CSP39.g9774.t3	77	276	1269	1391	2052	2184	2897
CSP40.g7578.t1	80	157	279	1278	1400	2061	2193
CTROP.Csp11.Scaffold615.g6005.t1	1860
CVIRI.g8006.t1	77	154	276	1092	1257	1379	1792	2034	2166	2479
DCORO.DCO_003829	110	187	309	452	534	651	785	863	964	1146	1231	1323	1445	1550	1697	1882	2022	2124	2256	2341	2442	2569	2754	2886
