CAFRA.g7389.t1	434	663	1221	1357
CANGA.Cang_2012_03_13_00241.g7688.t1	77	217	312	434	510	660	862	974	1127	1236
CBREN.CBN10285	663	1224	1378
CBRIG.CBG03811	663	1420
CCAST.g4324.t1	77	217	312	434	663	865	977	1130	1239	1384
CDOUG.g23283.t1	77	663	1227	1363
CELEG.K02A11.1b.1	77	663	1224	1366
CJAPO.CJA16852	434	663	1224	1360
CKAMA.g18994.t1	77	437	666	1227	1363	1428	1905	1955
CLATE.FL83_22050-RB	77	663	1227	1363
CMONO.g8269.t1	77	217	312	434	549	663	865	974	1127	1215	1351
CNOUR.g8933.t1	434	663	1227	1363
CPLIC.g2213.t1	77	217	312	434	549	663	865	977	1221
CREMA.FL82_16629-RA	77	663	1210
CSINI.Csp5_scaffold_00607.g13485.t1	77	663	1227	1363
CSP21.g11802.t1	35	88	136	200	340	435	557	672	863	988	1100	1347	1501
CSP26.g3684.t2	77	663	1227	1363
CSP28.g760.t1	434	663	1227	1363
CSP29.g10413.t1	434	663	1227	1363
CSP31.g19285.t2	77	217	312	434	549	663	865	1130	1242	1378
CSP32.g8010.t1	434	663	1221	1357
CSP34.Sp34_10210700.t1	64	173	759	1323	1459
CSP38.g11534.t1	77	217	312	434	663	865	977	1130	1381
CSP39.g771.t1	216	362	591	1155	1291
CSP40.g20205.t1	77	663	1227	1363
CTROP.Csp11.Scaffold629.g15336.t1	77	1209	1348
CVIRI.g5219.t1	77	312	434	549	663	865	977	1251	1399
DCORO.DCO_010621	32	172	267	389	504	618	695	820	932	1148	1315
