CAFRA.g11325.t1	94	255	322	556	635	723
CANGA.Cang_2012_03_13_00188.g6583.t2	94	255	322	417	556	723
CBREN.CBN02404	94	255	322	417	556	635	723
CBRIG.CBG09512	94	255	322	417	556	635	723
CCAST.g10113.t1	94	255	322	417	556	723
CDOUG.g8766.t1	34	195	262	357	496	663
CELEG.T07F10.4a	94	255	322	417	556	635	723
CJAPO.CJA09881	94	255	322	556	635	723
CKAMA.g6184.t1	94	255	322	417	556	635	723
CLATE.FL83_07703-RA	94	255	322	417	556	635	723
CMONO.g13596.t1	94	252	319	414	553	632	720
CNOUR.g7808.t1	34	195	262	357	496	575	663
CPLIC.g627.t1	67	162	301	380	468
CREMA.FL82_15884-RA	94	255	322	417	556	635	723
CSINI.Csp5_scaffold_00866.g16255.t1	94	255	322	417	556	635	723
CSP21.g3504.t1	91	249	316	411	550	629	720
CSP26.g20085.t1	34	195	262	357	496	575	663
CSP28.g16371.t1	34	195	262	357	496	575	663
CSP29.g21200.t1	68	310	471	538	633	772	851	939
CSP31.g18626.t1	94	255	322	417	556	635	723
CSP32.g17552.t1	94	255	322	556	635	723
CSP34.Sp34_50278400.t1	34	195	262	357	496	575	663
CSP38.g20969.t1	34	195	262	357	496	663
CSP39.g11084.t1	94	255	322	417	556	635	723
CSP40.g16329.t1	94	255	322	417	556	635	723
CTROP.Csp11.Scaffold629.g10813.t1	34	195	262	357	496	663
CVIRI.g12076.t1	94	255	322	417	556	635	723
DCORO.DCO_018301	91	249	316	411	550	629
