CAFRA.g16970.t2	62	138	324	498	669	746	866	966	1051
CANGA.Cang_2012_03_13_00088.g3960.t1	26	282	686	1094	1214
CBREN.CBN05436	186	360	531	608	728	828	910
CBRIG.CBG19032	111	297	642	719	939	1139
CCAST.g3887.t1	26	282	890	1010
CDOUG.g3772.t1	186	360	531	608	728	828	910
CELEG.T15B7.16	74	330	516	690	861	938	1058	1158	1243
CJAPO.CJA11637	186	360	501	578	698	804	886
CKAMA.g6456.t1	228	414	588	759	836	956	1056	1138
CLATE.FL83_24192-RA	255	441	615	786	863	983	1083	1165
CMONO.g9045.t1	197	273	390	459	633	804	881	1131	1280
CNOUR.g5662.t1	186	531	608	728	828	910
CPLIC.g1323.t1	152	228	414	489	588	759	836	956	1141
CREMA.FL82_11457-RA	273	459	852	929	1049	1149
CSINI.Csp5_scaffold_00365.g10202.t1	186	360	531	608	828	910
CSP21.g7651.t1	39	156	300	399	570	647	767	864	1019
CSP26.g14748.t1	11	228	414	588	759	836	1056	1138
CSP28.g6496.t1	21	207	552	629	749	849	931
CSP29.g21053.t1	177	363	708	785	905	1005	1090
CSP31.g19699.t1	5	185	261	447	621	792	869	989	1089	1174	1241
CSP32.g14620.t1	17	273	459	633	804	881	1001	1101	1186
CSP34.Sp34_50222200.t1	8	84	270	444	615	692	812	912	994
CSP38.g15428.t1	608	728	825
CSP39.g9377.t1	186	531	608	728	828	910
CSP40.g21537.t1	96	270	441	518	738	820
CTROP.Csp11.Scaffold601.g5469.t1	186	360	531	608	728	828
CVIRI.g331.t1	81	309	495	570	840	917	1037	1137	1219
DCORO.DCO_010023	95	186	281	357	394	449	543	618	717	770	888	965	1085	1203	1361
