CAFRA.g6314.t1	72	255	347	532	803
CANGA.Cang_2012_03_13_00096.g4222.t1	132	315	496	555
CBREN.CBN20082	72	347	532	800
CBRIG.CBG18095	72	255	347	532	800
CCAST.g9437.t1	132	315	404	496	756	990
CDOUG.g4058.t1	72	255	347	532	800
CELEG.H38K22.3	72	255	347	532	800
CJAPO.CJA04662	72	347	532	800	934
CKAMA.g5087.t1	72	255	347	532	800
CLATE.FL83_14989-RA	72	255	347	532	800
CMONO.g2952.t1	105	189	288	377	469	562	669	833	963
CNOUR.g7964.t1	72	255	347	532	800
CPLIC.g704.t1	123	207	306	395	580	747	851	981
CREMA.FL82_09931-RA	72	255	347	532	800
CSINI.Csp5_scaffold_00359.g10069.t1	72	255	347	532	800
CSP21.g14545.t1	96	180	279	368	460	553	660	720	824	954
CSP26.g5641.t1	72	255	347	532	800
CSP28.g11385.t1	72	255	347	532	800
CSP29.g20178.t1	72	255	347	532	800
CSP31.g9758.t1	78	255	347	532	800	930
CSP32.g4921.t1	72	255	347	532	800
CSP34.Sp34_30077300.t1	72	255	347	532	800
CSP38.g1801.t1	144	327	416	508	768	1002
CSP39.g3291.t1	72	255	347	532	800
CSP40.g20740.t1	72	255	347	532	800
CTROP.Csp11.Scaffold630.g21921.t1	72	255	347	532	800
CVIRI.g12110.t1	129	213	312	401	493	586	753	857	987
DCORO.DCO_015599	72	156	344	436	529	636	691	800	930
