CAFRA.g10028.t1	107	202	648	791
CANGA.Cang_2012_03_13_00499.g11584.t1	52	234	557
CBREN.CBN31502	107	202	648	791
CBRIG.CBG06117	107	202	648	791
CCAST.g1741.t1	110	205	307	352	534	863
CDOUG.g5926.t1	107	202	648	791
CELEG.Y24F12A.2a	107	202	648	791
CJAPO.CJA17665	107	202	648	791
CKAMA.g11778.t1	107	202	648	791
CLATE.FL83_21342-RA	107	202	648	791
CMONO.g11973.t1	119	214	316	426	483	645	788	855
CNOUR.g21819.t1	113	208	654	797
CPLIC.g3166.t1	113	208	310	492	654	797
CREMA.FL82_03855-RA	107	202	648	791
CSINI.Csp5_scaffold_02293.g25838.t1	107	202	636	779
CSP21.g5505.t1	158	253	352	534	696	839	903
CSP26.g13164.t1	107	202	648	791
CSP28.g10848.t1	107	202	648	791
CSP29.g19901.t1	113	208	654	797
CSP31.g7776.t1	104	199	301	513	675	818	885
CSP32.g9895.t1	107	202	648	791
CSP34.Sp34_40325500.t1	107	202	414	576	719
CSP38.g220.t1	110	205	307	489	818
CSP39.g9409.t1	107	202	648	791
CSP40.g750.t1	107	202	648	791
CTROP.Csp11.Scaffold629.g13297.t1	107	202	648	791
CVIRI.g3903.t1	113	208	310	492	797
DCORO.DCO_015069	98	193	295	477	651	794	864	975
