CAFRA.g18659.t1	45	155	284	582
CANGA.Cang_2012_03_13_00117.g4827.t1	42	155	231	524
CBREN.CBN16580	48	158	287	585
CBRIG.CBG07758	51	161	290	591
CCAST.g5384.t1	42	155	231	524
CDOUG.g12750.t1	48	158	287	585
CELEG.ZK662.2	48	158	287	585
CJAPO.CJA07702	51	161	290	588
CKAMA.g9639.t1	48	158	287	585
CLATE.FL83_01824-RA	48	164	591
CMONO.g3686.t1	33	170	246	299	402	489	542	603
CNOUR.g4472.t1	48	158	585
CPLIC.g4823.t1	91	194	311	420	575	684	757	853	970	1086	1197	1275	1343	1530	1649	1730	1868	1955	1988	2145	2264	2340	2490	2621
CREMA.FL82_02404-RA	117	227	654
CSINI.Csp5_scaffold_00243.g7805.t1	48	158	287	573
CSP21.g4138.t1	45	158	234	287	381	539	600
CSP26.g20951.t1	48	158	287	585
CSP28.g11716.t1	48	158	585
CSP29.g874.t1	48	158	585
CSP31.g13772.t1	42	158	287	524	585
CSP32.g13190.t1	45	155	284	582
CSP34.Sp34_X0129500.t1	48	158	287	585
CSP38.g13245.t1	42	155	231	521
CSP39.g9063.t1	48	158	585
CSP40.g8916.t1	48	158	287	585
CTROP.Csp11.Scaffold629.g11137.t2	111	221	648
CVIRI.g734.t1	42	155	231	518	579
DCORO.DCO_018967	63	209	338	444	522	578
