CAFRA.g15133.t1	342	846
CANGA.Cang_2012_03_13_00477.g11304.t1	156	342	840
CBREN.CBN15926	268	342	483	733	846
CBRIG.CBG06575	342	733	846
CCAST.g7429.t1	156	342	840
CDOUG.g23545.t1	268	342	733	846
CELEG.C38C3.4b	268	342	483	733	846
CJAPO.CJA02586	268	342	846
CKAMA.g1023.t1	268	342	483	733	846	964	1068	1207	1297
CLATE.FL83_08362-RA	268	342	483	733	846
CMONO.g11323.t1	156	268	342	483	620	724	837
CNOUR.g7943.t1	268	342	733	846
CPLIC.g9418.t1	156	268	342	483	626	730	843
CREMA.FL82_13265-RA	268	342	483	733	846
CSINI.Csp5_scaffold_00729.g14895.t1	268	342	483	733	846
CSP21.g12027.t1	121	241	351	427	540	652	726	867	1004	1108	1221
CSP26.g5967.t1	268	342	733	846
CSP28.g6291.t1	268	342	733	846
CSP29.g19369.t1	268	342	733	846	954	1053	1192	1282
CSP31.g26013.t1	268	342	483	843
CSP32.g7046.t1	268	342	846
CSP34.Sp34_50046100.t1	268	342	483	733	846
CSP38.g15965.t1	156	342	840
CSP39.g20994.t1	268	342	733	846
CSP40.g24082.t1	268	342	733	846
CTROP.Csp11.Scaffold629.g11439.t1	268	342	733	846
CVIRI.g11971.t1	156	268	342	483	843
DCORO.DCO_015033	21	201	313	387	531	665	769
