CAFRA.g1507.t1	132	308	427
CANGA.Cang_2012_03_13_00626.g12938.t1	132	308	427
CBREN.CBN02731	132	308	427
CBRIG.CBG09850	132	308	427
CCAST.g3742.t1	132	308	427
CDOUG.g3302.t1	132	308	427
CELEG.Y54F10AM.5	132	308	427
CJAPO.CJA08524	132	308	427
CKAMA.g4078.t1	132	308	427
CLATE.FL83_10323-RA	132	308	427
CMONO.g5276.t1	132	308	427
CNOUR.g863.t1	132	308	427
CPLIC.g1124.t1	132	308	427
CREMA.FL82_15250-RA	132	308	427
CSINI.Csp5_scaffold_03439.g30199.t1	132	308	427
CSP21.g686.t1	132	308	427
CSP26.g17445.t1	132	308	427
CSP28.g3598.t1	132	308	427
CSP29.g20639.t1	132	308	427
CSP31.g6559.t1	132	308	427
CSP32.g7316.t1	132	308	427
CSP34.Sp34_30215000.t1	132	308	427
CSP38.g14980.t1	132	308	427
CSP39.g11139.t1	132	308	427
CSP40.g8115.t1	132	308	427
CTROP.Csp11.Scaffold629.g9452.t1	132	308	427
CVIRI.g6837.t1	132	308	427
DCORO.DCO_021001	57	132	209	308	427	522
