CAFRA.g5373.t1	28	164	1943
CANGA.Cang_2012_03_13_03753.g18348.t1	442	781
CBREN.CBN02813	152	564	1011	2255
CBRIG.CBG18436	173	525	1035	2306
CCAST.g11686.t1	678	1017	1299	2273	2532
CDOUG.g9184.t1	158	1017	2255
CELEG.Y17G7B.5a.1	164	1029	2273
CJAPO.CJA19082	1041	1958	2288
CKAMA.g18293.t1	22	161	1017	1934	2261	2616	2713	2934	3494	3602
CLATE.FL83_08420-RA	155	1020	2264
CMONO.g11616.t1	31	167	491	594	669	753	856	945	1080	1143	1300	1485	1664	1778	1869	2019	2105	2202	2355
CNOUR.g7411.t1	28	1026	1943	2276
CPLIC.g7693.t1	22	494	672	859	1011	1146	1293	1635	1928	2163	2249	2502
CREMA.FL82_06767-RA	155	948	2192
CSINI.Csp5_scaffold_01968.g24139.t2	194	564	1074	1653	1716	2270
CSP21.g15172.t1	34	173	606	681	765	868	1020	1155	1302	1459	1755	1823	2267	2364	2520
CSP26.g16840.t1	164	525	1035	2300
CSP28.g9050.t1	54	314	423	946	1000	1998	2915	3251
CSP29.g1545.t1	28	1026	1943	2276
CSP31.g13208.t1	158	678	1820	2184	2270
CSP32.g11394.t1	28	164	1949
CSP34.Sp34_20237100.t1	158	1014	2258
CSP38.g3335.t1	675	1014	1296	2172	2258	2517
CSP39.g811.t2	28	1023	1161	1782	1997	2333	2608	2704	2925	2994	3554	3659	3719	3848
CSP40.g14810.t1	167	525	1035	2300
CTROP.Csp11.Scaffold629.g13210.t1	158	1023	2270
CVIRI.g11530.t1	28	696	883	1035	1170	1659	1838	2297
DCORO.DCO_004945	49	182	357	512	615	690	774	877	1029	1164	1311	1468	1653	1832	2046	2196	2282	2379
