CAFRA.g13938.t1	57	197	541
CANGA.Cang_2012_03_13_00094.g4170.t1	209	547
CBREN.CBN18714	289
CBRIG.CBG02568	289
CCAST.g2332.t1	203	541
CDOUG.g924.t1	60	200	544
CELEG.R12C12.6a	204	344	688
CJAPO.CJA07918	60	200	544
CKAMA.g18910.t1	60	200	544
CLATE.FL83_04461-RA	60	200	544
CMONO.g5877.t1	66	200	318	444	550
CNOUR.g15480.t1	29	143	487
CPLIC.g12064.t1	60	200	444	538
CREMA.FL82_12085-RA	60	200	544
CSINI.Csp5_scaffold_00318.g9300.t1	60	200	547
CSP21.g6910.t1	69	197	441	550
CSP26.g11036.t1	60	200	547
CSP28.g11011.t1	60	200	526
CSP29.g1284.t1	60	200	544
CSP31.g14259.t1	63	280
CSP32.g16454.t1	60	200	544
CSP34.Sp34_20123500.t1	60	200	544
CSP38.g9348.t1	197	315	541
CSP39.g14582.t1	60	200	544
CSP40.g8620.t1	60	200	547
CTROP.Csp11.Scaffold629.g16431.t1	60	200	544
CVIRI.g11833.t1	63	203	321	541
DCORO.DCO_019789	63	200	318	444	557
