CAFRA.g10841.t1	106	335	410	558
CANGA.Cang_2012_03_13_00155.g5786.t1	103	263	332	407	552
CBREN.CBN19259	100	329	477
CBRIG.CBG05220	21	74	222
CCAST.g18784.t1	103	263	332	407	552
CDOUG.g12594.t1	100	329	404	552
CELEG.K03A11.5	100	329	404	552
CJAPO.CJA35786	109	338	413	561
CKAMA.g8431.t1	117	226	334	414	518	610	839	914	1062
CLATE.FL83_01947-RA	100	329	404	549	639
CMONO.g8225.t1	115	281	350	425	576
CNOUR.g4526.t1	100	329	404	552
CPLIC.g12472.t1	124	281	347	422	579
CREMA.FL82_02078-RA	100	329	404	549
CSINI.Csp5_scaffold_00170.g6192.t1	112	341	416	564
CSP21.g99.t1	103	269	338	413	558
CSP26.g1003.t1	100	332	407	555
CSP28.g6737.t1	73	153	257	349	578	653	801
CSP29.g828.t1	56	160	389	464	612
CSP31.g24685.t1	97	257	326	401	546
CSP32.g17479.t1	100	329	404	552
CSP34.Sp34_X0157100.t1	100	329	404	552
CSP38.g14744.t1	106	261	326	401	540
CSP39.g9100.t1	100	329	404	552
CSP40.g14935.t1	100	329	404	549
CTROP.Csp11.Scaffold629.g10156.t1	140	215	363
CVIRI.g14537.t1	61	224	293	368	516
DCORO.DCO_017553	43	148	314	383	458	618
