CAFRA.g3631.t1	98	625	899	1029	1220
CANGA.Cang_2012_03_13_00800.g14221.t1	110	911	1190
CBREN.CBN04953	98	625	899	1029	1220
CBRIG.CBG03140	116	643	917	1047	1238
CCAST.g8508.t1	110	908	1229
CDOUG.g5282.t1	125	649	923	1053	1244
CELEG.F13D12.9.1	89	613	887	1017	1208
CJAPO.CJA01774a	361	635	702	838	957	1053	1164
CKAMA.g1735.t1	104	631	905	1035	1226
CLATE.FL83_09349-RA	122	649	923	1053	1244
CMONO.g1197.t1	159	245	403	574	652	810	938	1068	1165	1259
CNOUR.g5904.t1	119	646	920	1050	1241
CPLIC.g7581.t1	21	152	272	433	531	676	950	1271
CREMA.FL82_05468-RA	122	649	923	1053	1244
CSINI.Csp5_scaffold_02192.g25336.t1	116	640	914	1044	1235
CSP21.g7390.t1	86	194	352	520	598	756	875	1102	1196
CSP26.g4616.t1	116	643	917	1047	1238
CSP28.g1930.t1	116	643	917	1047	1238
CSP29.g8323.t1	119	643	917	1047	1238
CSP31.g16863.t1	137	251	522	667	1071	1262
CSP32.g9441.t1	125	652	926	1056	1247
CSP34.Sp34_20313200.t1	116	643	917	1047	1238
CSP38.g5403.t1	116	233	920	1241
CSP39.g23763.t1	119	646	920	1050	1241
CSP40.g22433.t1	119	643	917	1047	1238
CTROP.Csp11.Scaffold458.g1420.t1	95	619	893	1023	1214
CVIRI.g13861.t1	104	221	613	887	1208
DCORO.DCO_008991	143	302	419	502	580	748	861	984	1103	1233	1330	1424
