CAFRA.g10658.t2	81	244	333	544	681	826	1174
CANGA.Cang_2012_03_13_00034.g1938.t1	102	271	351	427	564	1078
CBREN.CBN11651	145	234	442	579	727
CBRIG.CBG02108	160	252	487	624	769
CCAST.g1290.t1	99	271	351	541	678	1192
CDOUG.g4728.t1	148	237	445	582	730
CELEG.T07D1.4	154	243	439	576	721
CJAPO.CJA09998	157	246	460	597	742
CKAMA.g1199.t1	18	175	267	466	603	748
CLATE.FL83_00992-RA	154	243	451	588	733
CMONO.g12981.t1	54	372	538	636	817	957	1102	1456
CNOUR.g6169.t1	81	244	333	544	681	826	1177
CPLIC.g5202.t1	63	232	324	586	723	868	1234
CREMA.FL82_00658-RA	154	243	451	588	733
CSINI.Csp5_scaffold_00066.g3131.t2	151	240	448	585	730
CSP21.g15237.t2	57	214	315	511	648	799	1171
CSP26.g7181.t1	81	241	330	538	675	820	1171
CSP28.g9673.t1	18	181	270	481	618	763	1111
CSP29.g11691.t1	81	244	333	544	681	826
CSP31.g21910.t1	93	238	321	571	708	853	1204
CSP32.g16646.t1	81	244	333	544	681	826	1174
CSP34.Sp34_X0101100.t1	81	244	333	529	666	811	1156
CSP38.g17459.t2	87	256	345	538	675	1177
CSP39.g1316.t1	81	244	333	544	681	826	1174
CSP40.g18899.t1	81	241	330	538	675	820	1171
CTROP.Csp11.Scaffold582.g4601.t1	84	325	420	580	669	877	1014	1162
CVIRI.g1182.t2	75	295	390	610	750	892	1240
DCORO.DCO_010597	39	100	208	309	574	714	859	927	1077	1143	1252
