CAFRA.g9407.t1	37	137	259	362	515	616
CANGA.Cang_2012_03_13_00067.g3245.t1	43	124	224	319	422	575
CBREN.CBN17628	80	202	305	458
CBRIG.CBG14625	40	115	215	337	440	593
CCAST.g5644.t1	43	124	224	346	449	602
CDOUG.g457.t1	40	115	215	337	440	593
CELEG.T03G11.10	40	115	215	337	440	593
CJAPO.CJA03804	116
CKAMA.g3226.t1	40	115	215	310	413	566
CLATE.FL83_00553-RA	40	121	221	343	446	599
CMONO.g11495.t1	43	118	218	340	443	510	596
CNOUR.g17540.t1	40	115	215	358	461	614	770
CPLIC.g1831.t1	40	115	215	337	440	507	593
CREMA.FL82_01159-RA	40	121	221	343	446	599	792	848
CSINI.Csp5_scaffold_01755.g22944.t1	40	161	283	386	539
CSP21.g12144.t1	37	115	215	337	507
CSP26.g16756.t1	80	202	305	458
CSP28.g9758.t1	7	110	263	593
CSP29.g11596.t1	119	272	428
CSP31.g21436.t1	37	137	259	362	515	699
CSP32.g8337.t1	40	115
CSP34.Sp34_X0244000.t1	40	115	215	337	440	593	784
CSP38.g21698.t1	40	121	221	343	446	599
CSP39.g2875.t1	40	115	215	337	440	593	778
CSP40.g19103.t1	40	115	215	337	440	593
CTROP.Csp11.Scaffold567.g4161.t1	
CVIRI.g4703.t2	46	121	221	446	599
DCORO.DCO_014599	67	160	245	367	473	540	626	754	904	1047
