CAFRA.g17261.t1	152	276	447	819	905	969	1107
CANGA.Cang_2012_03_13_00006.g500.t1	83	494	672	758	948	1070
CBREN.CBN20451	152	276	447	673	819	905	969	1107
CBRIG.CBG03042	155	279	450	676	822	908	972	1110
CCAST.g15060.t1	155	566	676	822	908	972	1110	1232
CDOUG.g5442.t1	152	276	447	673	819	905	969	1107
CELEG.M28.6	155	279	676	822	908	972	1110
CJAPO.CJA13024	152	276	673	819	905	969
CKAMA.g10979.t1	146	270	441	667	813	899	963	1101	1257	1359	1484	1926	2160	2660	2773	3009
CLATE.FL83_21941-RA	155	279	450	676	822	908	972	1110	1266	1409	1941	2669	2782
CMONO.g12488.t1	137	261	344	432	548	658	804	890	954	1092
CNOUR.g22399.t1	152	276	447	673	819	905	969	1107
CPLIC.g9836.t1	89	213	296	384	500	610	756	842	906	1044	1166
CREMA.FL82_05390-RA	52	108	334	480	566	630	768	924	1067	1599	2327
CSINI.Csp5_scaffold_00248.g7932.t1	155	279	450	676	822	908	972	1110
CSP21.g9091.t1	143	267	530	640	786	872	936	1074
CSP26.g1661.t1	155	279	450	676	822	908	972	1110
CSP28.g15851.t1	152	276	447	673	819	905	969	1107
CSP29.g9934.t1	152	276	447	673	819	905	969	1107
CSP31.g16540.t1	146	270	353	557	667	813	899	963	1101
CSP32.g16795.t1	152	276	447	819	905	969	1107
CSP34.Sp34_20289900.t1	152	276	673	819	905	969	1107
CSP38.g19177.t1	152	563	673	819	905	1107	1229
CSP39.g1052.t1	152	276	447	673	819	905	969	1107
CSP40.g17323.t1	155	279	450	676	822	908	972	1110
CTROP.Csp11.Scaffold629.g8881.t1	152	276	447	673	819	905	969	1107
CVIRI.g5929.t1	146	353	441	557	667	813	899	963	1101
DCORO.DCO_011685	143	267	438	554	664	810	960	1098
