CAFRA.g15761.t1	27	151	707	957
CANGA.Cang_2012_03_13_05587.g19695.t1	234
CBREN.CBN11202	27	151	707	873	954
CBRIG.CBG24497	196	752	918	999
CCAST.g3010.t1	151	594	879	960
CDOUG.g5364.t1	27	151	873	954
CELEG.F30A10.3.1	27	151	707	873	954
CJAPO.CJA11464	25	581	747	828
CKAMA.g2772.t1	27	151	707	873	954
CLATE.FL83_11554-RA	27	151	707	862
CMONO.g13115.t1	27	151	272	354	461	585	704	870
CNOUR.g21436.t1	27	151	707	873	957
CPLIC.g4689.t2	27	151	354	461	704	870	960
CREMA.FL82_08990-RA	27	151	670
CSINI.Csp5_scaffold_00089.g3933.t2	54	178	900	981
CSP21.g1026.t1	27	151	272	354	461	585	870
CSP26.g19118.t1	27	151	707	873	954
CSP28.g10083.t1	27	151	707	873	957
CSP29.g12631.t1	27	151	707	873	957
CSP31.g9801.t1	27	151	588	707	954
CSP32.g8312.t1	27	151	707	957
CSP34.Sp34_10071100.t1	27	151	707	873
CSP38.g11682.t1	151	594	879	960
CSP39.g5137.t1	27	151	707	873	957
CSP40.g662.t1	27	151	707	954
CTROP.Csp11.Scaffold629.g14903.t2	171	295	1017	1098
CVIRI.g6922.t1	27	151	588	707	873	954
DCORO.DCO_014719	27	151	272	354	461	585	704	870
