CAFRA.g19323.t1	83	182	258	398	853	1017
CANGA.Cang_2012_03_13_00069.g3329.t1	164	240	380	999
CBREN.CBN12746	56	194	224	300	440	895	1059
CBRIG.CBG08295	83	182	258	398	853	1017
CCAST.g7810.t1	158	234	374	993
CDOUG.g3706.t1	62	161	237	377	832	996
CELEG.Y37E11AL.1	56	155	231	371	826	990
CJAPO.CJA02204	17	472	687
CKAMA.g18517.t1	182	281	357	497	952	1116
CLATE.FL83_21395-RA	28	77	153	293	748	912
CMONO.g870.t1	56	155	231	371	480	660	826	990
CNOUR.g5879.t1	62	161	237	377	832	996
CPLIC.g9450.t1	167	276	456	622	786
CREMA.FL82_03149-RA	17	93	233	652	816
CSINI.Csp5_scaffold_01527.g21488.t2	62	161	237	377	832	996
CSP21.g7401.t1	62	161	237	377	486	543	666	832	1005
CSP26.g20547.t1	56	155	231	371	826	990
CSP28.g12600.t1	62	161	237	377	832	996
CSP29.g3422.t1	62	161	237	377	832	996
CSP31.g5377.t1	62	161	237	377	486	832	996
CSP32.g794.t1	62	161	237	377	832	996
CSP34.Sp34_40079000.t1	62	161	237	377	832	996
CSP38.g17341.t1	59	158	234	374	990
CSP39.g2207.t1	83	182	258	398	853	1017
CSP40.g14091.t1	83	182	258	398	853	1017
CTROP.Csp11.Scaffold629.g15716.t1	80	179	255	395	850	1014
CVIRI.g8953.t1	76	216	325	671	835
DCORO.DCO_013623	41	140	216	356	468	654	820	984
