CAFRA.g13871.t1	39	138	312	459	601
CANGA.Cang_2012_03_13_00902.g14853.t1	75	249	396	538
CBREN.CBN31795	72	246	393	535
CBRIG.CBG14497	72	246	393	535
CCAST.g14283.t1	75	249	396	538
CDOUG.g95.t1	39	138	312	459	601
CELEG.C05E11.3b	39	138	312	459	601
CJAPO.CJA13437a	42	216	363	505
CKAMA.g3150.t1	72	246	393	535
CLATE.FL83_00645-RA	72	246	393	535
CMONO.g14412.t1	21	120	294	441	583
CNOUR.g5498.t1	39	138	312	459	601
CPLIC.g11705.t1	87	261	408	550
CREMA.FL82_01054-RA	72	246	393	535
CSINI.Csp5_scaffold_00006.g462.t1	42	141	315	462	604
CSP21.g11330.t1	75	249	396	538
CSP26.g2638.t1	42	141	315	462	604
CSP28.g9843.t1	72	246	393	535
CSP29.g11511.t1	39	138	312	459	601
CSP31.g8971.t1	45	144	318	465	607
CSP32.g8428.t1	39	138	312	459	601
CSP34.Sp34_X0253600.t1	39	138	312	459	601
CSP38.g17676.t1	75	249	396	538
CSP39.g26674.t1	39	138	312	459	601
CSP40.g12445.t1	42	141	315	462	604
CTROP.Csp11.Scaffold622.g6268.t1	99	241
CVIRI.g13234.t1	45	144	318	465	607
DCORO.DCO_018981	78	255	402	544
