CAFRA.g8373.t1	53	270	660
CANGA.Cang_2012_03_13_00918.g14924.t1	42	304	537	636	837
CBREN.CBN23486	53	270	660	1068
CBRIG.CBG03009	53	270	660	1068
CCAST.g7984.t1	264	526	759	858	1059
CDOUG.g8431.t1	53	270	660	1068
CELEG.R06F6.9	53	660
CJAPO.CJA16486	53	660	1068
CKAMA.g14563.t1	53	270	660	1068
CLATE.FL83_17673-RA	53	270	660	1068
CMONO.g16571.t1	96	195	279	424	549	600	699	939
CNOUR.g22366.t1	53	270	1068
CPLIC.g9281.t1	53	174	273	538	663	933	1071
CREMA.FL82_05359-RA	53	270	660	1068
CSINI.Csp5_scaffold_00036.g1969.t1	53	270	654	1062
CSP21.g5333.t1	65	174	273	538	663	753	852	915	1053
CSP26.g1691.t1	53	270	660	1068
CSP28.g11648.t1	53	270	660	1068
CSP29.g9901.t1	53	270	1068
CSP31.g16569.t1	53	171	270	538	663	870	1071
CSP32.g2441.t1	3	393
CSP34.Sp34_20341110.t1	53	270	660	933	1011
CSP38.g8199.t1	258	753	852	1053
CSP39.g3506.t1	53	270	660	1068
CSP40.g11555.t1	53	660	1068
CTROP.Csp11.Scaffold618.g6067.t1	53	270	660	1068
CVIRI.g9641.t1	65	282	544	777	939	1077
DCORO.DCO_012383	24	261	360	477	553	622	855	954	1017	1155
