CAFRA.g14716.t2	151	238	352	449
CANGA.Cang_2012_03_13_00336.g9400.t1	48	148	325
CBREN.CBN10439	124	244	341
CBRIG.CBG21782	54	154	241	361	396	648
CCAST.g8674.t1	48	148	325
CDOUG.g17901.t1	54	154	241	361	458
CELEG.F23B2.5a	54	154	241	361	458
CJAPO.CJA00035	54	154	355	452
CKAMA.g12338.t1	51	151	238	355	452
CLATE.FL83_16558-RA	54	154	241	361	458
CMONO.g15513.t1	54	154	241	355	452
CNOUR.g7859.t1	54	154	241	361	458
CPLIC.g7065.t1	54	154	241	355	452
CREMA.FL82_20017-RA	54	154	241	361	458
CSINI.Csp5_scaffold_00466.g11740.t1	54	154	241	361	400	497
CSP21.g3300.t1	57	157	244	331	428
CSP26.g14485.t1	54	154	241	361	458
CSP28.g7014.t1	54	154	241	361	400	497
CSP29.g13514.t1	31	118	238	277	374
CSP31.g26710.t1	157	244	361	458
CSP32.g12349.t2	154	241	355	452
CSP34.Sp34_40353000.t1	54	154	241	328	425	491
CSP38.g9101.t1	48	148	322	419
CSP39.g17032.t1	54	154	238	358	455
CSP40.g12738.t2	54	154	241	361	458
CTROP.Csp11.Scaffold629.g9640.t1	46	166	263
CVIRI.g9847.t1	54	154	238	325	422
DCORO.DCO_023615	54	154	238	278	368
