CAFRA.g9769.t1	165	331	437	668	786	937
CANGA.Cang_2012_03_13_00603.g12676.t1	166	272	429	595	701	938	1056	1207
CBREN.CBN28380	165	331
CBRIG.CBG02598	165	331	437	668	786	937
CCAST.g8814.t1	162	328	434	552	671	789	940
CDOUG.g890.t1	165	331	437	668	786	937
CELEG.C30B5.7	207	373	479	710	828	979
CJAPO.CJA05727a	165	331	437	668	994
CKAMA.g18940.t1	165	331	437	668	786	937
CLATE.FL83_04488-RA	165	331	437	668	786	937
CMONO.g13601.t1	252	418	636	755	873	1024
CNOUR.g10723.t1	165	331	437	668	786	937
CPLIC.g641.t1	165	331	437	668	786	937
CREMA.FL82_12109-RA	165	331	437	668	786	937
CSINI.Csp5_scaffold_00245.g7867.t1	165	331	437	668	786	937
CSP21.g14188.t1	165	668	786	937
CSP26.g13848.t1	165	331	437	668	786	937
CSP28.g15385.t1	165	331	668	786	937
CSP29.g1314.t1	165	331	437	668	786	937
CSP31.g25811.t1	165	331	437	668	786	937
CSP32.g1637.t1	165	331	437	668	786	937
CSP34.Sp34_20128200.t1	165	331	437	668	786	937
CSP38.g1878.t1	171	337	443	558	677	795	946
CSP39.g2216.t1	165	331	668	786	937
CSP40.g8600.t1	165	331	437	668	786	937
CTROP.Csp11.Scaffold629.g11623.t1	165	331	437	668	786	937
CVIRI.g6144.t1	165	331	437	549	668	786	937
DCORO.DCO_015713	165	331	437	668	818	937
