CAFRA.g16908.t1	1029	1505	1607	1715	1912	1986	2265	2382
CANGA.Cang_2012_03_13_01141.g15799.t1	35	224
CBREN.CBN12070	112	186	465	582	887
CBRIG.CBG06225	112	186	465	582	887
CCAST.g865.t1	186	330	582	701	890
CDOUG.g8454.t1	112	186	465	582	887
CELEG.F11A10.6a	112	186	465	582	887
CJAPO.CJA05328b	30	309	731
CKAMA.g609.t1	112	186	465	582	887
CLATE.FL83_04867-RA	112	186	450	567	872
CMONO.g18972.t1	106	180	324	459	576	695	786	881	1011
CNOUR.g4072.t1	4	121	195	474	591	896
CPLIC.g2229.t1	112	186	330	465	582	701	792	887
CREMA.FL82_03778-RA	22	139	213	492	532	746
CSINI.Csp5_scaffold_01768.g23017.t1	112	186	465	582	887
CSP21.g1217.t1	23	148	222	366	501	618	737	828	917
CSP26.g18856.t1	112	186	465	582	887
CSP28.g9291.t1	112	465	582	887
CSP29.g3668.t1	112	186	465	582	887
CSP31.g6457.t1	112	186	330	465	582	701	792	887
CSP32.g11043.t1	112	186	465	582
CSP34.Sp34_40237000.t1	112	186	465	582	887
CSP38.g16199.t1	28	222	366	618	737	828	923
CSP39.g7977.t2	112	186	465	543	660	965
CSP40.g17569.t1	112	186	465	582	887
CTROP.Csp11.Scaffold448.g1279.t1	112	186	465	582	887
CVIRI.g4349.t1	112	186	330	465	582	792	887
DCORO.DCO_012855	27	106	244	324	459	576	695	786	875	1006	1104
