CAFRA.g14798.t1	54	108	217	255	368	671	800	1026	1103
CANGA.Cang_2012_03_13_00107.g4507.t1	42	242	371	674
CBREN.CBN28112	51	160	287	560	689	915	992
CBRIG.CBG00431	51	105	214	267	380	650	779	1005
CCAST.g1136.t1	54	108	405	605	734	1037
CDOUG.g15073.t1	51	105	214	267	374	647	776	1002	1079
CELEG.4R79.2a	57	111	220	273	389	662	791	1017	1094
CJAPO.CJA15956b	59	311	440	666
CKAMA.g11944.t1	51	160	213	329	599	728	954	1031
CLATE.FL83_22890-RA	136	189	302	572	701	927	1004
CMONO.g10602.t1	108	174	251
CNOUR.g21758.t1	51	105	214	267	380	644	773	999	1076
CPLIC.g1030.t1	48	102	211	267	359	423	552	629	758	918	984	1061
CREMA.FL82_20642-RA	51	105	214	267	380	650	779	1005	1082
CSINI.Csp5_scaffold_05010.g34217.t1	51	87	196	249	362	629	758	984	1061
CSP21.g4787.t1	48	102	211	392	477	537	650	785	1005	1082
CSP26.g9562.t1	51	105	214	267	380	647	776	1002	1079
CSP28.g16055.t1	51	160	213	326	602	957	1034
CSP29.g2807.t1	51	160	213	326	593	722	948	1025
CSP31.g17089.t1	51	105	214	264	380	656	785	945	1088	1165	1280	1371	1435	1517	1660
CSP32.g8529.t1	54	108	217	264	392	662	791	1017	1094
CSP34.Sp34_40219500.t1	51	105	214	267	383	665	794	1020	1097
CSP38.g16395.t1	57	111	270	453	653	1085
CSP39.g515.t1	51	105	214	270	383	665	794	1020	1097
CSP40.g11498.t1	51	105	214	267	380	647	776	1002	1079
CTROP.Csp11.Scaffold629.g14096.t1	51	160	207	317	584	713	939	1016
CVIRI.g13332.t1	109	165	284	357	551	680	983
DCORO.DCO_012399	48	102	214	261	306	425	498	582	633	713	839	999	1142
