CAFRA.g12421.t1	302	1086	1188
CANGA.Cang_2012_03_13_00867.g14639.t2	154	275	481	732	915
CBREN.CBN17510	302	1038	1140
CBRIG.CBG20858	302	1059	1161
CCAST.g6227.t1	154	302	508	759	933
CDOUG.g9716.t1	302	1044	1146
CELEG.C01G12.1	302	1008	1110
CJAPO.CJA18506	302	1038	1140
CKAMA.g7902.t1	302	984	1086
CLATE.FL83_09794-RA	302	1041	1143
CMONO.g4122.t2	154	302	442	544	912	1017	1119
CNOUR.g11569.t1	302	921	1023
CPLIC.g9307.t1	154	302	523	756	840	1140
CREMA.FL82_14495-RA	302	1035	1137
CSINI.Csp5_scaffold_00735.g14949.t1	302	1053	1155
CSP21.g15137.t1	151	299	403	520	699	772	864	930	1035
CSP26.g10850.t2	302	1035	1137
CSP28.g13387.t1	302	969	1071
CSP29.g15560.t1	302	915	1017	1158	1275
CSP31.g27105.t1	302	502	1041
CSP32.g3116.t1	302	978	1080
CSP34.Sp34_20059800.t1	302	1014	1116
CSP38.g9777.t1	302	517	786	975
CSP39.g8051.t1	302	1005	1107
CSP40.g5682.t1	302	1047	1149
CTROP.Csp11.Scaffold630.g19541.t1	302	1038	1140
CVIRI.g6427.t1	154	302	412	496	963	1065
DCORO.DCO_014185	88	175	323	448	565	708	864	966
