CAFRA.g4660.t1	93	237	354	451
CANGA.Cang_2012_03_13_00700.g13538.t2	69	225	342	510	627	727
CBREN.CBN13154	84	228	345	442
CBRIG.CBG11982	87	231	348	445
CCAST.g9818.t1	69	225	342	442
CDOUG.g410.t1	84	228	345	442
CELEG.C50F2.4.1	81	222	339	436
CJAPO.CJA05679	102	246	363	460
CKAMA.g16044.t1	141	258
CLATE.FL83_08160-RA	84	228	345	442
CMONO.g4927.t1	90	228	345	442
CNOUR.g8211.t1	84	228	345	442
CPLIC.g955.t1	48	177	294
CREMA.FL82_12695-RA	84	228	345	442
CSINI.Csp5_scaffold_00437.g11366.t1	441	585	702	799
CSP21.g15903.t1	93	225	342	439
CSP26.g12880.t1	87	228	345	442
CSP28.g1163.t1	84	228	345	442
CSP29.g16605.t1	174	318	435	532
CSP31.g5702.t1	81	222	339	436
CSP32.g13577.t1	84	228	345	442
CSP34.Sp34_10165900.t1	78	222	339	439
CSP38.g21217.t1	75	219	336	439
CSP39.g8331.t1	84	228	345	442
CSP40.g16480.t1	87	231	348	445
CTROP.Csp11.Scaffold627.g6767.t1	84	228	345	442
CVIRI.g16255.t1	93	234	351	448
DCORO.DCO_021535	114	180	297	409
