CAFRA.g17173.t1	66	244	348	788	1278
CANGA.Cang_2012_03_13_00609.g12744.t1	93	271	375	529	824
CBREN.CBN21309	60	238	342	496	788	1221
CBRIG.CBG00948	69	247	351	505	797	1212	1457	1872
CCAST.g12671.t1	87	265	369	523	818
CDOUG.g7321.t1	66	244	348	502	794	1218
CELEG.F35H8.5	60	238	342	496	788	1212
CJAPO.CJA07222	60	238	342	782	1197
CKAMA.g12749.t1	47	153	337	441	595	887	1311
CLATE.FL83_08466-RA	66	181	285	439	731	1152
CMONO.g16324.t1	126	220	304	408	562	726	851	1000	1224	1350
CNOUR.g4650.t1	66	244	348	502	788	1182
CPLIC.g3236.t1	66	244	348	502	666	958	1185
CREMA.FL82_06813-RA	3	181	285	439	731	1071
CSINI.Csp5_scaffold_04561.g33224.t1	104	258	550	980
CSP21.g8187.t1	57	151	235	339	493	770	934	1008	1203	1329
CSP26.g2546.t1	66	244	348	502	794	1200
CSP28.g8840.t1	27	205	309	463	749	1143
CSP29.g6391.t1	27	205	491	894
CSP31.g21676.t1	93	271	375	529	1179	1305
CSP32.g13930.t1	66	244	348	788	1257
CSP34.Sp34_20188800.t1	66	244	348	502	794	1242
CSP38.g5849.t1	90	268	372	526	821	976	1209	1335
CSP39.g5580.t1	66	244	348	502	788	1185
CSP40.g3224.t1	66	244	348	794	1224
CTROP.Csp11.Scaffold500.g2264.t1	154	446	870
CVIRI.g8015.t1	114	295	399	553	836	1257	1383
DCORO.DCO_011999	48	223	327	385	481	645	782	910	1098	1221
