CAFRA.g9621.t1	39	92	1020
CANGA.Cang_2012_03_13_00274.g8292.t1	
CBREN.CBN28960	39	92	1023
CBRIG.CBG23110	39	92	600	978
CCAST.g304.t1	160	522
CDOUG.g7771.t1	39	92	600	978
CELEG.C06H2.2	39	92	600	978
CJAPO.CJA19031	36	89	801
CKAMA.g6427.t1	39	92	600	1014
CLATE.FL83_19976-RA	39	92	531
CMONO.g12007.t1	103	181	276	336	383	484	520	590	670	756	882	979	1077	1161
CNOUR.g22051.t1	39	92	600	996
CPLIC.g6417.t1	86	175	226	296	588	685	783	969
CREMA.FL82_09342-RA	39	92	531
CSINI.Csp5_scaffold_00558.g12847.t1	39	92	600	981
CSP21.g1075.t1	45	98	250	397	483	609	706	804
CSP26.g21755.t1	39	92	600	978
CSP28.g5882.t1	39	92	600	993
CSP29.g18936.t1	39	92	600	996
CSP31.g23663.t1	95	226	296	376	588	783	984
CSP32.g6707.t1	39	92	795	981
CSP34.Sp34_50313310.t1	39	92	600	981
CSP38.g10561.t1	160	310	396	522	717	877
CSP39.g15838.t1	39	92	600	996
CSP40.g2138.t1	39	92	600	978
CTROP.Csp11.Scaffold417.g1126.t1	36	89	597	969
CVIRI.g1524.t1	89	232	302	468	594	789	915
DCORO.DCO_013015	107	265	338	418	504	630	724	822	930	1072	1134
