CAFRA.g9371.t1	82	220	334	416	508	773	888	954	1035	1137
CANGA.Cang_2012_03_13_00680.g13388.t1	79	161	253	518	699	780	882
CBREN.CBN21291	82	220	334	416	508	773	888	954	1035	1131
CBRIG.CBG14575	85	223	337	419	714	791	906	1074	1176
CCAST.g8446.t1	79	217	331	413	505	770	951	1032	1134
CDOUG.g12400.t1	82	220	334	416	508	773	888	954	1035	1137
CELEG.M03F4.6	82	220	334	416	508	773	888	954	1035	1137
CJAPO.CJA13412b	70	325	407	499	764	879	945	1026	1128
CKAMA.g3182.t1	82	220	334	416	508	773	888	954	1035	1137
CLATE.FL83_00589-RA	82	220	334	416	508	773	888	954	1035	1137
CMONO.g5979.t1	21	94	274	318	559	697	811	893	985	1169	1250	1365	1431	1614
CNOUR.g17577.t1	82	220	334	416	508	773	888	954	1035	1137
CPLIC.g6034.t1	73	211	325	407	499	683	764	879	945	1026	1128
CREMA.FL82_01119-RA	82	220	334	416	508	773	888	954	1035	1137
CSINI.Csp5_scaffold_00018.g1136.t2	82	220	334	416	818	933	1080	1182
CSP21.g14484.t1	76	214	328	410	502	767	882	948	1131
CSP26.g6989.t1	82	220	334	416	508	773	888	1035	1137
CSP28.g9790.t1	11	103	368	483	549	630	732
CSP29.g11563.t1	91	205	287	379	644	759	825	906	1008
CSP31.g1824.t1	82	220	334	416	508	773	888	954	1035	1137
CSP32.g8372.t1	82	220	334	416	508	773	888	954	1035	1137
CSP34.Sp34_X0248100.t1	82	220	334	416	508	773	888	954	1035	1137
CSP38.g17404.t1	67	205	319	401	493	758	939	1020	1122
CSP39.g23353.t1	82	220	334	416	508	773	888	954	1035	1137
CSP40.g12384.t1	82	220	334	416	508	773	888	1035	1137
CTROP.Csp11.Scaffold409.g995.t1	82	220	334	416	508	773	888	954	1035
CVIRI.g8970.t1	100	238	352	434	526	710	972	1053	1155
DCORO.DCO_011947	103	241	355	529	794	975	1053
