CAFRA.g9902.t1	40	174	709	946	1105
CANGA.Cang_2012_03_13_00401.g10337.t1	25	462	574	733	848
CBREN.CBN10392	40	248	558	703	828	940	1005	1099	1214	1347
CBRIG.CBG09837	40	248	338	519	664	789	901	971	1104
CCAST.g12903.t1	25	224	804	916	1075	1190	1323
CDOUG.g3287.t1	40	248	558	703	828	940	1005	1099	1214	1347
CELEG.Y71H2AM.9	40	239	540	685	810	922	987	1081	1196	1329
CJAPO.CJA16337	31	248	549	694	819	931	996	1090	1338
CKAMA.g4090.t1	40	165	248	558	703	828	940	1005	1099	1214	1347
CLATE.FL83_10336-RA	40	248	558	703	828	940	1005	1099	1214	1347
CMONO.g18730.t1	92	210	393	538	663	775	807	913	1028	1161
CNOUR.g852.t1	40	162	245	552	822	934	1093	1208	1341
CPLIC.g9773.t1	43	144	227	537	1078	1193	1326
CREMA.FL82_15236-RA	40	248	558	703	828	940	1005	1099	1214	1347
CSINI.Csp5_scaffold_01238.g19486.t1	40	248	558	703	828	940	1005	1099	1214	1347
CSP21.g1380.t1	43	138	221	348	472	553	801	913	978	1072	1187	1320
CSP26.g17457.t1	40	248	558	703	828	940	1005	1099	1214	1347
CSP28.g3607.t1	40	162	245	552	822	934	1341
CSP29.g20632.t1	40	162	245	549	819	931	1090	1205	1338	1493	1561	1665	1733	1849	1920	2038	2376
CSP31.g5056.t1	40	162	245	372	555	700	825	937	1002	1096	1211	1344
CSP32.g3058.t1	40	174	706	943	1102
CSP34.Sp34_30213210.t1	40	239	543	688	813	925	990	1084	1199	1332
CSP38.g11856.t1	25	224	534	679	804	916	981	1075	1190	1323
CSP39.g16455.t1	40	162	245	552	822	934	1093	1341
CSP40.g8101.t1	40	248	558	703	828	940	1005	1099	1214	1347
CTROP.Csp11.Scaffold629.g8771.t1	83	139	347	657	802	927	1039	1104	1198	1313	1446
CVIRI.g9625.t1	43	251	378	561	831	943	1008	1217	1350
DCORO.DCO_009539	55	165	254	378	458	564	642	709	834	1011	1105	1220	1353
