CAFRA.g4630.t1	102	237	587	763	919	1132	1238
CANGA.Cang_2012_03_13_00624.g12909.t1	102	922	1135	1241
CBREN.CBN21508	102	237	360	919	1132	1238
CBRIG.CBG18041	102	237	360	587	919	1132	1238
CCAST.g12942.t1	102	237	922	1135	1241
CDOUG.g5084.t1	102	237	360	587	763	919	1132	1238
CELEG.F35G12.1a	102	237	360	587	763	919	1132	1238
CJAPO.CJA04144	102	237	360	763	919	1132	1238
CKAMA.g9689.t1	114	341	424	580	793	899
CLATE.FL83_14949-RA	102	237	360	587	763	919	1132	1238
CMONO.g12151.t1	114	249	372	525	599	690	781	861	937	1029	1150	1256
CNOUR.g8617.t1	102	237	360	587	763	919	1132
CPLIC.g3547.t1	114	243	366	849	1017	1138	1244
CREMA.FL82_09972-RA	102	237	360	587	763	919	1132	1238
CSINI.Csp5_scaffold_06686.g36885.t1	102	237	360	587	919	1132
CSP21.g7184.t1	111	246	369	687	772	852	928	1141	1247
CSP26.g11962.t1	102	237	360	587	919	1132	1238
CSP28.g7184.t1	102	237	360	587	763	919	1132	1238
CSP29.g5851.t1	102	237	360	587	763	919	1132
CSP31.g13877.t1	102	237	360	587	843	919	1132	1238
CSP32.g16499.t1	102	237	587	763	919	1132	1238
CSP34.Sp34_30070800.t1	102	237	360	587	763	919	1132	1238
CSP38.g7632.t1	237	922	1135	1241
CSP39.g1559.t1	102	237	360	587	763	919	1132	1238
CSP40.g1286.t1	102	237	360	587	919	1132	1238
CTROP.Csp11.Scaffold544.g3447.t1	99	234	357	584	760	916	1129	1235
CVIRI.g15800.t1	102	587	919	1132
DCORO.DCO_010691	135	270	393	546	711	796	876	952	1047	1168	1274
