CAFRA.g18986.t1	96	227
CANGA.Cang_2012_03_13_00246.g7811.t1	96	227
CBREN.CBN07683	96	161	321
CBRIG.CBG10119	100	161	321
CCAST.g13930.t1	96	227
CDOUG.g4142.t1	96	161	321
CELEG.C40H1.6.1	96	161	321
CJAPO.CJA11998	96	161
CKAMA.g2371.t1	149	246	311	471
CLATE.FL83_07439-RA	96	161	321
CMONO.g18286.t1	109	208	297	406	567	634	732	797	863	957
CNOUR.g14121.t1	96	161	321
CPLIC.g12338.t1	96	161	227	321
CREMA.FL82_15006-RA	105	170	330
CSINI.Csp5_scaffold_01008.g17534.t1	96	161	321
CSP21.g7038.t1	96	161	227	321
CSP26.g18155.t1	96	161
CSP28.g16714.t1	96	161	321
CSP29.g1980.t1	96	161	321
CSP31.g10480.t1	96	161	227	321
CSP32.g8537.t1	96	227
CSP34.Sp34_30267200.t1	96	161	321
CSP38.g6396.t1	96	227
CSP39.g7436.t1	96	161	321
CSP40.g3336.t1	96	161	321
CTROP.Csp11.Scaffold629.g9398.t1	96	161	321
CVIRI.g6624.t1	96	161
DCORO.DCO_022173	96	227	321
