CAFRA.g3616.t1	129	816
CANGA.Cang_2012_03_13_00132.g5204.t2	431	1411	1624	1753
CBREN.CBN05455	129	247	816	1417
CBRIG.CBG03212	129	247	816	1417
CCAST.g18969.t1	1066	1411
CDOUG.g9527.t1	129	247	816	1417
CELEG.T21B10.7.1	129	247	1417
CJAPO.CJA00716	129	247	1417
CKAMA.g5917.t1	129	816	1417
CLATE.FL83_09296-RA	129	247	816	1417
CMONO.g5618.t1	129	244	324	434	552	642	790	910	1014	1243
CNOUR.g5960.t1	129	247	816	1417
CPLIC.g5943.t1	129	434	1185	1414
CREMA.FL82_05524-RA	129	672	1273
CSINI.Csp5_scaffold_00048.g2489.t1	129	247	816	1417
CSP21.g8398.t1	129	244	324	434	723	961	1081	1185	1414
CSP26.g12522.t1	129	247	816	1417
CSP28.g1979.t1	129	244	1414
CSP29.g8271.t1	129	247	816	1417
CSP31.g19344.t1	129	247	327	816	964	1263	1417
CSP32.g9382.t1	129	816
CSP34.Sp34_20307510.t1	129	247	816	1417
CSP38.g3728.t1	37	163	528	775	965	1945
CSP39.g1560.t1	129	244	1414
CSP40.g22376.t1	129	247	816	1417
CTROP.Csp11.Scaffold630.g20701.t1	129	250	819
CVIRI.g16012.t1	129	1260	1414
DCORO.DCO_008861	59	129	244	324	434	552	628	749	813	933	1081	1260	1414
