CAFRA.g10727.t1	5	262
CANGA.Cang_2012_03_13_00809.g14288.t1	60	317	571
CBREN.CBN20584	133	568
CBRIG.CBG19435	184	619
CCAST.g109.t1	60	317	571	861	923
CDOUG.g8397.t1	133	568
CELEG.F36D4.5a	5	190	625
CJAPO.CJA13942	212
CKAMA.g7918.t1	200	385	820
CLATE.FL83_20713-RA	445
CMONO.g5666.t1	18	132	205	299	389	441	519	640
CNOUR.g15625.t1	133	568
CPLIC.g8687.t1	93	260	601	878
CREMA.FL82_19163-RA	259	655	1055
CSINI.Csp5_scaffold_00743.g15039.t1	31	278	463	898
CSP21.g4981.t1	48	203	348	421	515	605	657	786	865	1020	1115
CSP26.g7096.t1	114	299	734
CSP28.g5914.t1	5	202	637
CSP29.g18963.t1	32	229	664
CSP31.g25508.t1	60	317	568
CSP32.g13926.t1	5	214
CSP34.Sp34_50246200.t1	5	190	625	709	769	821
CSP38.g1149.t1	60	227	317	571
CSP39.g1703.t1	133	568
CSP40.g15949.t1	8	193	628
CTROP.Csp11.Scaffold629.g15754.t1	76	511
CVIRI.g14320.t1	51	124	218	559	935
DCORO.DCO_013991	360	527	669	747	889
