CAFRA.g8771.t1	22	333	528	625	716	1071	1847	2657	2779
CANGA.Cang_2012_03_13_00024.g1481.t2	31	163	351	643	837	1110	1417	1563	1671	1758
CBREN.CBN21961	22	324	546	643	734	1086	1390	1856	2380	2663	2782
CBRIG.CBG14691	67	387	633	869	1221	1504	2494	2777
CCAST.g17228.t1	19	151	309	601	795	1056	1363	1509	2353	2636	2764
CDOUG.g527.t1	22	336	558	655	746	1098	1405	2395	2678	2800
CELEG.C25F6.2a	22	339	558	655	746	1098	1405	1874	2398	2681	2803
CJAPO.CJA04815	22	154	339	534	631	722	1077	1384	2371	2654	2776
CKAMA.g3264.t1	17	91	408	603	700	791	1146	1453	1919	2440	2723	2845
CLATE.FL83_00499-RA	22	342	564	661	752	1107	1414	1880	2404	2687	2809
CMONO.g19867.t1	22	154	336	444	522	619	710	813	1056	1209	1363	1491	1593	1714	1814	1922	2025	2173	2227	2329	2499	2612	2740
CNOUR.g798.t1	22	154	336	531	628	719	1071	1378	2365	2648	2770
CPLIC.g11672.t1	22	154	330	462	540	637	728	1233	1393	1741	1965	2203	2359	2529	2642	2770
CREMA.FL82_01209-RA	91	411	633	730	821	1176	1483	1949	2473	2756	2878
CSINI.Csp5_scaffold_00154.g5787.t1	22	339	564	661	752	1104	1411	1877	2401	2684	2806
CSP21.g8774.t1	22	157	465	543	731	834	1104	1251	1411	1545	1647	1768	1868	1995	2082	2236	2290	2392	2562	2675	2797
CSP26.g13300.t1	22	339	546	643	734	1086	1393	1859	2383	2666	2788
CSP28.g10502.t1	19	151	330	525	622	713	1065	1372	2362	2645	2767
CSP29.g3905.t1	19	151	333	528	625	716	1068	1375	2362	2645	2767
CSP31.g9076.t1	28	480	643	1080	1381	1871	2233	2389	2672	2803
CSP32.g136.t1	22	336	531	628	719	1074	1850	2660	2782
CSP34.Sp34_X0238800.t1	22	342	552	649	740	1092	1399	1868	2389	2672	2791
CSP38.g9463.t1	22	154	369	658	749	852	1113	1420	1569	2413	2696	2824
CSP39.g21649.t1	22	154	333	528	625	716	1059	1366	2356	2639	2752
CSP40.g17653.t1	22	339	561	658	749	1101	1408	1874	2398	2681	2803
CTROP.Csp11.Scaffold626.g6622.t3	104	181	498	720	817	908	1260	1567	2557	2840	2962
CVIRI.g10593.t1	21	142	324	447	622	713	816	1068	1372	1524	2365	2648	2776
DCORO.DCO_004029	22	154	354	558	655	849	971	1216	1338	1557	1780	1880	2004	2091	2254	2308	2410	2580	2693	2785
