CAFRA.g18404.t1	63	227	345	534	659	810	942	1037	1142	1200	1306	1393	1594	1737	2028	2297	2427	2495
CANGA.Cang_2012_03_13_00167.g6072.t1	122
CBREN.CBN23389	63	1023	1118	1282	2351	2481
CBRIG.CBG22378	69	722	873	1106	1223	1387	2114	2244
CCAST.g11546.t1	227	630	686	1064	1181	1345	1663	2247	2529	2597
CDOUG.g16112.t1	63	227	722	873	1211	1375	2450	2580
CELEG.Y45F10D.7	63	227	716	867	1181	1767	2414
CJAPO.CJA09540	227	345	713	864	1088	1190	1248	1354	1687	1830	2121	2393	2523	2591
CKAMA.g5787.t1	63	227	345	713	864	996	1097	1193	2139	2237
CLATE.FL83_07616-RA	63	227	716	867	999	1094	1199	1330	2402	2532
CMONO.g17226.t1	63	192	271	428	579	711	806	923	981	1087	1197	1286	1408	1551	1659	1836	1956	2105	2235	2303
CNOUR.g22265.t1	63	227	345	710	861	993	1088	1184	1242	1348	1489	1632	1923	2189	2319	2387
CPLIC.g5121.t1	122	608	762	1164	1270	2279	2409	2477
CREMA.FL82_04804-RA	63	227	716	867	999	1094	1199	1318
CSINI.Csp5_scaffold_03817.g31328.t1	63	746	897	1029	1220	1384	2426
CSP21.g15858.t1	63	227	345	477	556	713	864	996	1208	1266	1372	1476	1687	1803	1911	2115	2381	2511	2579
CSP26.g6063.t1	63	752	903	1035	1226	1390	1671	2429	2559
CSP28.g7702.t1	63	428	431	582	690	800	899	910	1053	1305
CSP29.g2783.t1	40	114	278	396	761	912	1044	1139	1238	1296	1357	1500	1791	1859
CSP31.g5078.t1	63	227	345	713	996	1091	1208	1266	1372	1702	1845	2256	2408	2538	2606
CSP32.g8737.t1	63	227	345	713	864	996	1085	1181	1239	1345	1684	1827	2118	2517	2585
CSP34.Sp34_40269400.t1	63	227	713	864	996	1088	1187	1782	2426	2556	2735
CSP38.g6859.t1	63	227	710	1088	1205	1369	1681	2256	2538	2606
CSP39.g8736.t1	63	227	345	710	861	993	1082	1184	1242	1348	1386	1450	1593	1884	2150	2280	2348
CSP40.g16949.t1	63	746	897	1029	1241	1405	1689	2079	2489	2619
CTROP.Csp11.Scaffold629.g16376.t1	63	227	716	867	999	1094	1196	1360	2429
CVIRI.g8947.t1	227	345	864	996	1091	1208	1266	1372	1556	1821	2115	2387	2517	2585
DCORO.DCO_004059	105	173	259	332	450	579	658	815	966	1098	1193	1311	1368	1474	1587	1721	1807	1950	2058	2256	2376	2525	2655	2723
