CAFRA.g15207.t1	83	148	1989
CANGA.Cang_2012_03_13_04890.g19193.t2	519
CBREN.CBN19926	83	148	416	1594	1995
CBRIG.CBG04558	83	148	416	1597	1998
CCAST.g9946.t1	83	148	1716	2043
CDOUG.g14243.t1	83	148	416	1594	1995
CELEG.C47E8.7.1	83	148	416	1594	1998
CJAPO.CJA16784	83	148	416	1594	1998
CKAMA.g258.t1	82	357	436	539	604	872	2050	2451
CLATE.FL83_11922-RA	83	148	416	1597	1998
CMONO.g16234.t1	83	148	416	498	687	742	878	963	1152	1238	1366	1473	1520	1597	1719	1876	1992	2046
CNOUR.g6985.t1	83	148	1591	1986
CPLIC.g13374.t1	83	148	290	687	878	1152	1366	1520	1594	1716	1873	1989	2043
CREMA.FL82_16033-RA	83	148	416	1597	1998
CSINI.Csp5_scaffold_00361.g10114.t1	83	148	416	1597	1998
CSP21.g10368.t1	83	148	290	416	498	687	742	878	963	1071	1152	1238	1366	1473	1520	1594	1716	1836	1980
CSP26.g1173.t1	83	148	416	1594	1995
CSP28.g13197.t1	83	148	416	1591	1986
CSP29.g17220.t1	83	148	1591	1986
CSP31.g18666.t1	83	148	290	1238	1716	1873	1989
CSP32.g15624.t1	83	148	1594	1989
CSP34.Sp34_50349400.t1	83	148	416	1597	1998
CSP38.g2031.t1	83	148	290	1716	1873	2043
CSP39.g7480.t1	377	848	1443	1838
CSP40.g23667.t1	83	148	416	1597	1998
CTROP.Csp11.Scaffold629.g15915.t1	296	1480	1881
CVIRI.g5799.t1	83	148	290	416	687	1238	1366	1594	1876	1992
DCORO.DCO_005773	86	151	293	501	690	745	881	1155	1600	1731	1888	2058
