CAFRA.g1034.t1	114	176	308	411
CANGA.Cang_2012_03_13_00336.g9397.t1	176	228	308	414	618	801
CBREN.CBN18492	117	179	231	311	414
CBRIG.CBG19963	18	98	201
CCAST.g12418.t1	176	228	308	414
CDOUG.g22838.t1	117	179
CELEG.Y4C6B.7a	114	176	228	308	414
CJAPO.CJA13099	114	176	228	308	414
CKAMA.g16335.t1	52	132	218
CLATE.FL83_11833-RA	114	176	228	308	417
CMONO.g7735.t1	111	173	225	305	387
CNOUR.g10018.t2	114	176	228	308	405
CPLIC.g2869.t1	179	231	311	381
CREMA.FL82_04384-RA	114	176	228	308	417
CSINI.Csp5_scaffold_01473.g21138.t1	123	185	237	317	429
CSP21.g14.t1	108	170	222	302
CSP26.g7032.t1	117	179	231	311	423
CSP28.g3237.t1	120	263	315	395	501
CSP29.g16757.t1	114	176	228	308	405
CSP31.g21525.t1	117	179	311	381
CSP32.g3871.t1	114	176	308	417
CSP34.Sp34_40333300.t1	114	176	228	308	411
CSP38.g9105.t1	173	225	305	408
CSP39.g2886.t1	114	176	228	308	411
CSP40.g1155.t1	120	182	234	314	426
CTROP.Csp11.Scaffold494.g2173.t1	117	179	231	311	414
CVIRI.g1097.t1	228	308	408
DCORO.DCO_021807	111	225	268	305
