CAFRA.g2466.t1	44	201	358	673	1080	1135	1194
CANGA.Cang_2012_03_13_00353.g9632.t1	354	468
CBREN.CBN30357	87	244	393	547	954	1009	1068
CBRIG.CBG12215	172	192	552	706	1113	1168	1227
CCAST.g14176.t1	244	393	547	954	1009	1068
CDOUG.g7340.t2	87	244	408	562	969	1024	1083
CELEG.Y106G6E.6	87	244	393	547	954	1009	1068
CJAPO.CJA15800	66	220	627	682	741
CKAMA.g7806.t1	87	450	604	1011	1066	1125
CLATE.FL83_18857-RA	87	244	393	547	954	1009	1068
CMONO.g20018.t2	50	204	361	510	664	831	916	1071	1129	1185
CNOUR.g6686.t1	53	210	367	516	670	1077	1132	1191
CPLIC.g6192.t1	59	216	373	522	676	843	928	1083	1197
CREMA.FL82_23168-RA	87	244	393	547	954	1009	1068
CSINI.Csp5_scaffold_01740.g22839.t2	29	186	343	492	646	1053	1108	1167
CSP21.g9314.t1	32	189	346	495	649	816	1056	1170
CSP26.g2435.t2	157	314	478	632	1039	1094	1153
CSP28.g8550.t1	87	444	598	1005	1116
CSP29.g10281.t1	35	192	349	498	652	1059	1114	1173
CSP31.g7219.t1	35	192	349	498	652	819	904	1059	1114	1170
CSP32.g8624.t1	87	244	559	966	1021	1080
CSP34.Sp34_10184910.t1	38	195	352	501	655	1062	1117	1176
CSP38.g22089.t1	32	346	495	649	901	1056	1111	1170	1305	1452
CSP39.g5639.t1	87	244	405	559	966	1021	1080
CSP40.g21009.t1	53	210	367	531	685	1092	1147	1206
CTROP.Csp11.Scaffold629.g11642.t1	87	244	393	547	954	1009	1068
CVIRI.g10582.t1	50	207	513	667	919	1074	1129	1188
DCORO.DCO_010655	62	139	246	403	552	706	845	958	1113	1221
