CAFRA.g10195.t1	110	463	629	774	946	1022
CANGA.Cang_2012_03_13_00574.g12379.t1	29	687	911
CBREN.CBN04311	355	521	660	826	902
CBRIG.CBG19566	325	491	630	796	872
CCAST.g4843.t1	113	771	995
CDOUG.g13216.t1	101	457	623	762	937	1013
CELEG.T05A8.5	101	460	759	925	1001
CJAPO.CJA16960	355	521	660	826	902
CKAMA.g3902.t1	101	464	614	753	919	995
CLATE.FL83_21174-RA	101	457	623	762	928	1004
CMONO.g2026.t1	92	213	288	436	534	602	744	901	974
CNOUR.g11335.t1	92	451	617	756	922	998
CPLIC.g3285.t1	110	237	460	626	768	928	998
CREMA.FL82_07089-RA	101	457	623	762
CSINI.Csp5_scaffold_00304.g9065.t1	325	491	630	796	872
CSP21.g16201.t1	101	228	303	451	549	617	759	916	986
CSP26.g5010.t1	277	443	582	748	824
CSP28.g10376.t1	358	663	829	905
CSP29.g17096.t1	358	524	652	781	854
CSP31.g3095.t1	104	439	605	744	904	974
CSP32.g11084.t1	101	457	623	762	928	1004
CSP34.Sp34_20041710.t1	101	460	626	765	931	1007
CSP38.g9254.t1	113	998
CSP39.g21733.t1	104	463	629	754	959
CSP40.g3228.t1	104	460	765	931	1007
CTROP.Csp11.Scaffold629.g14724.t1	310	476	612	745	851
CVIRI.g873.t1	56	868	938
DCORO.DCO_013839	59	186	261	409	507	717	877
