CAFRA.g5296.t1	63	221	525	1285	1429
CANGA.Cang_2012_03_13_15502.g25059.t1	
CBREN.CBN01147	63	221	525	699	1282	1417
CBRIG.CBG01545	63	221	525	690	1318
CCAST.g2221.t1	63	1105	1324
CDOUG.g1717.t1	221	525	699	1300	1435
CELEG.Y42H9AR.1.1	63	221	525	699	1351
CJAPO.CJA43085	63	221	696
CKAMA.g18610.t1	63	221	525	693	1204	1342
CLATE.FL83_15960-RA	63	221	525	699	1333	1468
CMONO.g5150.t1	63	144	221	357	525	645	708	979	1164	1213	1303	1405	1534
CNOUR.g3505.t1	63	221	525	1267	1405
CPLIC.g10010.t1	63	221	690	1261	1360	1456
CREMA.FL82_03326-RA	63	221	525	699	1327	1462
CSINI.Csp5_scaffold_00273.g8452.t1	63	221	525	699	1339	1474
CSP21.g7052.t1	63	144	221	357	645	850	1005	1273
CSP26.g15905.t1	63	221	525	699	1288	1360
CSP28.g14078.t1	63	221	525	1258	1396
CSP29.g3225.t1	63	221	525	1273	1411
CSP31.g17111.t1	63	144	221	357	525	693	1288	1429
CSP32.g12792.t1	63	221	525	1222	1363
CSP34.Sp34_40109000.t1	63	221	525	699	988	1189	1324
CSP38.g8587.t1	63	144	525	1129	1285
CSP39.g7433.t1	63	221	525	1246	1381
CSP40.g12898.t1	63	221	525	1300	1435
CTROP.Csp11.Scaffold629.g8477.t1	63	221	525	699	1279	1414
CVIRI.g3940.t1	63	144	221	525	696	1204	1276	1363
DCORO.DCO_001547	63	144	221	279	357	442	525	657	732	905	999	1125	1232	1384	1468	1582
