CAFRA.g12271.t1	18	108	1009
CANGA.Cang_2012_03_13_00101.g4353.t1	21	111	556	774	879	1188	1267
CBREN.CBN22306	306	760	975	1080	1207	1389
CBRIG.CBG12429	42	132	502	586	801	906	1033	1215
CCAST.g1478.t1	21	111	556	879	1188
CDOUG.g3751.t1	18	108	478	562	882	1191
CELEG.W06D4.1	18	108	478	562	777	882	1009	1191
CJAPO.CJA01316	90	756	861	988	1170
CKAMA.g2930.t1	18	108	478	562	882	1009	1191
CLATE.FL83_05146-RA	18	87	430	729	961	1143
CMONO.g15157.t1	106	205	306	396	473	536	633	760	844	940	1059	1164	1291	1366	1473	1581	1669	1751	1879
CNOUR.g21267.t1	18	108	475	774	879	1188
CPLIC.g8088.t1	24	114	254	481	888	1015
CREMA.FL82_15710-RA	18	87	430	729	961	1143
CSINI.Csp5_scaffold_00453.g11569.t1	15	105	475	559	774	879	1188
CSP21.g7364.t2	168	276	411	635	741	868	1272	1382	1581
CSP26.g17014.t1	18	108	478	777	882	1191
CSP28.g11342.t1	18	108	475	774	1188	1296	1448	1576
CSP29.g11140.t1	27	96	463	762	867	1176	1228	1379	1507
CSP31.g24518.t1	18	108	882	1009	1191
CSP32.g13059.t1	21	111	783	1015
CSP34.Sp34_10116400.t1	18	108	478	562	777	882	1009	1191
CSP38.g4152.t1	21	111	550	870	1179
CSP39.g3983.t1	15	105	475	774	1188
CSP40.g24187.t1	18	108	478	777	882	1191	1310	1466	1594
CTROP.Csp11.Scaffold501.g2288.t1	18	108	478	562	777	882	1191
CVIRI.g6891.t1	18	108	351	891	1018	1200
DCORO.DCO_011529	24	114	191	254	351	478	658	777	882	1009	1084	1191
