CAFRA.g17295.t1	169	490	573	651	750	848
CANGA.Cang_2012_03_13_00298.g8745.t1	172	334	493	576	672	771	786	928
CBREN.CBN09520	181	499	582	660	750	807	905	1199
CBRIG.CBG06677	190	508	591	660	759	851
CCAST.g16208.t1	175	337	496	579	675	774	1053	1195
CDOUG.g9307.t1	175	493	576	654	753	851
CELEG.C56A3.6a.1	178	496	579	660	759	816	914
CJAPO.CJA08608	172	493	576	633	731
CKAMA.g14684.t1	175	493	576	654	756	813	911
CLATE.FL83_03800-RB	178	496	579	660	759	816	914
CMONO.g18620.t1	166	322	481	564	636	735	833	938	1014	1156	1281
CNOUR.g11860.t1	169	487	570	642	741	839
CPLIC.g12616.t2	97	213	478	648	753	825	908	1090	1411	1494	1572	1671	1728	1826	1931	2149
CREMA.FL82_10917-RA	178	496	579	660	759	816	914
CSINI.Csp5_scaffold_00119.g4826.t1	178	496	579	660	759	857
CSP21.g9398.t1	166	322	481	564	636	735	833	938	1014	1156	1281
CSP26.g1891.t1	178	496	579	660	759	857
CSP28.g16315.t1	178	496	579	678	776
CSP29.g19623.t1	169	487	570	669	767
CSP31.g12084.t1	193	352	511	594	660	759	857	1038	1180	1373	1446	1529	1595
CSP32.g8273.t1	169	490	573	651	750	848
CSP34.Sp34_50161800.t1	175	493	576	657	756	813	911
CSP38.g1983.t1	172	334	493	576	669	768	1047	1189
CSP39.g9175.t1	175	493	576	648	750	848
CSP40.g7733.t1	178	496	579	657	756	854
CTROP.Csp11.Scaffold524.g2981.t1	178	496	579	825	1031
CVIRI.g6601.t1	184	340	499	582	651	750	848	1029	1171
DCORO.DCO_010361	223	379	538	621	708	807	905	1010	1087	1228
