CAFRA.g8376.t1	147	288	834
CANGA.Cang_2012_03_13_00305.g8885.t1	141	396	666	804	969	1134
CBREN.CBN25709	147	282	693	831	1008
CBRIG.CBG03013	147	825	996
CCAST.g7151.t1	141	396	687	825	990
CDOUG.g8434.t1	147	282	690	828	1002
CELEG.R06F6.1	102	237	651	957
CJAPO.CJA07074	147	282
CKAMA.g14560.t1	147	282	681	819	990
CLATE.FL83_17670-RA	147	282	693	831	999
CMONO.g5875.t1	150	297	414	600	744	882	1044
CNOUR.g22370.t1	147	282	693	831	990
CPLIC.g2448.t1	150	402	690	828	990
CREMA.FL82_05364-RA	147	282	693	831	999
CSINI.Csp5_scaffold_00036.g1977.t1	147	282	996
CSP21.g9096.t1	132	252	369	531	666	804	966	1116
CSP26.g1688.t1	147	282	996
CSP28.g11651.t1	150	288	828	990
CSP29.g9904.t1	147	282	693	831	990
CSP31.g16564.t1	153	294	414	693	831	996
CSP32.g2435.t1	147	288	831
CSP34.Sp34_20341710.t1	147	282	693	999
CSP38.g7708.t1	156	279	411	702	1005
CSP39.g27686.t1	147	282	696	834	996
CSP40.g11552.t1	147	282	993
CTROP.Csp11.Scaffold618.g6077.t1	147	282	681	819	993
CVIRI.g11168.t1	156	297	420	855
DCORO.DCO_013381	90	219	486	596	757	846	942	1014
