CAFRA.g4929.t1	35	151	515	711	817	924
CANGA.Cang_2012_03_13_00085.g3881.t1	35	151	264	361	607	705	811
CBREN.CBN12377	35	148	358	512	699	805	912
CBRIG.CBG00121	35	148	358	512	699	805	912
CCAST.g18765.t1	35	145	258	355	601	699	805
CDOUG.g2636.t1	35	148	358	512	702	808	915
CELEG.T18D3.3a	35	148	358	512	696	802	909
CJAPO.CJA04305	35	151	361	515	705	811	918
CKAMA.g977.t1	103	313	467	714	820	927	1097	1525	1991	2094	2264	2407
CLATE.FL83_03398-RA	35	151	361	515	702	808	915	1074
CMONO.g16502.t1	35	127	240	337	491	580	687	793	900
CNOUR.g3397.t1	35	145	355	509	696	802	909
CPLIC.g10889.t1	38	261	358	512	583	687	793	900
CREMA.FL82_02010-RA	35	151	361	515	702	808	915
CSINI.Csp5_scaffold_00076.g3493.t1	35	148	358	512	699	805	912
CSP21.g5906.t1	35	142	255	352	506	607	717	823	930
CSP26.g16705.t1	35	148	358	512	699	805	912
CSP28.g14811.t1	35	148	358	512	693	799	906
CSP29.g6490.t1	186	292	399
CSP31.g5612.t1	38	142	255	506	589	693	799	906
CSP32.g11428.t1	35	151	515	702	808	915
CSP34.Sp34_X0224200.t1	35	148	358	512	702	808	915
CSP38.g12149.t1	35	133	246	343	583	681	787
CSP39.g15622.t1	35	148	512	699	805	912
CSP40.g12156.t1	35	148	358	512	699	805	912
CTROP.Csp11.Scaffold630.g18783.t1	166	320	495	601	708
CVIRI.g3620.t1	35	145	258	355	586	687	793	900
DCORO.DCO_001241	53	169	282	379	533	628	676	732	838	945	1090	1109	1272	1368	1455	1594	1662	1752	1832	1977	2114	2184	2258	2403	2498	2639	2742
