CAFRA.g9760.t1	52	1163	1687	2523
CANGA.Cang_2012_03_13_00089.g4019.t2	43	374	843	920	1101	1303	1834	2415	2652
CBREN.CBN23466	64	398	1178	1699	2430	2559
CBRIG.CBG02604	395	1175	1696	2427	2556
CCAST.g8809.t1	43	374	1074	1151	1672	2505
CDOUG.g883.t1	64	395	1175	1696	2427	2556
CELEG.T24H7.2	61	392	1172	1693	2427	2556
CJAPO.CJA11497	58	389	1169	1690	2418
CKAMA.g18947.t1	58	389	1169	1690	2550
CLATE.FL83_04491-RA	92	274	401	469	800	1580	2101	2832	2961
CMONO.g779.t1	51	160	224	397	524	566	749	936	993	1114	1272	1446	1523	1656	1761	1847	1956	2041	2142	2273
CNOUR.g10729.t1	395	1175	1696	2421
CPLIC.g11691.t1	52	383	477	627	738	1086	1163	1251	1593	1678	1791	1860	1985	2142	2376	2646
CREMA.FL82_12115-RA	64	395	1175	1696	2427	2556
CSINI.Csp5_scaffold_02189.g25319.t1	64	395	1175	1696	2427	2556
CSP21.g5580.t1	52	200	383	477	570	627	912	1086	1163	1401	1487	1678	2030	2421	2550	2691
CSP26.g5282.t1	64	395	1175	1696	2427	2556
CSP28.g15381.t1	64	395	1175	1696	2424	2553
CSP29.g1318.t1	395	1175	1696	2421
CSP31.g14234.t1	203	386	741	1166
CSP32.g1644.t1	52	1163	1687	2526
CSP34.Sp34_20129900.t1	64	395	1175	1441	1534	2268	2397
CSP38.g1883.t1	43	374	615	1074	1151	1672	2514
CSP39.g9542.t1	395	1175	1696	2418	2547
CSP40.g8593.t1	64	395	1175	1696	2424	2553
CTROP.Csp11.Scaffold629.g11617.t1	64	395	1175	1696	2427	2556
CVIRI.g6322.t1	52	200	627	1163	1672	1988	2145	2379	2616
DCORO.DCO_004289	70	120	218	332	398	489	582	657	750	870	924	1004	1098	1175	1236	1308	1413	1530	1594	1687	1887	2021	2178	2307	2415	2544	2721
