CAFRA.g16138.t1	328	540
CANGA.Cang_2012_03_13_00023.g1435.t1	203	307	519
CBREN.CBN11052	215	328	540
CBRIG.CBG01903	224	340	552
CCAST.g13868.t1	203	307	519
CDOUG.g1161.t1	212	325	537
CELEG.R07B1.1	209	322	534
CJAPO.CJA00196	218	331	543
CKAMA.g9182.t1	212	325	537
CLATE.FL83_01455-RA	212	325	537
CMONO.g13349.t1	212	319	531
CNOUR.g17343.t1	209	322	534
CPLIC.g8949.t1	206	564
CREMA.FL82_21104-RA	212	325	537
CSINI.Csp5_scaffold_00072.g3355.t1	150	365	478	690
CSP21.g9987.t1	179	289	501
CSP26.g954.t1	212	325	537
CSP28.g8219.t1	319	531	671	744	1026
CSP29.g1626.t1	90	308	421	633	767	1074
CSP31.g19176.t1	340	552
CSP32.g17445.t1	328	540
CSP34.Sp34_X0060500.t1	215	328	540
CSP38.g17912.t1	206	310	522
CSP39.g20852.t1	322	534
CSP40.g20066.t1	206	319	531
CTROP.Csp11.Scaffold629.g13610.t2	263	376	588
CVIRI.g820.t1	206	310	522
DCORO.DCO_019009	30	102	221	340	468	552
