CAFRA.g16767.t1	118	244	366	555
CANGA.Cang_2012_03_13_00319.g9126.t1	118	555
CBREN.CBN01912.1	118	244	366	555
CBRIG.CBG18317	118	244	366	555
CCAST.g14704.t1	118	555
CDOUG.g1081.t1	118	244	366	555
CELEG.K01G5.4	118	244	366	555
CJAPO.CJA10903	118	244	366	555
CKAMA.g8996.t1	118	244	366	555
CLATE.FL83_11456-RA	118	244	366	555
CMONO.g3778.t1	118	244	366	555
CNOUR.g13012.t1	118	244	366	555
CPLIC.g7728.t1	118	244	366	555
CREMA.FL82_20755-RA	118	244	366	555
CSINI.Csp5_scaffold_00257.g8093.t1	114	253	375	564
CSP21.g4315.t1	118	244	366	555
CSP26.g4896.t1	118	244	366	555
CSP28.g4782.t1	118	244	366	555
CSP29.g2614.t1	118	244	366	555
CSP31.g10505.t1	118	244	555
CSP32.g2658.t1	118	244	366	555
CSP34.Sp34_30112700.t1	118	244	366	555
CSP38.g7758.t1	118	244	366	555
CSP39.g1064.t1	118	244	366	555
CSP40.g398.t1	118	244	366	555
CTROP.Csp11.Scaffold628.g7305.t1	118	244	366	555
CVIRI.g9835.t1	118	244	366
DCORO.DCO_019903	118	244	366	432	555
