CAFRA.g19283.t1	87	271	413	773
CANGA.Cang_2012_03_13_00806.g14256.t1	256	398	734
CBREN.CBN03210	96	280	422	806
CBRIG.CBG08311	90	280	422	806
CCAST.g18641.t1	256	398	734
CDOUG.g3690.t1	99	283	425	824
CELEG.ZC416.1	90	274	416	779
CJAPO.CJA11982	87	271	413	830
CKAMA.g18599.t1	93	277	419	791
CLATE.FL83_21387-RA	90	274	416	791
CMONO.g18874.t1	75	150	256	398	553	665	798
CNOUR.g22772.t1	87	271	413	526	737
CPLIC.g5893.t2	84	268	410	746
CREMA.FL82_03140-RA	90	274	416	791
CSINI.Csp5_scaffold_00165.g6073.t1	174	361	503	878
CSP21.g14280.t1	69	259	401	538	620	750
CSP26.g8736.t1	93	280	422	803
CSP28.g12571.t1	87	271	413	785
CSP29.g3388.t1	87	271	413	526	737
CSP31.g7869.t1	84	268	410	734
CSP32.g10540.t1	87	271	413	773
CSP34.Sp34_40085000.t1	90	274	416	797
CSP38.g18304.t1	253	395	704
CSP39.g29350.t1	87	271	413	788
CSP40.g14106.t1	93	280	422	800
CTROP.Csp11.Scaffold629.g8724.t2	51	140	231	415	557	944
CVIRI.g14402.t1	259	401	580	731
DCORO.DCO_017325	114	195	276	443	583	743	798
