CAFRA.g13889.t1	108	165	299	426	578	729	897	1038	1205
CANGA.Cang_2012_03_13_00035.g1992.t1	108	578	729	1038	1205
CBREN.CBN24082	108	165	299	426	578	729	897	1038	1205
CBRIG.CBG14519	108	165	299	426	578	729	897	1038	1205
CCAST.g2758.t1	108	578	729	1038	1205
CDOUG.g3409.t1	108	165	299	426	578	729	897	1038	1205
CELEG.K02G10.3.1	108	165	299	426	578	729	897	1038	1205
CJAPO.CJA03217	108	165	299	426	578	729	897	1038	1205
CKAMA.g3162.t1	108	165	299	426	578	729	870	1037
CLATE.FL83_00628-RA	108	165	299	426	578	729	897	1038	1205
CMONO.g17198.t1	41	168	320	471	636	777
CNOUR.g10708.t1	108	165	299	426	578	729	897	1038	1205
CPLIC.g6749.t1	108	165	299	426	578	729	897	1035	1202
CREMA.FL82_01073-RA	108	165	266	393	545	696	864	1005	1172
CSINI.Csp5_scaffold_00053.g2699.t1	108	165	299	426	578	729	897	1038	1205
CSP21.g5278.t1	108	165	299	426	578	729	897	1038	1205
CSP26.g22009.t1	108	165	299	426	578	729	897	1038	1205
CSP28.g9827.t1	108	165	299	426	578	729	897	1038	1205
CSP29.g11527.t1	108	165	299	426	578	729	897	1038	1205
CSP31.g19138.t1	240	384	694	956	1134	1389	1765	1875	1932	2066	2193	2345	2496	2664	2805	2972
CSP32.g8412.t1	108	165	299	426	578	729	897	1038	1205
CSP34.Sp34_X0252000.t1	3	111	168	302	429	581	732	900	1041	1208
CSP38.g13008.t1	108	578	729	1038	1205
CSP39.g26691.t1	108	165	299	426	578	729	897	1038	1205
CSP40.g12429.t1	108	165	299	426	578	897	1038	1205
CTROP.Csp11.Scaffold622.g6285.t1	3	111	168	302	429	581	732	900	1041	1208
CVIRI.g4293.t1	108	165	299	426	578	729	897	1038	1205
DCORO.DCO_011271	227	299	426	578	729	897	1038	1205
