CAFRA.g16188.t1	165	670	752
CANGA.Cang_2012_03_13_00197.g6776.t1	111	221	619	701	823	921
CBREN.CBN10855	150	658	740
CBRIG.CBG20492	177	682	764
CCAST.g18716.t1	132	182	580	662	784	882
CDOUG.g4881.t1	144	649	731
CELEG.F21F3.1.1	147	652	734
CJAPO.CJA08686	120	625	710
CKAMA.g13884.t1	48	342	553	635	906
CLATE.FL83_23856-RA	171	676	758
CMONO.g5260.t1	78	185	270	369	580	662	784	876
CNOUR.g8403.t1	141	646	728
CPLIC.g3088.t1	126	236	625	707	829	927
CREMA.FL82_08531-RA	174	679	761
CSINI.Csp5_scaffold_01098.g18373.t1	192	697	779
CSP21.g12245.t1	141	251	336	646	674	796	900
CSP26.g9546.t1	192	697	779
CSP28.g2844.t1	138	643	725
CSP29.g17413.t1	141	646	728
CSP31.g142.t1	213	507	718	800	922	1020
CSP32.g15408.t1	156	661	743
CSP34.Sp34_10079200.t1	144	649	731
CSP38.g4842.t2	135	245	640	722	844	942
CSP39.g22027.t1	135	640	722
CSP40.g19224.t1	204	709	791
CTROP.Csp11.Scaffold630.g17592.t1	132	637	719
CVIRI.g12462.t1	159	269	667	871	969
DCORO.DCO_010997	26	267	435	545	633	732	843	940	1025	1147	1251
