CAFRA.g13939.t1	79	189	354	489	604
CANGA.Cang_2012_03_13_00094.g4171.t1	73	699
CBREN.CBN00576	64	177	339	474	589	681
CBRIG.CBG02569	67	174	333	468
CCAST.g2333.t1	73	696
CDOUG.g923.t1	67	186	345	480	595	687
CELEG.R12C12.2	67	180	336	471	586	678
CJAPO.CJA12268	79	189	351	486	601	690
CKAMA.g18911.t1	70	183	348	598	687
CLATE.FL83_04462-RA	64	171	330	465	580	672
CMONO.g966.t1	41	73	132	276	391	480	543	636
CNOUR.g15479.t1	79	189	351	486	601	690
CPLIC.g12063.t1	73	183	747	930
CREMA.FL82_12086-RA	64	171	330	465	580	672
CSINI.Csp5_scaffold_00318.g9301.t1	76	183	342	477	592	684
CSP21.g5317.t1	61	168	228	318	453	568	720	813
CSP26.g11037.t1	76	183	339	474	589	681
CSP28.g11010.t1	79	189	351	486	601	690
CSP29.g1285.t1	79	189	351	486	601	690
CSP31.g14023.t1	120	235	324	387	561
CSP32.g16455.t1	79	189	354	489	604
CSP34.Sp34_20123600.t1	76	189	342	477	592	684
CSP38.g9347.t1	73	180	345	483	598	687
CSP39.g9354.t1	79	189	252	387	637	726
CSP40.g8621.t1	76	183	342	477	592	684
CTROP.Csp11.Scaffold629.g16432.t1	70	183	342	477	592	684
CVIRI.g11832.t1	76	369	504	619	783	951
DCORO.DCO_013861	82	249	351	489	604	658	759	852
