CAFRA.g4380.t1	137	264	554	627	784	1092	1353	1452	1610
CANGA.Cang_2012_03_13_00160.g5925.t1	203
CBREN.CBN02559	134	261	454	639	790	948	1101	1374	1473	1631
CBRIG.CBG10933	134	261	454	545	618	769	942	1401	1500	1658
CCAST.g3230.t1	5	95	222	509	815	1416	1574
CDOUG.g4668.t1	134	261	454	545	618	772	939	1092	1353	1452	1610
CELEG.F14B8.7	134	261	451	542	615	766	933	1086	1347	1446	1604
CJAPO.CJA09824	137	264	457	548	621	778	1086	1347	1446	1604
CKAMA.g3364.t1	143	270	295	386	459	610	777	930	1191	1290	1448
CLATE.FL83_00268-RA	193	284	357	508	633	786	1047	1146	1304
CMONO.g11297.t1	116	246	390	442	530	603	725	760	827	872	895	963	973	1060	1146	1245	1311
CNOUR.g18941.t1	137	264	457	548	621	778	1089	1350	1449	1607
CPLIC.g8183.t1	122	249	387	439	530	603	725	842	930	1083	1267	1344	1443	1509	1601
CREMA.FL82_01577-RA	140	267	460	551	624	775	918	1071	1332	1431	1589
CSINI.Csp5_scaffold_00029.g1654.t1	128	255	448	539	612	981	1134	1395	1494	1652
CSP21.g1991.t1	122	249	393	536	609	731	951	1104	1288	1365	1464	1622
CSP26.g21098.t1	128	255	448	539	612	763	930	1083	1344	1443	1601
CSP28.g13846.t1	51	182	282	434	592	657	767	931	1088	1202	1326	1556	1665	1856	2019	2094	2192	2291	2592	2667	2860	2951	3024	3181	3336	3489	3849	4007
CSP29.g4111.t1	91	182	255	412	720	981	1080	1238
CSP31.g20637.t1	30	173	300	493	584	814	978	1131	1392	1557	1649
CSP32.g9207.t1	5	104	231	430	521	594	751	1059	1320	1419	1577
CSP34.Sp34_X0197500.t1	5	104	231	424	515	588	739	906	1059	1320	1419	1577
CSP38.g10835.t1	131	258	548	854	1455	1521	1613
CSP39.g380.t1	5	104	231	424	515	588	751	906	1059	1419	1577
CSP40.g10857.t1	128	255	448	539	612	763	933	1086	1347	1446	1604
CTROP.Csp11.Scaffold570.g4240.t1	134	261	454	545	618	769	933	1086	1347	1446	1604
CVIRI.g11107.t1	14	107	234	430	521	594	716	751	824	1065	1326	1491	1583
DCORO.DCO_007643	47	179	303	499	599	672	794	902	990	1063	1146	1330	1407	1506	1572	1664
