CAFRA.g7385.t1	196	294	551	687	757	922	1047	1184	1362
CANGA.Cang_2012_03_13_00066.g3218.t1	58	400	742	1004	1185
CBREN.CBN15282	193	291	548	681	751	916	1041	1178	1353
CBRIG.CBG03807	199	297	554	690	760	925	1050	1187	1362
CCAST.g8357.t1	124	466	554	690	760	925	1187	1365
CDOUG.g10401.t1	196	294	551	687	757	922	1047	1184	1362
CELEG.F26E4.1	196	294	551	687	757	922	1047	1184	1359
CJAPO.CJA10796	187	285	542	678	748	913	1175	1356
CKAMA.g11548.t1	98	355	561	726	851	988
CLATE.FL83_22055-RA	199	303	560	696	766	931	1056	1193	1371
CMONO.g14254.t1	103	172	270	439	527	660	730	815	895	1020	1157	1344
CNOUR.g8939.t1	199	303	560	766	931	1056	1371
CPLIC.g8775.t1	106	181	279	448	536	742	907	1032	1341
CREMA.FL82_16644-RA	199	303	560	696	766	931	1056	1193	1371
CSINI.Csp5_scaffold_00607.g13480.t2	199	306	563	699	769	934	1059	1196	1371
CSP21.g724.t1	79	151	249	418	506	639	709	874	999	1136	1290
CSP26.g3680.t2	193	300	557	693	763	928	1053	1190	1365
CSP28.g764.t1	202	300	557	693	763	928	1368
CSP29.g10417.t1	199	297	554	760	925	1050	1365
CSP31.g19274.t2	103	175	282	451	539	675	745	910	1035	1172	1350
CSP32.g8006.t2	199	309	566	702	772	937	1062	1199	1377
CSP34.Sp34_10211400.t1	199	297	554	690	760	925	1187	1365
CSP38.g13378.t1	109	184	451	539	675	745	910	1035	1172	1350
CSP39.g19276.t1	208	306	563	769
CSP40.g585.t1	196	303	560	696	766	931	1056	1193	1368
CTROP.Csp11.Scaffold629.g15319.t1	205	312	569	705	775	940	1065	1202	1380
CVIRI.g14043.t1	103	178	276	445	533	739	904	1029	1166	1338
DCORO.DCO_010573	54	127	225	394	479	609	764	844	969	1106	1193	1269	1347
