CAFRA.g6685.t1	46	167	475	595
CANGA.Cang_2012_03_13_00096.g4246.t1	88	573	744
CBREN.CBN15827	103	357
CBRIG.CBG05881	109	363
CCAST.g13700.t1	88	573
CDOUG.g10152.t1	109	363
CELEG.F55G1.9	109	363
CJAPO.CJA08140	106	360
CKAMA.g1633.t1	106	360
CLATE.FL83_18777-RA	324	487	741
CMONO.g7918.t1	70	135	196	318	450	555	648	760
CNOUR.g14051.t1	106	360
CPLIC.g7304.t1	160	286	414	528	642	735
CREMA.FL82_04048-RA	235	444	524	640	894
CSINI.Csp5_scaffold_00060.g2946.t1	106	321
CSP21.g8932.t1	76	141	208	345	564	657
CSP26.g13612.t1	109	363
CSP28.g9108.t1	100	354
CSP29.g3487.t1	94	348
CSP31.g5345.t1	103	229	357	585
CSP32.g16362.t1	29	82	202
CSP34.Sp34_40299710.t1	109	363
CSP38.g8870.t1	94	579	672
CSP39.g12636.t1	106	360
CSP40.g19411.t1	109	363
CTROP.Csp11.Scaffold630.g21163.t1	223	477
CVIRI.g17744.t1	94	220	348	663	872
DCORO.DCO_016975	127	192	253	381	495	600	693	805
