CAFRA.g1357.t1	409	559	736	835	956	1116
CANGA.Cang_2012_03_13_04152.g18639.t1	110	330	493
CBREN.CBN00758	107	256	409	568	751	850	971	1131
CBRIG.CBG02231	107	256	409	568	751	850	971	1131
CCAST.g4569.t1	336	628	808	1028	1191
CDOUG.g9650.t1	107	256	409	568	751	850	971	1131
CELEG.F37D6.6	107	256	409	568	751	850	971	1131
CJAPO.CJA12147b	55	391	544	697	874	973	1094	1254
CKAMA.g7504.t1	136	289	448	631	730	851	1011
CLATE.FL83_05207-RA	107	256	409	568	751	850	971	1131
CMONO.g6033.t1	107	192	333	409	598	793	1013	1173
CNOUR.g16148.t1	107	256	409	559	739	838	959	1119
CPLIC.g1933.t1	264	499	679	778	1089	1191	2503	2887	3396	3610	3932	4302	4481	4530	4707	4778
CREMA.FL82_15774-RA	107	256	409	568	751	850	971	1113
CSINI.Csp5_scaffold_01003.g17480.t2	34	284	433	592	775	874	995	1155
CSP21.g11297.t1	107	192	409	565	739	838	1116
CSP26.g14118.t1	107	256	409	568	751	850	971	1131
CSP28.g11993.t1	289	442	622	842	1002	1104	1692
CSP29.g13696.t1	136	289	439	616	715	836	996
CSP31.g4223.t1	107	409	559	739	959	1119
CSP32.g16877.t1	525	675	852	951	1072	1232
CSP34.Sp34_10216300.t1	95	244	397	562	748	847	968	1128
CSP38.g1729.t1	336	583	763	862	1155
CSP39.g25615.t1	215	364	517	670	850	1070	1230
CSP40.g15167.t1	107	256	409	568	751	850	971	1131
CTROP.Csp11.Scaffold547.g3521.t1	136	289	448	631	730	851	1011
CVIRI.g1803.t1	192	333	568	745	965	1125
DCORO.DCO_012219	107	192	333	568	745	844	965	1140
