CAFRA.g16048.t1	42	261
CANGA.Cang_2012_03_13_00831.g14449.t1	39	156	292	453	1337
CBREN.CBN10251	42	273	384	561	738
CBRIG.CBG14287	42	273	432	732	786	876
CCAST.g1685.t1	39	156	1163
CDOUG.g7981.t1	42	270	381	717	924
CELEG.F35A5.3	42	384	561	648	738	852
CJAPO.CJA15179	42	249	306	594	714	834
CKAMA.g3061.t1	42	264	402	585	672	726	780	846	915
CLATE.FL83_00772-RA	42	270	324	441	495	606	783	933	1119
CMONO.g13236.t1	13	180	295	384	438	570	624	672	748	810	873	968
CNOUR.g7381.t1	42	255	672	903
CPLIC.g10614.t1	42	100	180	804	989
CREMA.FL82_00907-RA	42	270	327	438	615	702	756	942
CSINI.Csp5_scaffold_00003.g224.t1	42	273	465	642	729	783	900
CSP21.g5839.t1	39	115	186	786
CSP26.g12602.t1	42	273	468	645	735	882
CSP28.g10399.t1	42	261	732	930
CSP29.g14663.t1	42	255	666	897
CSP31.g23303.t1	42	100	264	327	390	591	648	735	959
CSP32.g366.t1	42	258	429
CSP34.Sp34_X0264900.t1	42	198	483	570	624	780
CSP38.g20499.t1	39	165	1130
CSP39.g26573.t1	42	261	699	903
CSP40.g22452.t1	42	273	468	645	735	888
CTROP.Csp11.Scaffold630.g18228.t2	42	270	381	558	678	864
CVIRI.g1614.t1	42	198	297	393	486	540
DCORO.DCO_015845	42	124	196	249	717	845	945
