CAFRA.g10657.t1	22	358	479	627	853	980	1147	1328	1419
CANGA.Cang_2012_03_13_00034.g1937.t2	139	358	547	773	940	1221
CBREN.CBN16206	22	139	358	479	627	829	956	1123	1304	1395
CBRIG.CBG02105	22	139	358	479	627	829	956	1123	1440
CCAST.g1291.t1	58	187	406	1028	1195	1476
CDOUG.g4727.t1	22	139	358	479	627	829	956	1304	1395
CELEG.R04B3.1	55	169	388	509	657	892	1019	1186	1367	1458
CJAPO.CJA00898	22	143	291	493	787	968	1059
CKAMA.g1200.t1	124	275	501	596	684	1012	1135	1354	1475	1623	1840	1964	2131	2312	2403
CLATE.FL83_00994-RA	22	139	358	479	627	829	956	1123	1304	1395
CMONO.g12978.t1	34	154	373	494	642	835	974	1141	1322	1413
CNOUR.g6170.t1	55	172	391	512	660	868	995	1162	1343	1434
CPLIC.g9987.t1	100	251	364	477	569	770	868	955	1078	1297	1418	1566	1771	1886	2044	2319
CREMA.FL82_00656-RA	22	139	362	515	663	865	992	1159	1340	1431
CSINI.Csp5_scaffold_00066.g3133.t1	22	139	358	479	627	829	956	1123	1304	1395
CSP21.g15236.t1	10	136	355	476	624	823	941	1108	1298	1389
CSP26.g7182.t1	55	172	391	512	660	862	989	1156	1337	1428
CSP28.g9672.t1	124	275	501	599	687	925	1042	1261	1382	1530	1747	1868	2035	2216	2307
CSP29.g11692.t1	22	139	358	479	627	835	962	1129	1310	1401
CSP31.g21909.t1	49	172	391	512	660	856	983	1153	1337	1428
CSP32.g16645.t1	55	391	512	660	883	1010	1177	1358	1449
CSP34.Sp34_X0101030.t1	58	184	403	524	672	916	1040	1207	1388	1479
CSP38.g17460.t1	61	280	914	1081	1356
CSP39.g1315.t1	15	232	359	526	707	798
CSP40.g18900.t1	22	139	358	479	627	829	956	1123	1304	1395
CTROP.Csp11.Scaffold582.g4614.t2	22	139	358	479	627	829	956	1123	1304	1395
CVIRI.g1181.t1	130	281	507	904	1058	1162	1381	1502	1650	1985	2152	2333	2424
DCORO.DCO_008237	40	193	524	672	880	1112	1282	1340	1466	1557
