CAFRA.g4776.t2	51	123	261	435	612	777	942	1054	1180	1316	1406	1554	1826	1884	2002	2113	2390	2631	2779	2874	3093	3162	3353	3441	3769	3874	3994	4115
CANGA.Cang_2012_03_13_00054.g2820.t2	6	60	198	375	549	661	854	1002	1432	1764	1980	2049
CBREN.CBN22755	72	246	423	588	753	865	991	1133	1223	1371	1643	1701	1819	1930	2107	2210	2448	2596	2688	2907	2976	3167	3255	3436	3688	3808	3947
CBRIG.CBG17408	129	201	339	513	690	855	1020	1309	1445	1535	1683	1955	2013	2290	2467	2570	3001	3096	3315	3399	3590	3678	4006	4231	4352
CCAST.g12523.t1	9	69	207	381	567	762	927	1039	1235	1328	1476	1897	2005	2170	2502	2650	2742	2958	3027	3221	3766	3886
CDOUG.g16821.t1	111	249	423	600	765	930	1042	1168	1310	1400	1548	1820	1878	1996	2107	2284	2387	2625	2773	2868	3087	3156	3347	3435	3616	3988	4118
CELEG.F13D2.1b	120	187	252	355	426	628	707	813	885	1023	1197	1374	1542	1707	1819	1945	2087	2177	2325	2597	2655	2773	2884	3061	3164	3402	3550	3645	3864	3933	4124	4212	4393	4540	4765	4886
CJAPO.CJA07103	3	75	213	387	564	729	894	1006	1132	1208	1298	1446	1718	1776	1894	2005	2185	2288	2526	2674	2769	2988	3057	3248	3336	3892	4013
CKAMA.g1332.t1	12	150	324	501	666	831	943	1069	1199	1289	1437	1709	1767	1885	1996	2173	2276	2514	2662	2757	2976	3045	3236	3324	3505	3652	3757	3877	3998
CLATE.FL83_01170-RA	72	210	384	561	726	891	1003	1129	1268	1358	1506	1778	1836	2113	2290	2393	2646	2794	2889	3108	3177	3368	3456	3784	3904	4025
CMONO.g976.t1	3	75	213	378	558	729	894	1015	1141	1235	1337	1485	1572	1709	1788	1903	2011	2086	2189	2334	2427	2581	2604	2665	2745	2823	2892	3089	3180	3370	3523	3628	3742	3866
CNOUR.g15543.t1	21	93	231	405	585	750	915	1027	1153	1295	1385	1533	1805	1863	1981	2092	2269	2372	2610	2758	2850	3069	3138	3329	3417	3598	3751	3856	3976	4097
CPLIC.g8077.t1	9	177	301	430	503	593	741	828	1010	1089	1192	1288	1459	1562	1794	1948	2037	2095	2175	2250	2319	2513	2604	2785	2902	3007	3124	3239
CREMA.FL82_00476-RA	72	210	384	561	726	891	1003	1129	1265	1355	1503	1775	1833	1951	2062	2239	2342	2595	2743	2838	3057	3126	3317	3405	3733	3838	3958	4079
CSINI.Csp5_scaffold_00039.g2106.t3	87	159	297	471	648	813	978	1100	1186	1328	1418	1566	1838	1896	2014	2125	2302	2405	2643	2791	2886	3105	3174	3365	3453	3781	4006	4127
CSP21.g6524.t1	39	177	348	525	699	864	985	1114	1232	1331	1566	1748	1827	1939	2047	2242	2345	2592	2743	2835	2896	2976	3123	3317	3408	3589	3733	3838	3952	4079
CSP26.g13600.t1	87	225	399	576	741	906	1018	1144	1286	1376	1524	1796	1854	1972	2083	2260	2363	2601	2749
CSP28.g9535.t1	108	246	420	597	762	927	1039	1165	1238	1328	1476	1748	1806	1921	2032	2209	2312	2550	2698	2790	3009	3078	3269	3357	3538	3691	3811	3932
CSP29.g11835.t1	21	93	231	405	585	750	915	1027	1153	1226	1316	1464	1776	1894	2005	2182	2285	2523	2671	2763	2982	3051	3242	3330	3511	3664	3769	3889	4010
CSP31.g25205.t1	3	75	213	396	567	738	903	1015	1141	1292	1382	1530	1802	1966	2074	2251	2354	2592	2740	2829	3048	3117	3308	3396	3571	3721	3826	3943	4061
CSP32.g1399.t1	48	120	258	432	609	774	939	1051	1177	1313	1403	1551	1823	1881	1999	2110	2390	2628	2776	2871	3090	3159	3350	3438	3766	3871	3991	4112
CSP34.Sp34_X0083600.t1	15	87	225	387	564	729	894	1006	1132	1271	1361	1509	1781	1839	1957	2068	2245	2348	2586	2734	2820	3036	3105	3296	3384	3565	3712	3937	4058
CSP38.g21758.t1	6	66	204	378	558	735	897	1009	1117	1211	1307	1455	1879	1984	2155	2487	2635	2724	3009	3203	3291	3718	3838
CSP39.g28823.t1	27	99	237	411	588	753	918	1030	1156	1298	1388	1536	1808	1866	1984	2095	2272	2375	2613	2761	2853	3072	3141	3332	3420	3601	3754	3859	3979	4100
CSP40.g6529.t1	90	228	402	579	744	909	1021	1147	1286	1376	1524	1796	1854	1972	2083	2260	2363	2601	2749	2844	3063	3132	3323	3411	3739	3964	4085
CTROP.Csp11.Scaffold515.g2667.t1	138	312	489	654	819	931	1057	1199	1289	1437	1709	1767	1885	1996	2173	2276	2514	2662	2757	3045	3236	3324	3505	3757	3877	4007
CVIRI.g651.t1	3	75	213	390	561	732	897	1009	1135	1256	1376	1524	1796	1854	1969	2080	2251	2357	2749	2844	3063	3132	3323	3411	3745	3850	3967	4091
DCORO.DCO_002789	75	213	402	491	588	759	918	1039	1174	1307	1394	1542	1629	1811	1890	2005	2113	2314	2417	2504	2571	2652	2800	3039	3195	3389	3661	3793	4012	4139
