CAFRA.g10704.t1	116	198	348	640	1213	1658	2021	2169	2325
CANGA.Cang_2012_03_13_08359.g21458.t1	
CBREN.CBN16381	116	198	348	640	962	1213	1658	2169	2325
CBRIG.CBG14081	116	198	357	649	971	1222	1667	1860	2181	2340
CCAST.g1320.t1	110	192	342	634	1204	2006	2157
CDOUG.g4583.t1	116	198	348	640	962	1213	1658	1851	2172	2328	2391	2549	2681	2817	2895	3120
CELEG.F53B1.8a	116	198	348	640	962	1213	1658	1848	2169	2325
CJAPO.CJA16930	116	198	348	640	962	1213	1658	1848	2169	2325
CKAMA.g1159.t1	116	198	348	640	962	1213	1658	1848	2169	2325
CLATE.FL83_00935-RA	116	198	348	640	962	1213	1658	1851	2172
CMONO.g8461.t1	204	526	684	855	904	1001	1086	1163	1236	1329	1528	1602	1738	1850	1991	2101	2257	2314	2510	2612	2706	2879	3027
CNOUR.g1718.t1	116	198	348	640	711	962	1213	1658	1848	2021	2169	2325
CPLIC.g6949.t1	110	195	438	637	708	847	959	1456	1655	1754	1848	2021	2172	2328
CREMA.FL82_00727-RA	116	198	348	640	962	1213	1658	1851
CSINI.Csp5_scaffold_00179.g6397.t1	116	198	348	640	962	1213	1658	1835	2139	2295
CSP21.g16313.t1	92	171	248	321	613	687	938	1345	1730	2151	2313
CSP26.g9171.t1	116	198	348	640	962	1213	1658	1848	2169	2325
CSP28.g9715.t1	165	228	378	670	741	992	1243	1688	1878	2051	2199	2355
CSP29.g11649.t1	116	198	348	640	711	962	1213	1658	1848	2021	2169	2325
CSP31.g21943.t1	116	198	348	441	640	711	850	962	1213	1658	1845	2018	2166	2322
CSP32.g16692.t1	113	195	345	637	1210	1655	2018	2166	2322
CSP34.Sp34_X0106100.t1	116	198	348	640	962	1213	1658	1848	2169	2325
CSP38.g17473.t1	110	195	345	438	637	711	1213	2018	2169
CSP39.g19133.t1	116	198	348	640	711	962	1213	1658	1848	2021	2169	2325
CSP40.g18847.t1	116	198	348	640	962	1213	1658	1848	2169	2325
CTROP.Csp11.Scaffold629.g16567.t1	116	198	348	640	962	1213	1658	1848	2169	2325
CVIRI.g463.t1	119	201	345	438	637	959	1210	1456	1655	2175	2331
DCORO.DCO_005045	86	171	248	321	414	613	684	823	935	1076	1186	1303	1452	1595	1628	1760	1824	1997	2169	2241
