CAFRA.g19546.t1	3	117	165
CANGA.Cang_2012_03_13_00551.g12133.t1	246
CBREN.CBN07298	3	117	199	321
CBRIG.CBG03100	3	117	199	321
CCAST.g2329.t1	3	55	321
CDOUG.g20068.t1	3	117	199	321
CELEG.ZK673.7	3	117	199	321
CJAPO.CJA37559	3	117	199	321	454
CKAMA.g7626.t1	168	282	364	486	619
CLATE.FL83_23142-RA	3	117	199	321
CMONO.g9683.t2	9	123	183	235	297	379	501	634
CNOUR.g1709.t1	3	321	454
CPLIC.g9754.t1	3	55	199	321
CREMA.FL82_05433-RA	3	117	199	321
CSINI.Csp5_scaffold_00141.g5467.t1	3	117	199	321
CSP21.g14643.t1	3	55	117	321	454
CSP26.g10496.t1	3	117	199	321
CSP28.g13621.t1	3	199	366	499
CSP29.g7066.t1	3	321	454
CSP31.g27066.t1	3	55	117	199	321
CSP32.g15800.t1	3	199	321
CSP34.Sp34_20218600.t1	3	117	199	321
CSP38.g9351.t1	3	55	321
CSP39.g29274.t1	3	321	454
CSP40.g16074.t1	3	117	199	321
CTROP.Csp11.Scaffold629.g9004.t1	42	124	246
CVIRI.g4104.t1	3	55	199	321
DCORO.DCO_022203	3	55	199	321	454
