CAFRA.g10137.t1	22	271	1070	1239	1428	1611
CANGA.Cang_2012_03_13_00200.g6842.t1	22	111	198	271	720
CBREN.CBN18647	657	1010	1179	1368	1551
CBRIG.CBG13533	22	1070	1239	1428	1611
CCAST.g7495.t1	22	111	198	271	1070	1239
CDOUG.g11342.t1	22	717	1070	1239	1428	1611
CELEG.Y54G2A.17b	22	717	889	1239	1428	1611
CJAPO.CJA12208	211	1010	1179	1368	1551
CKAMA.g19140.t1	22	301	663	989	1158	1330	1494
CLATE.FL83_12095-RA	28	669	879	984	1173	1213
CMONO.g1965.t1	22	105	192	265	373	510	607	711	804	923	1064	1155	1233	1422	1530
CNOUR.g11919.t1	22	271	1070	1239	1428	1611
CPLIC.g3834.t1	51	138	211	553	657	750	1010	1101
CREMA.FL82_07490-RA	22	663	943	1071	1185
CSINI.Csp5_scaffold_00024.g1406.t1	22	1070	1239	1428	1611
CSP21.g8651.t1	22	93	180	253	361	498	595	699	792	869	1010	1101	1179	1368	1476	1548
CSP26.g18349.t1	22	1070	1239	1428	1611
CSP28.g10801.t1	22	271	1070	1239	1428	1611
CSP29.g16439.t1	22	271	1070	1239	1428	1611
CSP31.g5411.t1	22	111	198	271	717	1070	1239
CSP32.g17406.t1	211	1010	1179	1368	1551
CSP34.Sp34_40026900.t1	22	717	1239	1428	1611
CSP38.g4672.t1	22	111	198	271	613	929	1070	1239
CSP39.g484.t1	22	271	670	1070	1239	1428	1542	1617
CSP40.g23947.t1	22	1070	1239	1428	1611
CTROP.Csp11.Scaffold629.g10629.t1	1010	1179	1368	1551
CVIRI.g10643.t1	22	268	926	1067	1158	1236	1425
DCORO.DCO_008553	51	138	211	319	507	553	657	750	869	1010	1101	1179	1250	1368	1476
