CAFRA.g4239.t1	189	1095	1916	2093
CANGA.Cang_2012_03_13_00081.g3729.t1	183	911	1324	1901
CBREN.CBN24125	189	700	1119	1746	1940	2117
CBRIG.CBG17957	189	697	1107	1734	1928	2105
CCAST.g14256.t1	183	896	1309	1886
CDOUG.g12434.t1	189	691	1107	1734	1928	2105
CELEG.C35D10.4	189	694	1104	1731	1925	2102
CJAPO.CJA11344	1089	1283
CKAMA.g2409.t1	189	429	780	1229	1396	1536	1627
CLATE.FL83_21468-RA	73	276	787	1209	1836	2030	2207
CMONO.g8919.t1	198	311	480	549	715	804	912	1050	1103	1280
CNOUR.g919.t1	189	1189	1725	2096
CPLIC.g6233.t1	192	292	493	622	774	996	1293	1782	1920	2114	2291
CREMA.FL82_10040-RA	73	276	787	1209	1836	2030	2207
CSINI.Csp5_scaffold_00455.g11597.t1	400	813	1440	1634	1811
CSP21.g8330.t1	113	421	645	755	909	1035	1201	1290	1398	1536	1609	1730	1907
CSP26.g1563.t1	189	700	1113	1740	1934	2111
CSP28.g3539.t1	108	308	537	716	1912	2448	2819
CSP29.g16937.t1	108	308	434	537	716	912	1810	2298	2669	2796	2887
CSP31.g13242.t1	189	310	514	661	938	1101	1356	1456	1590	1728
CSP32.g2745.t1	189	1104	1925	2102
CSP34.Sp34_30060100.t1	111	625	1035	1662	1856	2033
CSP38.g2169.t1	183	893	1551	1883	2226	2393
CSP39.g5964.t1	111	311	437	540	649	1846	2271
CSP40.g1211.t1	189	700	1113	1740	1934	2111
CTROP.Csp11.Scaffold593.g5180.t2	189	1137	1764	1958	2135
CVIRI.g15137.t1	165	286	490	792	911	1077	1203	1432	1566	1704	1898	2075
DCORO.DCO_005721	66	165	307	426	535	683	806	954	1080	1179	1249	1338	1446	1657	1778	1955
