CAFRA.g16156.t1	142	222	461	603	706	809	903	1110
CANGA.Cang_2012_03_13_00055.g2838.t1	151	231	470	615	821	1122	1232
CBREN.CBN14709	130	210	449	597	700	803	897	1104	1220
CBRIG.CBG01876	130	210	449	594	697	800	894	1101	1214
CCAST.g5185.t1	151	231	470	615	821	1122	1232
CDOUG.g20126.t1	142	222	461	603	706	809	903	1226
CELEG.F39B3.2	130	210	449	594	697	800	894	1101	1214
CJAPO.CJA10853b	130	210	449	594	697	800	894	1101
CKAMA.g9166.t1	142	222	461	603	706	809	903	1110	1171	1360
CLATE.FL83_01484-RA	220	300	539	687	790	893	987	1194	1307
CMONO.g4583.t1	192	286	431	501	570	673	761	855	954	1062	1175
CNOUR.g6369.t1	145	225	464	606	709	812	906	1113	1226
CPLIC.g8898.t1	54	123	226	408	615
CREMA.FL82_21077-RA	220	300	539	687	790	893	987	1194	1307
CSINI.Csp5_scaffold_02357.g26142.t1	130	210	449	591	694	797	891	1098	1211
CSP21.g15622.t1	109	189	283	428	567	670	758	852	951	1059	1163
CSP26.g935.t1	142	222	461	603	706	809	903	1110	1223
CSP28.g8201.t1	145	225	464	606	709	812	906	1113	1258	1447
CSP29.g1657.t1	133	213	452	594	697	800	894	1101	1159	1348
CSP31.g19194.t1	136	216	455	594	697	800	894	1101	1211
CSP32.g17052.t1	130	210	449	591	694	797	891	1098
CSP34.Sp34_X0030100.t1	52	132	371	513	616	719	813	1020	1133
CSP38.g474.t1	163	243	482	627	833	1134	1244
CSP39.g13117.t1	133	213	452	594	697	800	894	1101
CSP40.g20084.t1	142	222	461	603	706	809	903	1110	1223
CTROP.Csp11.Scaffold629.g13589.t1	130	210	449	591	694	797	891	1098	1214
CVIRI.g11755.t1	124	204	443	513	582	788	882	1089	1199
DCORO.DCO_011245	130	210	304	449	594	785	879	1007	1086	1187
