CAFRA.g13414.t1	51	270
CANGA.Cang_2012_03_13_00630.g12977.t1	
CBREN.CBN20936	51	270	375
CBRIG.CBG07054	51	270	375
CCAST.g10698.t1	51	270
CDOUG.g10360.t1	51	270	375
CELEG.D1069.2a.1	51	270	375
CJAPO.CJA12038	51	270	375
CKAMA.g19206.t1	138	262	495	536	591	810	915
CLATE.FL83_14341-RA	51	270	375
CMONO.g19782.t1	140	213	270	362	432	537	570	690
CNOUR.g10318.t1	51	270	375
CPLIC.g10394.t1	108	270	408	528
CREMA.FL82_19474-RA	51	270	315
CSINI.Csp5_scaffold_00467.g11758.t1	51	270	375
CSP21.g286.t1	51	200	270	375	408
CSP26.g21314.t1	51	270	375
CSP28.g13094.t1	51	270	375	532	826
CSP29.g7202.t1	51	270	375
CSP31.g25608.t1	51	270	375
CSP32.g875.t1	51	270
CSP34.Sp34_20002100.t1	51	270	375
CSP38.g8426.t1	51	108	270	408
CSP39.g28510.t1	51	270	375
CSP40.g22512.t1	51	270	375
CTROP.Csp11.Scaffold605.g5606.t1	51	270	375
CVIRI.g13026.t1	108	270	375	408
DCORO.DCO_020453	51	115	200	270	528
