CAFRA.g12884.t2	44	118	238	332	479	579	1188	1283	1560
CANGA.Cang_2012_03_13_00034.g1962.t1	32	106	226	467	708	892	1176	1441	1542
CBREN.CBN12412	44	118	238	332	479	579	1188	1283	1554
CBRIG.CBG02038	32	106	226	320	467	1176	1271	1542
CCAST.g1266.t1	59	133	253	494	735	919	1203	1468	1569
CDOUG.g15959.t1	44	118	238	332	479	579	1188	1283	1554
CELEG.Y71H10B.1c.1	19	271	365	512	612	1221	1316	1587
CJAPO.CJA02202	32	106	226	320	467	567	1176	1271	1542
CKAMA.g1235.t1	112	232	326	473	573	1182	1277	1548
CLATE.FL83_01047-RA	32	106	226	320	467	567	1176	1271	1542
CMONO.g15622.t1	50	124	244	338	485	585	726	910	998	1194	1289	1459	1545
CNOUR.g6344.t2	44	118	238	332	479	579	1188	1283	1554
CPLIC.g737.t1	50	124	244	295	369	510	618	694	782	978	1243	1359
CREMA.FL82_00600-RA	68	125	199	319	413	560	660	1269	1364	1635
CSINI.Csp5_scaffold_00156.g5848.t2	38	98	172	292	386	533	633	1242	1337	1608
CSP21.g2366.t1	137	211	331	425	572	672	813	997	1085	1281	1376	1546	1638
CSP26.g2290.t2	44	118	238	332	479	1188	1283	1554
CSP28.g9636.t1	44	118	238	332	479	579	1188	1283	1554
CSP29.g11732.t1	44	118	238	332	479	579	1188	1283	1554
CSP31.g18402.t2	44	118	238	332	479	579	904	992	1188	1551
CSP32.g5713.t1	44	118	238	332	479	579	1188	1283	1560
CSP34.Sp34_X0096100.t1	32	106	226	320	467	567	1176	1271	1542
CSP38.g15777.t1	59	133	253	347	494	919	1203	1468	1569
CSP39.g1271.t1	51	110	184	304	398	545	645	1254	1349	1620
CSP40.g12552.t1	11	71	145	265	359	506	606	1215	1310	1581
CTROP.Csp11.Scaffold582.g4669.t1	44	118	238	332	479	579	1188	1283	1554
CVIRI.g8892.t1	53	127	247	341	488	588	1197	1462	1560
DCORO.DCO_008199	53	127	247	341	488	588	729	913	1001	1292	1465	1560
