CAFRA.g14345.t1	51	454	1250
CANGA.Cang_2012_03_13_22068.g26783.t1	
CBREN.CBN09481	51	460	726	1057	1401
CBRIG.CBG08044	51	451	1353
CCAST.g16879.t1	604	739	1181
CDOUG.g18820.t1	51	457	1392
CELEG.F56G4.4	51	454	723	1015	1347
CJAPO.CJA10767	51	460	1217	1356
CKAMA.g17201.t1	344
CLATE.FL83_21142-RA	51	457	723
CMONO.g2360.t1	51	171	271	375	481	628	684	763	985	1062	1211	1371
CNOUR.g16217.t1	51	454	763	1039	1253	1392
CPLIC.g8385.t1	51	171	250	433	724	1253
CREMA.FL82_14013-RA	56	136	189	592	858	1189	1535	1674	1827	1998
CSINI.Csp5_scaffold_00576.g13075.t1	51	460	726	1045
CSP21.g4378.t1	51	111	271	372	448	604	739	862	1073
CSP26.g5874.t1	51	457	723	1057
CSP28.g2727.t1	51	454	763	1235
CSP29.g14334.t1	51	457	766	1057	1253	1392
CSP31.g7228.t1	51	271	451	733	943	1091	1230
CSP32.g4536.t1	51	460	1256
CSP34.Sp34_10049800.t1	51	460	726	1045	1365
CSP38.g14284.t1	604	739	1172
CSP39.g7543.t1	51	454	763	1039	1241	1380
CSP40.g5032.t1	51	457	723	1051	1392
CTROP.Csp11.Scaffold630.g19085.t1	51	448	1341
CVIRI.g12408.t1	51	171	271	375	460	742	1208	1347
DCORO.DCO_010527	51	171	271	378	442	510	643	784	958	1092	1193	1341
