CAFRA.g18240.t1	88	259	381	651	783	838	962	1043	1149	1356	1423	1508	1587
CANGA.Cang_2012_03_13_00002.g180.t1	154	273	666	721	1032	1239	1306	1479
CBREN.CBN18428	91	268	387	663	798	853	977	1086	1293	1360	1445	1524
CBRIG.CBG14814	91	265	660	795	850	974	1055	1164	1377	1444	1529	1608
CCAST.g10024.t1	393	448	759	966	1033	1206
CDOUG.g7920.t1	91	268	387	663	798	853	977	1058	1167	1441	1526	1605
CELEG.F22F4.1	91	265	384	669	801	856	1061	1374	1441	1526	1605
CJAPO.CJA06060	88	259	378	648	780	835	959	1040	1353	1420	1505	1584
CKAMA.g3549.t1	88	259	378	654	789	844	968	1049	1155	1362	1429	1514	1593
CLATE.FL83_00428-RA	88	256	375	648	783	838	962	1043	1149	1356	1423	1508	1587
CMONO.g15610.t1	103	259	384	477	591	708	763	849	973	1050	1117	1202	1281
CNOUR.g13254.t1	79	247	366	636	771	826	950	1031	1137	1344	1411	1496	1575
CPLIC.g5926.t1	115	304	585	831	886	1091	1407	1474	1559
CREMA.FL82_01773-RA	88	256	375	648	783	838	962	1043	1149	1356	1423	1508	1587
CSINI.Csp5_scaffold_00083.g3723.t1	91	259	654	789	844	968	1049	1158	1365	1432	1517	1596
CSP21.g5698.t1	88	259	378	495	609	772	896	977	1092	1216	1293	1360	1445	1524
CSP26.g21959.t1	97	265	660	795	850	974	1055	1164	1371	1438	1523	1602
CSP28.g10572.t1	79	250	369	639	771	826	950	1031	1137	1344	1411	1496	1575
CSP29.g3973.t1	79	247	366	636	771	826	950	1031	1137	1344	1411	1496	1575
CSP31.g16064.t1	82	259	537	651	786	841	965	1046	1152	1353	1420	1584
CSP32.g204.t1	88	259	381	651	783	838	962	1043	1149	1356	1423	1508	1587
CSP34.Sp34_X0231500.t1	64	232	351	636	768	823	947	1028	1341	1408	1493	1572
CSP38.g10388.t1	91	280	396	798	853	977	1297	1380	1447	1620
CSP39.g7228.t1	85	250	369	645	777	832	956	1037	1143	1350	1417	1502	1581
CSP40.g13988.t1	97	265	660	795	850	974	1055	1164	1371	1438	1523	1602
CTROP.Csp11.Scaffold626.g6539.t1	88	256	375	651	786	841	965	1046	1152	1359	1426	1511	1590
CVIRI.g2936.t1	88	262	381	654	859	983	1064	1176	1380	1447	1611
DCORO.DCO_008457	109	247	354	531	669	768	811	938	1013	1246	1323	1393	1560
