CAFRA.g9777.t1	309
CANGA.Cang_2012_03_13_00603.g12680.t1	309	774
CBREN.CBN24057	179	309
CBRIG.CBG02589	179	309
CCAST.g8820.t1	309	774
CDOUG.g900.t1	179	309
CELEG.C30B5.4	179	309
CJAPO.CJA10629b	179	309
CKAMA.g18932.t1	143	273	846	1031	1238	1683	1955
CLATE.FL83_04482-RA	179	309
CMONO.g5464.t1	179	309	442	504	678	774
CNOUR.g10716.t1	179	309
CPLIC.g5388.t1	118	213	346	408	582
CREMA.FL82_12102-RA	179	309	804	962	1175	1314	1527	1597	1696	1791	1905	2005	2074
CSINI.Csp5_scaffold_00245.g7860.t1	179	309
CSP21.g11480.t1	179	309	442	678	774
CSP26.g13855.t1	179	309
CSP28.g11019.t1	179	309
CSP29.g1308.t1	179	309
CSP31.g10748.t1	179	309	442	678
CSP32.g1628.t1	309
CSP34.Sp34_20126900.t1	143	273
CSP38.g10056.t1	309	774
CSP39.g6048.t1	179	309
CSP40.g8643.t1	179	309
CTROP.Csp11.Scaffold629.g16454.t1	179	309	507
CVIRI.g2394.t1	309	774
DCORO.DCO_016699	179	309	445	492	666	765
