CAFRA.g292.t1	130	351	489	639	714	1000	1160	1254
CANGA.Cang_2012_03_13_00061.g3056.t1	130	248	351	489	639	711	873	1126	1292
CBREN.CBN05887	130	351	489	639	714	1000	1160	1254
CBRIG.CBG01946	130	351	567	717	792	1078	1241	1335
CCAST.g1693.t1	130	248	351	489	639	711	855	997	1163
CDOUG.g1198.t2	130	348	486	636	711	997	1163	1257
CELEG.F19C6.2a	130	351	489	639	714	1000	1160	1251
CJAPO.CJA11448	130	351	489	639	714
CKAMA.g9212.t1	252	364	585	723	873	948	1234	1394	1464
CLATE.FL83_01413-RA	130	351	489	639	714	1000	1160	1254
CMONO.g18760.t2	133	251	354	492	642	714	858	1000	1077	1148	1245
CNOUR.g15152.t1	130	351	489	639	714	1000	1163	1257
CPLIC.g7631.t1	139	257	360	498	720	864	1006	1169	1269
CREMA.FL82_17271-RA	130	351	489	639	714	1000	1160	1254
CSINI.Csp5_scaffold_00198.g6825.t2	175	314	448	669	807	1086	1372	1532	1626
CSP21.g11731.t1	127	245	348	486	636	708	852	994	1083	1266
CSP26.g990.t1	130	351	489	639	714	1000	1163	1257
CSP28.g14740.t1	130	351	489	639	714	1000	1163	1257
CSP29.g12932.t1	130	351	489	639	714	1000	1163	1257
CSP31.g25045.t1	130	351	489	711	855	997	1157	1248
CSP32.g12692.t1	130	351	489	639	714	1000	1160	1254
CSP34.Sp34_X0063300.t1	130	351	489	639	714	1000	1160	1254
CSP38.g9444.t1	130	248	351	489	639	711	855	997	1160	1257
CSP39.g5705.t1	130	351	489	639	714	1000	1163	1257
CSP40.g15924.t1	130	351	489	639	714	1000	1160	1254
CTROP.Csp11.Scaffold629.g13648.t1	130	351	489	639	714	1000	1160	1254
CVIRI.g8506.t1	130	248	351	489	639	711	855	997	1160	1260
DCORO.DCO_009153	136	254	357	495	639	711	855	997	1131	1205	1305
