CAFRA.g10868.t2	185	345	631	852
CANGA.Cang_2012_03_13_00110.g4585.t2	125	255	416	762
CBREN.CBN01467	52	224	393	679	900
CBRIG.CBG05247	52	230	399	685	906
CCAST.g13840.t1	59	130	314	462	623	969
CDOUG.g12580.t1	173	342	628	849
CELEG.F09A5.4c	52	209	378	664	885
CJAPO.CJA01636	167	336	622	843
CKAMA.g8442.t1	164	333	619	840
CLATE.FL83_01932-RA	182	351	637	858
CMONO.g5767.t2	122	184	383	501	565	662	787	889	1008
CNOUR.g4538.t1	61	209	375	661	882
CPLIC.g8727.t2	161	326	465	529	853	972
CREMA.FL82_02096-RA	182	351	637	858
CSINI.Csp5_scaffold_00196.g6792.t2	59	228	514	735
CSP21.g5971.t2	122	243	307	404	529	750
CSP26.g1023.t2	179	348	634	855
CSP28.g6725.t1	50	216	502	723
CSP29.g818.t1	59	225	511	732
CSP31.g11969.t1	58	203	348	855
CSP32.g12465.t1	194	357	643	864
CSP34.Sp34_X0155700.t1	182	360	646	867
CSP38.g17937.t3	14	85	260	410	552	616	713	1059
CSP39.g9111.t1	52	203	369	655	876
CSP40.g6991.t1	52	239	408	694	915
CTROP.Csp11.Scaffold629.g10143.t1	62	231	517	738
CVIRI.g8633.t1	110	255	416	643	762
DCORO.DCO_015505	140	245	306	370	467	592	694	813
