CAFRA.g19676.t1	69	165	877	1335
CANGA.Cang_2012_03_13_00293.g8642.t1	430	660	877	1076	1176	1335
CBREN.CBN01260	66	162	874	1332
CBRIG.CBG19422	66	162	874	1332
CCAST.g15378.t1	430	660	877	1076	1176	1335
CDOUG.g18519.t1	66	162	874	1332
CELEG.C27H6.2	66	162	874	1332
CJAPO.CJA12811	69	165	877	1335	1432
CKAMA.g10566.t1	66	162	874	1332
CLATE.FL83_20086-RA	78	174	886	1344
CMONO.g284.t1	69	165	283	421	514	621	726	838	930	1037	1137	1229	1296
CNOUR.g299.t1	69	165	877	1335
CPLIC.g13265.t1	66	418	657	874	1173	1265
CREMA.FL82_23339-RA	78	174	886	1289
CSINI.Csp5_scaffold_00006.g405.t1	66	162	874	1332
CSP21.g6036.t1	162	280	418	511	663	972	1179	1271	1338
CSP26.g9082.t1	66	162	874	1332
CSP28.g3962.t1	69	165	877	1338
CSP29.g9239.t1	69	165	877	1335
CSP31.g11832.t1	72	168	424	669	886	1085	1185	1277
CSP32.g8718.t1	69	165	877	1335
CSP34.Sp34_50262000.t1	69	165	877	1335
CSP38.g5096.t1	669	886	1085	1185	1344
CSP39.g3740.t1	69	165	877	1338	1439
CSP40.g4026.t1	66	162	874
CTROP.Csp11.Scaffold629.g15791.t1	66	162	874	1332
CVIRI.g9162.t1	75	171	427	520	672	777	889	1188	1280	1347
DCORO.DCO_010321	66	159	277	415	505	657	762	874	966	1073	1173	1265	1332
