CAFRA.g10616.t1	73	199	1525	1938
CANGA.Cang_2012_03_13_00555.g12183.t2	178	617	1197	1232	1362	1703	1775
CBREN.CBN31572	73	199	417	1525	1637	2108	2243
CBRIG.CBG02514	250	468	1739	2210	2345
CCAST.g9163.t1	199	638	1218	1528	1640	1770	2111	2246
CDOUG.g26344.t1	73	199	417	1525	1637	2108	2243
CELEG.ZK1248.14	73	199	417	1525	1637	2108	2243
CJAPO.CJA08227	73	199	417	1525	1637	2105	2240
CKAMA.g582.t1	86	321	515	750	924	1069	1158	1419	1495	1621	1797	2255	2744	3051	3224	3261	3737
CLATE.FL83_04418-RA	76	465	1573	1685	2156	2291	2347	2409	2630	2703	2838	3314	3633	3696	3817	3990	4179	4428	4638
CMONO.g1860.t1	73	199	323	417	563	635	744	852	960	1082	1215	1422	1525	1637	1767	1935	2036	2108	2243
CNOUR.g1995.t1	73	199	1047	1525	1637	2240
CPLIC.g14029.t1	73	199	320	414	632	741	849	1212	1419	1522	1634	1764	1923	2024	2096	2231
CREMA.FL82_12044-RA	76	465	1573	1685	2156	2291	2347	2409	2630	2703	2838	3314	3633	3696	3817	3990	4308	4557	4767
CSINI.Csp5_scaffold_03168.g29289.t1	73	199	417	1525	1637	2108	2243
CSP21.g3223.t1	67	145	271	395	489	635	713	822	930	1038	1293	1395	1500	1603	1715	1845	2016	2117	2189	2324
CSP26.g5517.t1	73	199	417	1525	1637	2108	2243
CSP28.g15350.t1	73	199	417	1047	1525	1637	2240
CSP29.g1147.t1	73	199	1047	1525	1637	2240
CSP31.g22113.t1	70	196	414	632	849	957	1212	1522	1634	1764	1929	2102	2237
CSP32.g9691.t1	73	199	1525	1938	2246
CSP34.Sp34_20117500.t1	73	199	417	1525	1637	2108	2243
CSP38.g8501.t1	199	638	747	1218	1425	1528	1640	1770	2108	2243
CSP39.g4193.t1	73	199	417	1047	1117	1562	1727	2330
CSP40.g7068.t1	73	199	417	1525	1637	2108	2243
CTROP.Csp11.Scaffold630.g19423.t1	73	199	417	1519	1631	2102	2237
CVIRI.g4512.t1	70	196	632	849	1212	1419	1522	1634	1764	1926	2027	2099	2234
DCORO.DCO_000274	101	179	279	447	577	708	793	957	1075	1179	1309	1440	1564	1664	1779	1878	1946	2007	2142	2251	2368	2489	2583	2649	2729	2801	2910	3018	3126	3248	3381	3450	3588	3691	3803	3933	4104	4205	4277	4350	4412
