CAFRA.g4429.t1	34	173	247	340	557	851	1073	1295	1376	1625
CANGA.Cang_2012_03_13_00536.g11967.t2	34	173	247	548	599	722	842	1064	1148	1210
CBREN.CBN15454	34	173	247	346	563	737	857	1079	1301	1382	1542	1631
CBRIG.CBG11004	34	173	247	346	566	734	854	1076	1298	1379	1536	1625
CCAST.g1257.t1	34	173	247	551	602	725	845	1067	1205	1289	1307	1388	1545	1634
CDOUG.g8276.t1	34	173	247	346	563	740	860	1082	1304	1385	1560	1649
CELEG.F46H5.7b.1	34	173	247	340	557	719	839	1061	1283	1364	1533	1622
CJAPO.CJA36931	34	173	247	340	557	731	851	1073	1295	1376	1536	1625
CKAMA.g3398.t1	34	173	247	340	563	737	857	1079	1301	1382	1631
CLATE.FL83_00213-RA	34	173	247	340	560	731	863	1085	1307	1325	1406	1566	1655
CMONO.g12824.t1	25	164	238	331	474	572	623	674	764	800	920	1017	1106	1178	1301	1385	1460	1629	1718
CNOUR.g18993.t1	34	173	247	346	563	737	1079	1301	1319	1400	1560	1649
CPLIC.g9563.t1	34	173	247	340	554	605	659	801	899	971	1109	1193	1428	1517
CREMA.FL82_01508-RB	34	173	247	340	560	731	851	1073	1295	1313	1394	1554	1643
CSINI.Csp5_scaffold_00022.g1316.t1	34	173	247	346	566	737	1079	1301	1382	1542	1631
CSP21.g4132.t1	62	137	172	311	385	478	603	758	812	845	881	1048	1274	1412	1496	1514	1616	1785	1874
CSP26.g2191.t1	34	173	247	346	728	1070	1292	1373	1536	1625
CSP28.g3381.t1	34	173	247	346	737	1079	1301	1382	1548
CSP29.g4160.t1	34	173	247	346	563	737	1079	1301	1382	1536	1625
CSP31.g20583.t1	34	173	247	340	554	728	848	900	998	1070	1208	1292	1310	1391	1545
CSP32.g5635.t1	34	173	247	340	557	851	1073	1295	1376	1625
CSP34.Sp34_X0201700.t1	34	173	247	340	557	731	851	1073	1295	1376	1536	1625
CSP38.g20638.t1	34	173	247	551	602	725	845	1067	1205	1289	1307	1388	1548	1637
CSP39.g4515.t1	34	173	247	346	563	737	1079	1301	1319	1400	1557	1646
CSP40.g2210.t1	34	173	247	346	728	1070	1292	1373	1533	1622
CTROP.Csp11.Scaffold540.g3370.t1	34	173	247	346	563	731	1073	1295	1313	1394	1554	1643
CVIRI.g120.t1	34	173	247	340	716	836	1058	1196	1280	1298	1379	1536	1625
DCORO.DCO_007691	13	152	226	319	444	521	608	704	824	924	1013	1085	1223	1307	1385	1554	1646
