CAFRA.g11976.t1	104
CANGA.Cang_2012_03_13_00347.g9550.t1	71	597	603	665
CBREN.CBN19826	104
CBRIG.CBG24281	104
CCAST.g7669.t1	648	917
CDOUG.g11421.t1	104	525
CELEG.F53A2.4	104
CJAPO.CJA17181	104
CKAMA.g10740.t1	104	595
CLATE.FL83_22658-RA	113
CMONO.g13721.t1	104	195	294	368	510	639	705	908
CNOUR.g5103.t1	104
CPLIC.g2369.t1	104	195	606
CREMA.FL82_19084-RA	104
CSINI.Csp5_scaffold_00766.g15281.t1	104	519
CSP21.g1683.t1	112	240	666	770	861	966	1049	1212	1341	1407
CSP26.g6662.t1	104	507
CSP28.g8162.t1	104
CSP29.g15228.t1	104
CSP31.g621.t1	107	359	654
CSP32.g1527.t1	104
CSP34.Sp34_30022100.t1	104
CSP38.g1452.t1	636	905
CSP39.g26281.t1	104
CSP40.g7900.t1	104	516
CTROP.Csp11.Scaffold629.g14564.t1	203	624
CVIRI.g13817.t1	104	621	890
DCORO.DCO_015835	107	198	300	522	651	717	834
