CAFRA.g2039.t1	150	216	274	422	695	1178	1308	1437
CANGA.Cang_2012_03_13_00492.g11484.t1	122	435	669
CBREN.CBN11727	150	210	274	416	695	995	1178	1323	1452
CBRIG.CBG18552	114	174	235	377	650	950	1133	1278	1407
CCAST.g7646.t1	150	207	265	419	1022	1335
CDOUG.g11118.t1	150	210	274	416	692	992	1175	1320	1449
CELEG.ZC123.4b	150	210	280	428	1055	1238	1383
CJAPO.CJA33480	136	436	619	749	878
CKAMA.g7102.t1	150	210	271	413	689	989	1172	1302	1431
CLATE.FL83_06310-RA	177	237	298	440	719	1019	1202	1347	1476
CMONO.g1505.t1	135	199	318	384	484	611	792	884	964	1059	1184	1293	1367	1497	1626
CNOUR.g7057.t1	150	210	268	301	443	716	1016	1199	1329	1458
CPLIC.g5480.t1	165	219	422	778	873	1181	1311	1440
CREMA.FL82_16152-RA	150	210	271	413	692	992	1175	1320	1449
CSINI.Csp5_scaffold_00621.g13657.t2	150	210	271	416	695	935	1118	1263	1392
CSP21.g4243.t1	28	219	286	386	491	528	628	723	848	957	1031	1161	1290
CSP26.g15182.t1	150	210	271	413	692	992	1175	1320	1449	1586	1724	1907	2052	2181
CSP28.g10976.t1	63	123	181	323	596	896	1209	1338
CSP29.g17637.t1	118	178	320	593	893	1076	1206	1335
CSP31.g781.t1	150	216	416	992	1175	1434
CSP32.g6594.t1	150	216	274	419	692	1175	1305	1434
CSP34.Sp34_10230300.t1	150	210	271	419	698	998	1181	1326	1455
CSP38.g7871.t1	150	207	265	410	683	983	1296
CSP39.g3215.t2	104	337	677	857	947	1077	1206	1248
CSP40.g1604.t1	150	210	274	419	698	998	1181	1326	1455
CTROP.Csp11.Scaffold630.g17587.t1	92	362	662	845	990	1119
CVIRI.g6153.t1	150	213	271	413	977	1160	1290	1419
DCORO.DCO_008105	28	153	264	400	533	714	806	886	981	1106	1289	1419	1548
