CAFRA.g18694.t1	409	852	976	1292
CANGA.Cang_2012_03_13_00485.g11401.t1	508	849	1246
CBREN.CBN25690	586	1029	1153	1469
CBRIG.CBG07674	586	1029	1153	1469
CCAST.g18678.t1	75	316	657	1054	1199
CDOUG.g6429.t1	550	993	1117	1433
CELEG.F46F2.2c.1	541	984	1108	1424
CJAPO.CJA13858a	34	88	131	259	712	1155	1279	1595
CKAMA.g9593.t1	478	921	1045	1361
CLATE.FL83_01763-RA	577	1020	1144	1460
CMONO.g9487.t1	274	355	480	615	717	841	1012
CNOUR.g18337.t2	445	888	1012	1328
CPLIC.g13614.t1	117	315	502	583	843	1069	1240	1385
CREMA.FL82_02346-RA	577	1020	1144	1460
CSINI.Csp5_scaffold_00376.g10391.t1	667	1122	1246	1562
CSP21.g913.t1	26	289	670	751	1011	1113	1237	1408	1553
CSP26.g17749.t1	625	1068	1192	1508
CSP28.g11745.t1	438	562
CSP29.g900.t1	264	388
CSP31.g24902.t1	454	535	795	897	1021	1343
CSP32.g13157.t1	433	876	1000	1316
CSP34.Sp34_X0135400.t1	562	1005	1129	1445
CSP38.g457.t1	103	397	478	738	840	964	1135	1280
CSP39.g9029.t1	264	388	704
CSP40.g8826.t1	643	1086	1210	1526
CTROP.Csp11.Scaffold558.g3813.t1	589	1032	1156
CVIRI.g5342.t1	397	603	738	840	964	1135	1240	1266	1310
DCORO.DCO_006383	313	1081	1162	1287	1422	1524	1651	1822	1967
