CAFRA.g8748.t1	231	419	652	788	900	1005	1120	1220	1435
CANGA.Cang_2012_03_13_00116.g4798.t1	234	422	655	791	903	1008	1223	1438
CBREN.CBN03046	234	422	655	791	903	1008	1123	1223	1438
CBRIG.CBG14660	234	422	655	791	903	1008	1111	1211	1426
CCAST.g11835.t1	234	422	655	791	903	1008	1223	1438
CDOUG.g494.t1	234	422	655	791	903	1008	1123	1223	1438
CELEG.C26B9.5	234	422	655	791	903	1008	1123	1223	1438
CJAPO.CJA10976	240	428	661	797	909	1014	1126	1226	1441
CKAMA.g3247.t1	231	419	652	788	900	1005	1120	1220	1435	1501
CLATE.FL83_00528-RA	234	422	655	791	903	1008	1111	1211	1426
CMONO.g18319.t1	104	231	292	419	556	652	788	900	1005	1071	1117	1217	1329	1432	1537
CNOUR.g775.t1	228	416	649	785	897	1002	1117	1217	1432
CPLIC.g10434.t1	101	213	274	538	634	770	882	984	1096	1196	1411
CREMA.FL82_01185-RA	234	422	655	791	903	1008	1111	1211	1426
CSINI.Csp5_scaffold_00012.g800.t1	234	422	655	791	903	1008	1111	1211	1426
CSP21.g13174.t1	110	231	292	419	556	652	788	900	1065	1117	1217	1329	1432
CSP26.g18231.t1	231	419	652	788	900	1005	1108	1208	1423
CSP28.g10488.t1	231	419	652	788	900	1005	1120	1220	1435
CSP29.g3885.t1	234	422	655	791	903	1008	1123	1223	1438
CSP31.g9049.t1	234	422	559	655	791	903	1008	1223	1438
CSP32.g15862.t1	231	419	652	788	900	1005	1120	1220	1435
CSP34.Sp34_X0241000.t1	234	422	655	791	903	1008	1117	1217	1432
CSP38.g10895.t1	231	419	652	788	900	1005	1120	1220	1435
CSP39.g21626.t1	231	419	652	788	900	1005	1120	1220	1435
CSP40.g17677.t1	231	419	652	788	900	1005	1108	1208	1423
CTROP.Csp11.Scaffold527.g3097.t1	234	422	655	791	903	1008	1123	1223	1438
CVIRI.g2134.t1	231	652	788	900	1005	1120	1435
DCORO.DCO_010585	93	154	179	281	418	650	762	864	976	1076	1188	1226	1291
