CAFRA.g16651.t1	165	579
CANGA.Cang_2012_03_13_00476.g11279.t1	482
CBREN.CBN10825	165	579
CBRIG.CBG07938	579
CCAST.g1196.t1	165	696
CDOUG.g4461.t1	579
CELEG.C47B2.4	579
CJAPO.CJA06095	165	579
CKAMA.g18238.t1	165	579
CLATE.FL83_20111-RA	189	603
CMONO.g8415.t1	165	300	439	579	696
CNOUR.g17766.t1	165	579
CPLIC.g14630.t1	165	300	579	696
CREMA.FL82_14084-RA	165	579
CSINI.Csp5_scaffold_00563.g12912.t1	165	579
CSP21.g9931.t1	165	439	579	696
CSP26.g3513.t1	165	579
CSP28.g15642.t1	165	579
CSP29.g8964.t1	165	579
CSP31.g14526.t1	165	439	579	696
CSP32.g7752.t1	165	579
CSP34.Sp34_10043020.t1	6	80	660
CSP38.g11013.t1	165	696
CSP39.g10655.t1	165	579
CSP40.g13506.t1	165	579
CTROP.Csp11.Scaffold629.g12766.t1	165	579
CVIRI.g16432.t1	165	439	579	696
DCORO.DCO_015083	176	242	357	492	631	771	888	955
