CAFRA.g7697.t1	48	205	300	386	527	678	1094	1454	1671	1937	2070	2178	2330	2454	2536	2705
CANGA.Cang_2012_03_13_00020.g1251.t1	125	266	486	633	1368	1669	1895
CBREN.CBN25365	33	190	285	371	663	1079	1659	1922	2163	2315	2445	2530	2696
CBRIG.CBG07440	54	211	306	533	684	1100	1674	1937	2178	2330	2457	2545	2711
CCAST.g3252.t2	18	172	267	353	494	714	861	1596	1992	2182	2379	2551	2771
CDOUG.g1010.t1	18	181	276	362	1070	1430	1644	1907	2148	2300	2430	2512	2678
CELEG.F15A2.6a	18	175	270	356	497	648	1064	1424	1629	1892	2133	2285	2412	2494	2660
CJAPO.CJA12910a	94	189	275	416	567	1823	1956	2064	2216	2343	2425	2594
CKAMA.g6265.t1	94	189	275	416	983	1343	1551	1814	2055	2207	2334	2416	2582
CLATE.FL83_01612-RA	157	252	630	1046	1406	1611	1874	2115	2267	2394	2476	2642
CMONO.g11444.t2	18	172	267	353	494	645	714	861	948	1061	1268	1412	1614	1711	1874	2007	2115	2197	2267	2394	2485	2639
CNOUR.g13702.t1	18	175	270	356	497	648	1064	1895	2028	2288	2415	2497	2663
CPLIC.g8325.t1	94	189	275	416	567	636	783	983	1515	1736	1869	1977	2062	2132	2265	2341
CREMA.FL82_02583-RA	45	202	297	360	776	1136	1338	1601	1722	1874	2001	2083
CSINI.Csp5_scaffold_00475.g11857.t2	94	189	416	567	983	1343	1560	1823	2064	2216
CSP21.g8348.t1	18	175	270	356	497	648	951	1271	1412	1575	1829	1962	2070	2152	2222	2352	2434	2585
CSP26.g7872.t1	18	175	270	497	648	1064	1424	1638	1901	2142	2294	2421	2506
CSP28.g4299.t1	18	175	270	356	923	1760	1893	2153	2184	2266	2435	2670	2864	2937	3016	3216	3458	3555	3693	3887	4064	4161	4299
CSP29.g10907.t1	105	262	357	443	584	735	1151	1982	2115	2375	2502	2584	2747
CSP31.g13730.t1	18	172	267	353	494	645	861	1611	1874	2115	2267	2394	2470	2654	2733	2942	3177	3371	3444	3523
CSP32.g11583.t1	18	175	270	356	497	648	1064	1421	1638	1904	2037	2145	2297	2421	2497	2666
CSP34.Sp34_X0150500.t1	18	178	273	359	500	651	1067	1418	1629	1892	2133	2285	2412	2494	2660
CSP38.g10811.t1	18	172	267	353	494	714	861	1605	2001	2109	2191	2388	2464	2681
CSP39.g19989.t1	18	175	270	356	497	648	1064	1895	2028	2288	2415	2497	2669
CSP40.g3951.t1	18	175	270	497	648	1064	1424	1644	1907	2148	2300	2427	2512	2681
CTROP.Csp11.Scaffold630.g22076.t1	94	189	275	416	567	983	1346	1554	1817	2058	2210	2340	2422
CVIRI.g5881.t1	18	172	267	353	494	645	861	1406	1608	1871	2004	2112	2194	2264	2391	2470	2618
DCORO.DCO_004199	18	259	354	581	801	948	1035	1148	1286	1352	1493	1631	1683	1774	1880	1946	2079	2187	2339	2463	2524	2696
