CAFRA.g18243.t1	38	181	319	425	549
CANGA.Cang_2012_03_13_00002.g183.t1	139	277	377	501
CBREN.CBN10041	139	277	383	507
CBRIG.CBG14817	139	297	457	563	687
CCAST.g7046.t1	17	160	298	398	522
CDOUG.g7917.t1	38	181	319	425	549
CELEG.C09B8.6a	38	181	319	425	549
CJAPO.CJA17697	139	280	510
CKAMA.g3546.t1	139	277	383	507
CLATE.FL83_00425-RA	38	181	328	434	558
CMONO.g357.t1	139	271	377	501
CNOUR.g13257.t1	139	277	507
CPLIC.g5929.t1	23	175	316	422	546
CREMA.FL82_01770-RA	38	181	328	434	558
CSINI.Csp5_scaffold_00083.g3726.t1	139	280	386	510
CSP21.g9972.t1	18	160	289	395	519
CSP26.g21962.t1	41	184	325	431	555
CSP28.g10575.t1	38	181	325	431	555
CSP29.g3976.t1	47	190	328	558
CSP31.g16067.t1	29	172	298	404	528
CSP32.g207.t1	139	277	383	507
CSP34.Sp34_X0231200.t1	35	178	316	422	546
CSP38.g10385.t1	17	160	298	398	522
CSP39.g7231.t1	38	181	325	431	555
CSP40.g13985.t1	41	184	331	437	561
CTROP.Csp11.Scaffold626.g6535.t1	139	277	383	507
CVIRI.g2939.t1	32	175	307	413	537
DCORO.DCO_020459	139	274	377	501
