CAFRA.g3485.t1	120	423	654	946	1206	1906
CANGA.Cang_2012_03_13_00736.g13787.t1	38	360	868	1128	1232	1416	1542	1828	2088
CBREN.CBN00897	120	420	931	1891
CBRIG.CBG13400	1272	1972
CCAST.g18403.t1	423	934	1194	1298	1482	1608	1894	2154
CDOUG.g9390.t1	120	423	946	1206	1906
CELEG.ZK945.3	120	423	928	1188	1888
CJAPO.CJA14022	120	423	916	1176	1876
CKAMA.g12771.t1	120	423	919	1179	1283	1879
CLATE.FL83_12767-RA	120	423	916	1176	1876
CMONO.g5423.t1	120	285	411	621	761	822	913	998	1080	1173	1277	1461	1587	1710	1873	1956	2036	2133
CNOUR.g7532.t1	120	423	913	1173	1873
CPLIC.g12900.t1	120	288	420	895	1062	1155	1259	1443	1569	1692	1855	2115
CREMA.FL82_05920-RA	120	423	916	1176	1876
CSINI.Csp5_scaffold_00609.g13521.t1	120	913	1173	1873
CSP21.g979.t1	120	294	420	579	719	871	956	1038	1131	1235	1419	1545	1668	1831	1994	2091
CSP26.g14360.t1	120	910	1170	1870
CSP28.g15199.t1	120	420	633	925	1185	1885
CSP29.g8159.t1	120	423	928	1188	1888
CSP31.g27321.t1	120	291	423	618	910	1170	1274	1458	1584	1870	2130
CSP32.g4389.t1	120	423	645	937	1197	1897
CSP34.Sp34_20209600.t1	120	423	928	1188	1888
CSP38.g9203.t1	423	922	1182	1286	1470	1596	1882	2142
CSP39.g28976.t1	120	420	633	925	1185	1885
CSP40.g4974.t1	120	910	1170	1870
CTROP.Csp11.Scaffold629.g11238.t1	189	889
CVIRI.g3606.t1	117	585	877	1044	1137	1241	1425	1551	1837	2097
DCORO.DCO_005425	132	294	364	612	752	904	989	1164	1268	1395	1452	1578	1701	1864	1947	2027	2124
