CAFRA.g1294.t1	224	663
CANGA.Cang_2012_03_13_16860.g25502.t1	
CBREN.CBN13876	236	705
CBRIG.CBG21101	227	687
CCAST.g11023.t1	363	678
CDOUG.g11076.t1	230	684
CELEG.F42A10.5	224	687
CJAPO.CJA12432	230	681
CKAMA.g838.t1	203	648
CLATE.FL83_08836-RA	224	681
CMONO.g2950.t1	111	233	354	474	578	696
CNOUR.g1865.t1	227	672
CPLIC.g2814.t1	111	563	615
CREMA.FL82_13801-RA	224	681
CSINI.Csp5_scaffold_00814.g15719.t1	224	687
CSP21.g2329.t1	111	218	348	572
CSP26.g6007.t1	224	687
CSP28.g905.t1	224	669
CSP29.g4469.t1	227	672
CSP31.g17329.t1	230	348	672
CSP32.g6794.t1	224	672
CSP34.Sp34_30148800.t1	224	681
CSP38.g17324.t1	348	660
CSP39.g20163.t1	224	672
CSP40.g11240.t1	224	690
CTROP.Csp11.Scaffold596.g5274.t1	236	699
CVIRI.g5147.t1	111	224	342	657
DCORO.DCO_017989	108	215	342	459	675
