CAFRA.g18244.t1	81	160	267	415	624	717	1359	1482	1554
CANGA.Cang_2012_03_13_07896.g21164.t1	
CBREN.CBN14865	81	160	267	415	627	720	1288	1362	1485	1557
CBRIG.CBG14818	81	144	292	399	547	770	879	1453	1527	1650	1722
CCAST.g7045.t2	22	129	277	486	579	1147	1416
CDOUG.g7916.t1	81	160	267	415	636	729	1297	1371	1494	1566
CELEG.C09B8.7a	81	160	267	415	630	723	1291	1365	1488	1560
CJAPO.CJA25778	145	357	450	1092	1215	1287
CKAMA.g3545.t1	81	160	267	418	636	729	1297	1371	1494	1566
CLATE.FL83_00424-RA	81	160	267	415	624	717	1285	1359	1482	1554
CMONO.g4090.t1	81	163	270	418	583	693	783	891	971	1047	1140	1233	1333	1389	1512	1584
CNOUR.g13258.t2	81	160	267	415	627	720	1288	1362	1485	1557
CPLIC.g14757.t2	160	267	415	520	630	723	1104	1297	1566
CREMA.FL82_01769-RA	81	160	267	415	624	717	1285	1359	1482	1554
CSINI.Csp5_scaffold_00083.g3728.t1	81	160	267	415	627	720	1294	1368	1491	1563
CSP21.g14399.t1	81	160	267	415	541	651	744	926	1002	1206	1306	1380	1503
CSP26.g21963.t1	81	160	267	415	645	738	1312	1386	1509	1581
CSP28.g10576.t1	81	160	267	415	627	720	1288	1362	1485	1557
CSP29.g3977.t1	81	160	267	415	627	720	1188	1311	1383
CSP31.g16069.t2	81	157	264	412	720	1288	1557
CSP32.g208.t1	81	160	267	415	624	717	1359	1482	1554
CSP34.Sp34_X0231100.t1	81	160	267	415	621	714	1282	1356	1479	1551
CSP38.g10384.t2	81	163	270	418	624	717	1285	1554
CSP39.g7232.t1	81	160	267	415	627	720	1288	1362	1485	1557
CSP40.g13984.t2	126	205	312	460	690	783	1357	1431	1554	1626
CTROP.Csp11.Scaffold626.g6533.t1	81	160	267	415	630	723	1291	1365	1488	1560
CVIRI.g2940.t2	81	160	267	415	630	723	1294	1368	1563
DCORO.DCO_007377	105	187	294	439	604	723	1007	1098	1194	1334	1461	1656
