CAFRA.g7355.t1	110	219	315
CANGA.Cang_2012_03_13_00531.g11913.t1	110	250
CBREN.CBN09488	110	219	315
CBRIG.CBG24963	110	219	315
CCAST.g9384.t1	110	462
CDOUG.g16667.t1	110	219	315
CELEG.ZK265.6	110	219	315
CJAPO.CJA19291	110	219	315
CKAMA.g5241.t1	110	219	318
CLATE.FL83_14328-RA	110	219	315
CMONO.g4424.t1	107	216	312	456
CNOUR.g19391.t1	110	219
CPLIC.g8450.t1	110	219	315	459
CREMA.FL82_07947-RA	110	219	315
CSINI.Csp5_scaffold_00028.g1594.t1	110	219	315
CSP21.g15699.t1	110	219	315	456
CSP26.g1979.t1	110	219	315
CSP28.g2497.t1	110	219
CSP29.g17847.t1	110	219
CSP31.g1429.t1	110	219	315	459
CSP32.g15563.t1	110	219	315
CSP34.Sp34_10135800.t1	110	219	315
CSP38.g6301.t1	110	219	462
CSP39.g4313.t1	110	219
CSP40.g10845.t1	110	219	315
CTROP.Csp11.Scaffold630.g17018.t1	51	147
CVIRI.g13669.t1	110	219	459
DCORO.DCO_011890	107	216	312	456
