CAFRA.g10650.t1	69	258	447	1138	1290	1369	1534	1651	1753	1846	1964	2123
CANGA.Cang_2012_03_13_00448.g10968.t1	162	1084	1649
CBREN.CBN09234	69	258	447	613	792	1044	1135	1287	1366	1531	1648	1747	1840	1958	2117
CBRIG.CBG02098	69	258	447	613	1135	1287	1366	1531	1648	1759	1852	1970	2129
CCAST.g1327.t1	72	261	453	1375	1940
CDOUG.g4721.t1	69	258	447	613	792	1044	1135	1287	1366	1531	1648	1747	1840	1958	2117
CELEG.K02E10.2a	69	258	444	613	792	1135	1287	1366	1531	1648	1753	1849	1967	2126
CJAPO.CJA03180	69	258	447	616	795	1138	1369	1534	1651	1765	1861	1979	2138
CKAMA.g1203.t1	69	258	447	613	792	1135	1287	1366	1648	1750	1846	1964	2123
CLATE.FL83_01000-RA	69	258	447	613	1044	1135	1287	1366	1531	1648	1759	1852	1976	2135
CMONO.g2749.t1	72	173	270	363	462	631	810	936	1062	1153	1305	1384	1549	1669	1744	1837	1955	2114
CNOUR.g6176.t1	69	258	447	613	792	1047	1138	1290	1369	1534	1651	1753	1846	1964	2123
CPLIC.g9628.t1	69	158	255	447	616	795	1047	1138	1290	1369	1534	1651	1729	1822	1940	2099	2157
CREMA.FL82_00650-RA	69	258	447	613	1044	1135	1287	1366	1531	1648	1759	1852	1976	2135
CSINI.Csp5_scaffold_00066.g3140.t2	69	258	447	613	1044	1135	1287	1366	1531	1648	1753	1846	1970	2129
CSP21.g14175.t1	72	173	270	363	465	634	813	939	1065	1156	1308	1387	1552	1669	1831	1949	2108
CSP26.g7188.t1	69	258	447	613	1044	1135	1287	1366	1531	1648	1753	1846	1970	2129
CSP28.g9669.t1	69	258	447	613	792	1044	1135	1287	1366	1531	1648	1762	1855	1973	2132
CSP29.g11697.t1	51	156	345	534	700	879	1134	1225	1377	1456	1621	1738	1849	2084	2243
CSP31.g21904.t1	72	164	261	607	786	1038	1360	1525	1717	1949
CSP32.g16639.t1	69	258	447	1138	1290	1369	1534	1651	1756	1849	1967	2126
CSP34.Sp34_X0100600.t1	69	258	447	613	792	1135	1287	1366	1531	1648	1753	1846	1964	2123
CSP38.g17467.t1	72	261	453	1375	1540	1958
CSP39.g1310.t1	69	258	447	616	795	1138	1290	1369	1534	1651	1765	1858	1976	2135
CSP40.g12512.t1	69	258	447	613	1044	1135	1287	1366	1531	1648	1753	1846	1970	2129
CTROP.Csp11.Scaffold582.g4619.t1	69	258	447	613	792	1044	1135	1287	1366	1531	1648	1747	1840	1958	2117
CVIRI.g1177.t1	72	164	261	453	622	801	1053	1296	1375	1540	1949	2108
DCORO.DCO_005729	72	173	239	363	462	631	810	1020	1279	1384	1549	1666	1735	1831	1958	2117
