CAFRA.g10662.t1	100	276	327	489	699	768	867	1316	1396	1535	1646	1837	1970	2174
CANGA.Cang_2012_03_13_00034.g1944.t1	186	354	803	1133	1324	1661
CBREN.CBN13186	40	187	337	478	654	816	1140	1239	1688	1768	1907	2018	2209	2342	2546
CBRIG.CBG02111	40	187	337	481	657	708	870	1080	1248	1697	1777	1916	2027	2351	2555
CCAST.g1284.t1	120	324	492	941	1271	1462	1799
CDOUG.g4731.t1	139	280	456	507	669	879	1047	1496	1576	1715	1826	2017	2150	2354
CELEG.C43H6.9	120	330	498	947	1027	1166	1277	1468	1601	1805
CJAPO.CJA17645b	84	294	393	842	922	1061	1172	1363	1496	1700
CKAMA.g1196.t1	280	421	597	648	810	1020	1089	1188	1637	1717	1856	1967	2158	2291	2495
CLATE.FL83_00988-RA	40	187	337	478	654	705	867	1077	1146	1245	1694	1913	2024	2215	2348	2552
CMONO.g18747.t1	148	295	445	583	756	807	969	1179	1248	1347	1528	1683	1796	1876	2015	2126	2231	2317	2450	2523	2654	2745	2858
CNOUR.g6167.t1	78	252	401	570	683	789	892	1007	1137	1284	1431	1800	1938	2035	2182	2332	2473	2649	2700	2862	3072	3240	3689	3769	3908	4019	4210	4343	4547
CPLIC.g8934.t1	139	280	456	669	879	948	1047	1222	1377	1570	1709	1820	2011	2144
CREMA.FL82_00662-RA	40	187	354	425	549	600	762	972	1041	1140	1589	1808	1919	2110	2243	2447
CSINI.Csp5_scaffold_00382.g10478.t2	40	187	337	481	636	687	849	1062	1131	1230	1679	1759	1898	2009	2200	2333	2537
CSP21.g3395.t1	166	313	463	561	612	774	984	1053	1152	1333	1488	1601	1681	1820	1931	2036	2122	2255	2328	2459
CSP26.g7177.t1	40	187	337	481	708	870	1080	1149	1248	1697	1777	1916	2027	2218	2351	2555
CSP28.g9676.t1	78	252	387	474	577	692	822	969	1116	1485	1623	1720	1861	2037	2088	2250	2460	2628	3077	3157	3296	3407	3598	3731	3935	4148	4280
CSP29.g11689.t1	78	252	401	570	683	756	859	974	1104	1251	1398	1767	1905	2002	2149	2299	2440	2616	2667	2829	3039	3207	3656	3736	3875	3986	4177	4310	4514
CSP31.g21915.t1	120	330	399	679	947	1027	1166	1277	1468	1601	1805
CSP32.g16648.t1	315	496	716	974	1128	1302	1451	1620	1736	1842	1945	2060	2190	2337	2853	2991	3133	3280	3430	3571	3747	3798	3960	4170	4239	4338	4787	4867	5006	5117	5308	5441	5645
CSP34.Sp34_X0101400.t1	100	276	438	648	816	1265	1345	1484	1595	1786	1919	2123
CSP38.g17453.t1	120	321	489	938	1268	1459	1796
CSP39.g1319.t1	82	238	379	555	717	927	1095	1544	1624	1763	1874	2065	2198	2402
CSP40.g18895.t1	100	276	327	489	699	768	867	1316	1396	1535	1646	1837	1970	2174
CTROP.Csp11.Scaffold582.g4605.t1	139	305	375	537	747	816	915	1364	1475	1666	1799	2003
CVIRI.g1185.t1	103	250	400	544	720	771	933	1143	1311	1492	1647	1760	1840	1979	2090	2281	2618
DCORO.DCO_004179	58	223	379	529	705	756	918	1125	1191	1290	1471	1626	1819	1958	2069	2174	2260	2393	2466	2597
