CAFRA.g6718.t1	132	196	305	553	781	935
CANGA.Cang_2012_03_13_00001.g49.t1	190	529
CBREN.CBN00910	144	208	459	565	959
CBRIG.CBG21259	138	202	453	791
CCAST.g12258.t1	190	529	929
CDOUG.g23921.t1	147	211	568	953
CELEG.K11H12.8a	135	199	450	556	784	941
CJAPO.CJA03093	132	196	305	447	553	781	935
CKAMA.g4297.t1	135	199	450	556	784	938
CLATE.FL83_11681-RA	135	199	450	556	941
CMONO.g1806.t1	114	178	287	429	535	625	763	923
CNOUR.g12043.t1	138	202	311	453	559	787	938
CPLIC.g3813.t1	141	205	456	562	790	873	944
CREMA.FL82_03221-RA	135	199	450	556	941
CSINI.Csp5_scaffold_01025.g17696.t1	318	424	809
CSP21.g11209.t1	138	202	311	453	559	649	787	944
CSP26.g8368.t1	141	205	456	562	790	947
CSP28.g9202.t1	138	202	311	453	559	787	941
CSP29.g3581.t1	141	205	314	456	562	790	941
CSP31.g7982.t1	147	211	320	462	568	796	947
CSP32.g9052.t1	132	196	305	553	781	935
CSP34.Sp34_40064200.t1	144	208	459	565	793	947
CSP38.g10740.t1	190	295	848
CSP39.g1999.t1	138	202	311	559	787	941
CSP40.g10512.t1	126	190	441	547	775	932
CTROP.Csp11.Scaffold629.g8830.t1	147	211	462	568	796	959
CVIRI.g12226.t1	138	202	311	559	870	941
DCORO.DCO_014991	24	129	199	308	450	556	646	784	950
