CAFRA.g13944.t1	72	183	1282
CANGA.Cang_2012_03_13_00094.g4178.t1	72	677	1285
CBREN.CBN10200	72	183	431	1282
CBRIG.CBG02573	72	183	431	1282
CCAST.g2340.t1	72	677	1285
CDOUG.g918.t1	72	183	431	1282
CELEG.F21H12.1	72	183	431	1282
CJAPO.CJA14891	72	183	431
CKAMA.g18916.t1	72	183	431	1282
CLATE.FL83_04466-RA	72	183	431	1282
CMONO.g15648.t1	9	182	257	354	417	494	570	699	786	921	990	1096
CNOUR.g15475.t1	72	186	434	1285
CPLIC.g11692.t1	72	431	677	750	1170	1291
CREMA.FL82_12090-RA	72	183	431	1282
CSINI.Csp5_scaffold_00318.g9305.t1	72	183	431	1282
CSP21.g5479.t1	60	171	344	419	516	665	741	870	957
CSP26.g11041.t1	72	183	431	1282
CSP28.g11006.t1	72	183	431	1282
CSP29.g1289.t1	72	183	431	1279
CSP31.g14860.t1	183	356	428	525	674	747
CSP32.g16461.t1	72	183	1282
CSP34.Sp34_20124200.t1	72	183	431	1282
CSP38.g9339.t1	72	356	431	677	966	1167	1282
CSP39.g9350.t1	72	183	431	1282
CSP40.g8625.t1	72	183	431	1282
CTROP.Csp11.Scaffold629.g16437.t1	72	183	431	1282
CVIRI.g3607.t1	72	183	356	431	531	680	969
DCORO.DCO_008391	166	282	393	566	648	819	873	981	1110	1197	1332	1398	1501
