CAFRA.g15212.t1	38	141	263	348	644	936	1046
CANGA.Cang_2012_03_13_00125.g5041.t2	89	225	491
CBREN.CBN13386	290	582	692
CBRIG.CBG04562	57	179	264	560	852	962
CCAST.g9942.t1	63	185	270	446	566	702	968
CDOUG.g14238.t1	66	188	273	569	861	971
CELEG.C47E8.3	51	173	258	554	846	956
CJAPO.CJA02115b	170	290	582	692
CKAMA.g263.t1	57	179	264	440	560	852	962
CLATE.FL83_11917-RA	23	212	297	593	885	995
CMONO.g10094.t1	72	194	279	452	711	867	977	1090
CNOUR.g6979.t1	66	188	273	449	569	971
CPLIC.g5560.t1	54	176	261	437	557	693	789	959	1069
CREMA.FL82_16037-RA	185	270	566	858	968
CSINI.Csp5_scaffold_00361.g10119.t1	60	182	267	563	855	965
CSP21.g10374.t1	60	182	267	443	579	660	720	827	943
CSP26.g1169.t1	60	182	267	563	855	965
CSP28.g13202.t1	66	188	273	449	572	974
CSP29.g17226.t1	66	188	273	449	569	971
CSP31.g18670.t1	63	185	270	446	566	792	962
CSP32.g15619.t1	69	191	276	452	572	864	974
CSP34.Sp34_50349900.t1	61	129	251	336	632	924	1034
CSP38.g2036.t1	72	194	279	455	575	711	810	977
CSP39.g25789.t1	72	194	279	455	578	980
CSP40.g23672.t1	60	182	267	563	855	965
CTROP.Csp11.Scaffold629.g15920.t1	63	185	270	566	858	968
CVIRI.g5803.t1	51	173	258	434	554	690	953
DCORO.DCO_011289	105	227	312	488	599	744	825	885	992	1138	1274
