CAFRA.g13947.t1	47	210	348
CANGA.Cang_2012_03_13_00619.g12854.t1	47	210	348
CBREN.CBN09959	47	210	348
CBRIG.CBG13066	47	210	348
CCAST.g4739.t1	47	210	348
CDOUG.g828.t1	41	204	342
CELEG.F10E7.7.1	50	213	351
CJAPO.CJA18271.1	47	210	348
CKAMA.g1946.t1	53	216	354
CLATE.FL83_16981-RA	50	213	351
CMONO.g7661.t1	50	213	351
CNOUR.g10055.t1	47	210	348
CPLIC.g7855.t1	47	210	348
CREMA.FL82_12322-RA	50	213	351
CSINI.Csp5_scaffold_00302.g9017.t1	47	210	348
CSP21.g15058.t1	47	210	348
CSP26.g4400.t1	47	210	348
CSP28.g8893.t1	47	210	348
CSP29.g1382.t1	47	210	348
CSP31.g2120.t1	47	210	348
CSP32.g17415.t1	47	210	348
CSP34.Sp34_20263200.t1	50	213	351
CSP38.g21342.t1	47	210	348
CSP39.g4180.t1	47
CSP40.g8396.t1	47	210	348
CTROP.Csp11.Scaffold629.g12159.t1	50	213	351
CVIRI.g2955.t1	47	210	348
DCORO.DCO_023635	53	150	216	354
