CAFRA.g5654.t1	52	279	435	705
CANGA.Cang_2012_03_13_00433.g10792.t1	399
CBREN.CBN09987	103	300	456	726
CBRIG.CBG03455	106	178	375	531	801
CCAST.g4461.t1	399
CDOUG.g1611.t1	49	246	402	672
CELEG.F25H8.1a	61	258	414	684
CJAPO.CJA02262	52	264	420	690
CKAMA.g391.t1	61	258	684
CLATE.FL83_13735-RA	97	294	450	720
CMONO.g14577.t1	73	146	285	441	555	690
CNOUR.g4584.t1	43	273	429	570	699
CPLIC.g13805.t1	31	264	420	690
CREMA.FL82_03616-RA	97	294	450	720
CSINI.Csp5_scaffold_00103.g4377.t1	61	136	333	489	759
CSP21.g15959.t1	82	163	224	363	519	633	703	789
CSP26.g19339.t1	61	133	330	486	756
CSP28.g2089.t1	43	282	438	690
CSP29.g4743.t1	43	273	429	699
CSP31.g11794.t1	43	131	273	429	613
CSP32.g8316.t1	52	279	435
CSP34.Sp34_40253600.t1	61	258	414	684
CSP38.g6699.t1	426	696
CSP39.g3609.t1	43	261	417	687
CSP40.g13043.t1	270	426	696
CTROP.Csp11.Scaffold585.g4831.t1	61	258	414	684
CVIRI.g14281.t1	46	264	420	690
DCORO.DCO_015799	182	321	401	477	585	741
