CAFRA.g14869.t1	111	200	303
CANGA.Cang_2012_03_13_00185.g6476.t2	120	330
CBREN.CBN11343	111	200	303
CBRIG.CBG15948	111	200	303
CCAST.g13882.t1	120	333
CDOUG.g18585.t1	111	200	306
CELEG.B0302.5	111	200	303
CJAPO.CJA18868	111	200	303
CKAMA.g7847.t1	111	200	303
CLATE.FL83_19402-RA	111	200	303
CMONO.g4006.t1	129	218	339
CNOUR.g6250.t1	111	200	303
CPLIC.g12433.t1	111	200	297
CREMA.FL82_23279-RA	111	200	303
CSINI.Csp5_scaffold_00004.g282.t1	111	200	303
CSP21.g8512.t1	82	213	299	456
CSP26.g11053.t1	111	200	303
CSP28.g16411.t1	114	203	306
CSP29.g14057.t1	111	200	303
CSP31.g9928.t1	123	212	405
CSP32.g5555.t1	111	200	303
CSP34.Sp34_X0034600.t1	111	200	303
CSP38.g20218.t1	111	200	306
CSP39.g3123.t1	111	200	303
CSP40.g12354.t1	111	200	303
CTROP.Csp11.Scaffold629.g13544.t1	111	200	303
CVIRI.g12811.t1	111	200
DCORO.DCO_023051	102	191	330
