CAFRA.g9722.t1	126	259	456
CANGA.Cang_2012_03_13_00511.g11704.t1	126	259	456
CBREN.CBN32792	126	259	456
CBRIG.CBG02643	125	247	444
CCAST.g7144.t1	126	259	456
CDOUG.g3829.t1	126	259	456
CELEG.F58F12.1	120	253	450
CJAPO.CJA01137	126	259	456
CKAMA.g8631.t1	123	256	453
CLATE.FL83_04532-RA	126	259	456
CMONO.g3491.t1	30	163	273	360
CNOUR.g10769.t1	126	259	456
CPLIC.g9664.t1	126	259	369	456
CREMA.FL82_12148-RA	126	259	456
CSINI.Csp5_scaffold_00291.g8799.t1	82	213	346	543
CSP21.g12292.t1	120	253	363	450
CSP26.g11868.t1	126	259	456
CSP28.g8867.t1	126	259	456
CSP29.g1353.t1	126	259	456
CSP31.g17314.t1	120	253	363	450
CSP32.g7459.t1	126	259	456
CSP34.Sp34_20280700.t1	126	259	456
CSP38.g3972.t1	123	256	366	453
CSP39.g3937.t2	126	259	456	528
CSP40.g8558.t1	123	256	453
CTROP.Csp11.Scaffold629.g11588.t1	126	259	456
CVIRI.g11899.t1	126	259	369	456
DCORO.DCO_022061	126	259	369	456
