CAFRA.g3547.t1	180	338	470	699
CANGA.Cang_2012_03_13_00931.g14990.t1	182	438	630
CBREN.CBN25749	117	183	341	473	702	789
CBRIG.CBG03304	117	183	263	395	624	711
CCAST.g12863.t1	326	582	774
CDOUG.g15431.t1	120	186	344	476	705	792
CELEG.T09A5.9	117	183	341	473	702	789
CJAPO.CJA05412	149	281	597
CKAMA.g8070.t1	275	399	465	623	755	984	1071
CLATE.FL83_06959-RA	114	180	338	470	699	786
CMONO.g14612.t1	117	186	344	476	600	705	792	918
CNOUR.g7588.t1	111	177	467	783
CPLIC.g1689.t1	132	198	356	488	612	717	804
CREMA.FL82_05593-RA	114	180	338	470	699	786
CSINI.Csp5_scaffold_00159.g5938.t1	114	180	338	470	699	786
CSP21.g134.t1	60	198	264	422	554	678	783	870
CSP26.g9307.t1	117	183	341	473	702	789
CSP28.g4547.t1	111	177	335	467	783
CSP29.g8213.t1	111	177	467	783
CSP31.g9678.t1	189	479	603	708	795
CSP32.g4451.t1	180	338	470	699
CSP34.Sp34_20146800.t1	114	180	338	470	699	786
CSP38.g3574.t1	323	579	771
CSP39.g3621.t1	111	177	335	467	783
CSP40.g17085.t1	114	180	470	699	786
CTROP.Csp11.Scaffold531.g3161.t1	117	183	341	473	702	789
CVIRI.g1062.t1	249	438	852	957	1044
DCORO.DCO_014635	207	273	431	563	687	792	935
