CAFRA.g11409.t1	75	195	390
CANGA.Cang_2012_03_13_04037.g18561.t1	65	327
CBREN.CBN01719	78	134	393
CBRIG.CBG08794	119	384
CCAST.g16584.t1	65	327
CDOUG.g8712.t1	72	128	393
CELEG.K03B4.3b.1	75	143	408
CJAPO.CJA08371	69	134	198	332
CKAMA.g6243.t1	69	131	195	329	390
CLATE.FL83_05304-RA	72	125	390
CMONO.g899.t1	51	134	198	335	396
CNOUR.g17598.t1	72	128	381
CPLIC.g3963.t1	51	171	369
CREMA.FL82_13526-RA	72	125	390
CSINI.Csp5_scaffold_02576.g27085.t1	72	149	414
CSP21.g2767.t1	138	275	336
CSP26.g1432.t1	66	137	402
CSP28.g16507.t1	72	131	192	384
CSP29.g21132.t1	72	128	381
CSP31.g4489.t1	78	137	201	488	769	938
CSP32.g5248.t1	81	201	335	396
CSP34.Sp34_50079800.t1	72	128	393
CSP38.g11797.t1	65	327
CSP39.g11105.t1	72	128	189	381
CSP40.g13728.t1	66	143	408
CTROP.Csp11.Scaffold630.g21566.t1	72	128	393
CVIRI.g5503.t1	45	98	162	357
DCORO.DCO_020967	90	188	249	380	441
