CAFRA.g4457.t1	36	109	243	307	373	470	534	683	852	978	1044	1209	1302	1422
CANGA.Cang_2012_03_13_00214.g7187.t1	69	199	296	360	486	717	810
CBREN.CBN30142	36	109	243	307	373	470	534	683	852	978	1209	1311	1431
CBRIG.CBG16759	36	109	243	307	373	470	534	683	978	1044	1209	1302	1416
CCAST.g17178.t1	44	213	339	570	663
CDOUG.g214.t1	36	109	243	307	373	470	534	683	852	978	1209	1302	1422
CELEG.F27D9.8b	36	109	243	307	373	470	534	683	852	978	1044	1209	1302	1422
CJAPO.CJA10170	40	106	203	267	416	585	711	777	942	1035	1155
CKAMA.g3457.t1	36	109	243	307	373	470	528	677	846	972	1038	1203	1296	1416
CLATE.FL83_00127-RA	36	109	243	307	373	470	534	683	852	978	1044	1209	1302	1422
CMONO.g3681.t1	36	109	243	307	470	543	695	864	990	1056	1221	1314	1434
CNOUR.g4710.t1	36	109	243	307	373	470	534	683	852	978	1044	1209	1302	1422
CPLIC.g10244.t1	36	109	243	307	373	470	534	677	846	972	1038	1203	1296	1416
CREMA.FL82_01415-RA	36	109	229	326	390	539	708	834	900	1065	1158	1278
CSINI.Csp5_scaffold_00373.g10336.t1	36	109	243	307	373	470	534	683	852	978	1044	1209	1302	1422
CSP21.g4143.t1	36	109	243	307	470	540	683	852	978	1044	1209	1302	1422
CSP26.g14633.t1	36	109	243	307	373	470	534	683	852	978	1044	1209	1302	1422
CSP28.g3354.t1	36	109	243	307	373	470	662	831	957	1023	1188	1401
CSP29.g4181.t1	36	109	243	307	373	470	534	683	852	978	1044	1209	1302	1422
CSP31.g20562.t1	36	109	243	307	373	470	537	689	858	984	1050	1215	1308	1428
CSP32.g1699.t1	36	109	243	307	373	470	534	683	852	978	1044	1209	1302	1422
CSP34.Sp34_X0209300.t1	36	109	243	307	373	470	534	683	852	978	1044	1209	1302	1422
CSP38.g17248.t1	109	243	373	470	534	683	852	978	1209	1302
CSP39.g8805.t1	36	109	243	307	373	470	534	683	732	858	924	1089	1182	1302
CSP40.g20842.t1	49	183	247	313	410	474	623	792	918	984	1149	1242	1362
CTROP.Csp11.Scaffold629.g12413.t2	36	109	352	418	515	579	728	897	1023	1254	1347	1467
CVIRI.g7410.t1	109	243	307	373	470	534	683	852	978	1302	1422
DCORO.DCO_009363	33	106	246	381	461	617	677	846	1038	1209	1302	1422
