CAFRA.g15402.t1	336	516	807	1142	1306
CANGA.Cang_2012_03_13_00230.g7463.t1	46	210	245	607	863	1413	1745	1909
CBREN.CBN26238	52	216	266	682	1158	1449	1784
CBRIG.CBG14762	52	219	260	700	1191	1482	1817
CCAST.g6437.t1	46	210	245	601	860	1413	1745
CDOUG.g5558.t1	52	213	260	697	1194	1485	1820	1984
CELEG.W06B11.2	49	216	263	694	1191	1482	1817	1981
CJAPO.CJA07693	49	210	673	1221	1512	1847	2011
CKAMA.g3569.t1	46	210	257	694	1179	1470	1805	1969
CLATE.FL83_00454-RA	25	192	242	679	1206	1497	1832	1996
CMONO.g18635.t1	61	219	254	348	520	691	977	1239	1410	1746	1874	2038
CNOUR.g13227.t1	49	213	257	676	717	798	972	1263	1598	1762
CPLIC.g5040.t1	55	204	245	327	463	613	694	851	1092	1263	1383	1587	1715	1879
CREMA.FL82_01805-RA	49	216	266	703	1236	1527	1862
CSINI.Csp5_scaffold_00027.g1570.t1	52	219	263	703	1197	1488	2035
CSP21.g14127.t1	49	207	333	478	646	953	1191	1362	1479	1683	1811	1975
CSP26.g7776.t1	58	228	272	706	1218	1509	1844	2008
CSP28.g10549.t1	79	237	281	682	723	1125	1416	1751	1915
CSP29.g3949.t1	15	90	182	607	648	894	1068	1359	1694	1858
CSP31.g16030.t1	55	216	484	643	754	761	954	1125	1245	1452	1586	1750	1852	2001	2096	2265	2359	2511
CSP32.g183.t1	52	213	257	682	803	879	1059	1350	1685	1849
CSP34.Sp34_X0233420.t1	49	210	257	439	649	1209	1500	1835	1999
CSP38.g10411.t1	46	213	245	345	622	881	1434	1766	1930
CSP39.g7962.t1	49	210	254	673	1038	1838	2002
CSP40.g14021.t1	58	228	272	709	1218	1509	1844	2008
CTROP.Csp11.Scaffold626.g6567.t2	46	159	206	643	1296	1587	1922	2086
CVIRI.g954.t1	61	213	330	1197	1368	1488	1823	1987
DCORO.DCO_005819	94	207	390	541	721	826	1022	1139	1257	1428	1548	1711	1880	2044
