CAFRA.g14871.t1	88	168	321	427	504	581	694	747	844	993
CANGA.Cang_2012_03_13_00185.g6474.t1	82	162	421	688	766	915
CBREN.CBN02574	88	168	321	427	504	581	747	844
CBRIG.CBG15954	88	168	321	427	504	747	844	993
CCAST.g13879.t1	82	162	421	688	741	838	987
CDOUG.g3423.t1	88	168	321	427	504	581	747	844	993
CELEG.T23C6.5	88	168	321	427	504	581	747	844	993
CJAPO.CJA03720	88	168	321	427	504	694	747	844	993
CKAMA.g7845.t1	88	168	427	504	581	694	747	844	993
CLATE.FL83_19406-RA	88	168	427	504	747	844	993
CMONO.g4004.t1	88	168	232	321	427	510	587	718	771	868	1017
CNOUR.g6253.t1	88	168	321	427	504	581	694	747	844	993
CPLIC.g12436.t1	88	321	427	504	694	756	853	1002
CREMA.FL82_23284-RA	88	168	427	504	747	844	993
CSINI.Csp5_scaffold_00004.g274.t1	88	168	321	427	504	581	747	844	993
CSP21.g8514.t1	88	168	232	321	427	694	987
CSP26.g11051.t1	88	168	321	427	504	581	747	844	993
CSP28.g16413.t1	88	168	321	427	504	581	694	747	844	993
CSP29.g14055.t1	88	168	321	427	504	581	694	747	844	993
CSP31.g9926.t1	88	168	321	427	581	694	747	844	993
CSP32.g5553.t1	88	168	321	427	504	581	694	747	844	993
CSP34.Sp34_X0035000.t1	88	168	321	427	504	581	747	844	993
CSP38.g20220.t1	82	162	421	498	694	747	844	993
CSP39.g3125.t1	88	168	321	427	504	581	694	747	844	993
CSP40.g12356.t1	88	168	321	427	504	581	747	844	993
CTROP.Csp11.Scaffold629.g13539.t1	88	168	321	427	629	795	892	1041
CVIRI.g11585.t1	153	413	526	579	676	825
DCORO.DCO_013051	97	241	330	436	519	596	736	886	1038
