CAFRA.g11271.t1	240	536	831
CANGA.Cang_2012_03_13_00908.g14880.t1	114	539	701	834
CBREN.CBN06420	117	240	372	436	536	831
CBRIG.CBG04003	117	240	372	436	536	831
CCAST.g5492.t1	114	539	701	834
CDOUG.g1801.t1	117	240	372	436	536	831
CELEG.C41D11.2	117	240	436	536	831
CJAPO.CJA08707	240	372	436	536	831
CKAMA.g12075.t1	117	240	372	436	536	831
CLATE.FL83_11542-RA	240	372	436	703
CMONO.g9109.t1	114	246	305	375	439	539	698	831
CNOUR.g2152.t1	117	240	372	536	831
CPLIC.g12788.t1	120	249	311	381	445	545	707	840	999
CREMA.FL82_16955-RA	240	372	436	624
CSINI.Csp5_scaffold_00542.g12616.t1	126	249	381	445	545	840
CSP21.g4371.t1	117	240	302	439	539	698	831	990
CSP26.g18214.t1	117	240	372	436	536	831
CSP28.g2521.t1	240	375	439	539	834
CSP29.g17772.t1	117	240	372	536	831
CSP31.g7194.t1	114	237	433	533	695	828
CSP32.g8113.t1	240	536	831
CSP34.Sp34_10282900.t1	117	240	436	536	831
CSP38.g7452.t1	114	539	701	834	993
CSP39.g3190.t1	240	372	436	536	831
CSP40.g17052.t1	117	240	372	436	536	831
CTROP.Csp11.Scaffold630.g17109.t1	117	240	372	436	536	831
CVIRI.g6740.t1	108	237	433	533	695	828
DCORO.DCO_013843	13	138	329	399	463	563	722	855	917	1014
