CAFRA.g3920.t1	63	159	801	2989	3189
CANGA.Cang_2012_03_13_01442.g16419.t1	48	233	508	740
CBREN.CBN15366	63	204	382	846	2843	3073	3510
CBRIG.CBG15309	63	241	705	2621	2851	3264
CCAST.g5218.t2	63	241	401	490	705	901	1382	1618	1803	2078	2313	2532	2878	3036	3123
CDOUG.g6745.t1	63	243	421	888	2855	3085	3567
CELEG.Y76A2B.1c	63	195	373	840	2753	2983	3390
CJAPO.CJA05766	13	96	174	816	2786	3016	3363
CKAMA.g11575.t1	63	241	705	2660	2890	3207
CLATE.FL83_19792-RB	63	228	406	870	2840	3073	3567
CMONO.g2193.t1	63	160	241	312	401	490	579	705	768	901	1047	1143	1762	1855	1947	2058	2334	2454	2547	2673	2789	3019	3183
CNOUR.g14599.t1	63	141	783	2720	2950	3276
CPLIC.g7126.t3	63	241	401	705	901	1047	1143	1442	1645	1827	2669	2760	3066	3153
CREMA.FL82_16431-RA	63	228	406	870	2834	3067	3576
CSINI.Csp5_scaffold_02170.g25215.t1	63	309	487	709	1173
CSP21.g9361.t1	63	160	241	398	576	702	904	1050	1146	1729	1818	2079	2547	2754	2896	3060
CSP26.g322.t1	63	231	409	873	2181	2777	3007	3216
CSP28.g9506.t1	63	705	2651	2881	3228
CSP29.g9507.t1	63	141	783	2723	2953	3270
CSP31.g20900.t2	63	241	401	705	901	1047	1484	1878	2139	2263	2382	2601	2717	2808	3096	3156
CSP32.g2169.t1	63	168	810	3010	3207
CSP34.Sp34_30036800.t1	63	241	705	2648	2878	3093
CSP38.g6389.t1	63	241	401	490	705	901	1382	1594	1779	2283	2502	2848	2994
CSP39.g3996.t2	63	141	783	2741	2971	3055	3408
CSP40.g19035.t1	63	273	451	915	2834	3064	3558
CTROP.Csp11.Scaffold629.g14771.t1	63	255	433	897	2927	3157	3612
CVIRI.g8247.t2	63	241	401	490	705	1047	1469	1666	2109	2574	2690	2917	3057	3114
DCORO.DCO_025566	63	160	241	312	401	579	705	904	1050	1146	1378	1551	1756	1849	2017	2202	2324	2400	2544	2670	2877	3106	3234
