CAFRA.g16724.t1	221	323	411	686	837
CANGA.Cang_2012_03_13_01160.g15851.t1	119	321	596
CBREN.CBN15842	110	212	300	575	726
CBRIG.CBG09970	110	212	300	575	726
CCAST.g9961.t1	119	321	596
CDOUG.g2308.t1	23	125	213	488	639
CELEG.R10E11.4	122	224	312	587	738
CJAPO.CJA14131	212	575	726
CKAMA.g4200.t1	206	308	396	671	822
CLATE.FL83_23433-RA	146	248	336	611	762
CMONO.g10983.t1	42	144	263	368	491	620	768
CNOUR.g2025.t1	14	122	210	485	633
CPLIC.g5349.t1	83	273	419	548	699
CREMA.FL82_15109-RA	110	212	300	575	726
CSINI.Csp5_scaffold_00071.g3329.t1	80	227	329	417	692	843
CSP21.g2718.t1	113	309	455	584	732
CSP26.g15444.t1	197	299	387	662	813
CSP28.g4969.t1	14	116	204	479	627
CSP29.g20284.t1	14	116	204	479	627
CSP31.g25385.t1	110	212	300	446	575	723
CSP32.g6341.t1	110	212	300	575	726
CSP34.Sp34_30200500.t1	76	221	323	411	686	837
CSP38.g1432.t1	119	233	321	467	596
CSP39.g3735.t1	77	165	440	588
CSP40.g3446.t1	23	125	213	488	639
CTROP.Csp11.Scaffold629.g9441.t2	248	350	438	713	864
CVIRI.g11518.t1	119	221	309	584	732
DCORO.DCO_016647	149	235	345	491	620	765
