CAFRA.g10067.t1	141	280	392	548	903	1016
CANGA.Cang_2012_03_13_00077.g3581.t1	89	245	445	594	707
CBREN.CBN00138	144	283	395	551	906	1019
CBRIG.CBG06160	150	289	401	557	912	1025
CCAST.g9537.t1	60	211	317	473	673	822	935
CDOUG.g26296.t1	144	283	395	551	906	1019
CELEG.T12A7.6	144	283	395	551	906	1025
CJAPO.CJA11967a	171	310	422	578	933	1046
CKAMA.g12862.t1	150	289	401	557	912	1025
CLATE.FL83_04927-RA	150	289	401	557	912	1025
CMONO.g10246.t1	63	199	305	440	523	647	717	830	920
CNOUR.g21805.t1	138	277	389	545	900	1013
CPLIC.g12966.t1	89	169	289	392	462	575	665
CREMA.FL82_03826-RA	150	289	401	557	912	1025
CSINI.Csp5_scaffold_00384.g10510.t1	169	281	437	792	905
CSP21.g13256.t1	306	594	707	797
CSP26.g5316.t1	111	282	379	450	571	690	833	990	1129	1241	1397	1752	1865
CSP28.g10882.t1	105	276	373	444	562	681	882	1023	1162	1274	1430	1785	1898
CSP29.g19913.t1	138	208	320	476	986
CSP31.g19423.t1	76	185	620	803
CSP32.g15242.t1	138	277	389	545	900	1013
CSP34.Sp34_40229400.t1	108	247	359	515	870	983
CSP38.g18940.t1	66	205	311	467	670	819	932
CSP39.g2188.t1	147	286	398	554	909	1022
CSP40.g719.t1	114	253	365	521	876	989
CTROP.Csp11.Scaffold507.g2448.t1	144	283	395	551	906	1019
CVIRI.g13558.t1	66	205	314	470	670
DCORO.DCO_013825	63	202	320	476	556	676	825	938	1028
