CAFRA.g10678.t1	50	312	382	483	627	704	768	843	933	1215
CANGA.Cang_2012_03_13_00327.g9271.t2	75	176	438	606	827	966	1053	1230	1272	1371
CBREN.CBN22141	3	80	342	412	513	657	734	798	873	963	1245
CBRIG.CBG02139	50	333	403	504	725	789	864	954	1236
CCAST.g12548.t1	99	209	471	639	860	999	1086	1263	1362
CDOUG.g15741.t1	72	149	414	484	585	729	806	870	945	1035	1317
CELEG.T01B6.3a	86	348	418	519	663	740	804	879	969	1251
CJAPO.CJA09982	50	306	376	477	621	698	762	837	927	1209
CKAMA.g1179.t1	113	372	442	543	687	764	828	903	993	1275
CLATE.FL83_00969-RA	72	149	417	487	588	732	809	873	948	1038	1320
CMONO.g6680.t1	68	156	238	321	385	486	559	630	707	771	846	933	983	1113	1212
CNOUR.g6148.t1	69	146	408	478	579	723	800	864	939	1029	1311
CPLIC.g9233.t1	50	156	214	300	370	471	615	692	756	831	918	968	1098	1197
CREMA.FL82_00684-RA	72	149	417	487	564	708	785	849	924	1014	1296
CSINI.Csp5_scaffold_00062.g2997.t1	72	158	429	499	600	744	821	885	960	1050	1341
CSP21.g12886.t1	81	194	264	334	484	585	658	729	873	948	1035	1085	1212
CSP26.g7157.t1	72	161	432	502	603	747	824	888	963	1053	1335
CSP28.g9691.t1	69	146	408	478	579	702	779	843	918	1005	1287
CSP29.g11672.t1	69	146	408	478	579	702	779	843	918	1008	1290
CSP31.g21979.t1	72	155	490	591	735	812	876	951	1038	1323
CSP32.g16666.t1	72	149	411	481	582	726	803	867	942	1032	1314
CSP34.Sp34_X0103300.t1	3	81	158	420	490	591	735	812	876	951	1041	1323
CSP38.g21714.t1	87	176	432	600	821	960	1047	1224	1323
CSP39.g19159.t1	69	146	411	481	582	726	803	867	942	1032	1314
CSP40.g18875.t1	72	161	432	502	603	747	824	888	963	1053	1335
CTROP.Csp11.Scaffold576.g4458.t2	50	309	352	453	597	674	738	813	903	1185
CVIRI.g447.t2	96	173	279	435	505	606	827	891	966	1053	1236	1335
DCORO.DCO_011157	59	132	360	477	550	689	822	909	959	1089	1191
