CAFRA.g2682.t1	95	180	294	1575
CANGA.Cang_2012_03_13_00584.g12487.t1	63	285	450	708
CBREN.CBN12303	101	186	300	534	1575
CBRIG.CBG12363	95	180	294	528	1569
CCAST.g3338.t1	92	177	291	525	1137	1302	1560
CDOUG.g13243.t1	101	186	300	534	1575
CELEG.DY3.2.1	98	183	297	531	1572
CJAPO.CJA09495.1	92	177	291	525	1566
CKAMA.g10065.t1	95	180	294	528	1569
CLATE.FL83_05073-RA	55	170	255	369	603	1647
CMONO.g14527.t1	71	153	267	501	600	651	822	927	993	1113	1198	1284	1422	1542
CNOUR.g14081.t1	95	180	294	528	1575
CPLIC.g6310.t1	86	171	669	840	1302	1560
CREMA.FL82_15642-RA	101	201	315	549	1593
CSINI.Csp5_scaffold_01731.g22780.t1	95	180	294	528	1578
CSP21.g7430.t1	80	165	279	513	663	834	1125	1299	1437	1557
CSP26.g10144.t1	98	183	297	531	1572
CSP28.g6868.t1	95	180	294	528	1575
CSP29.g13641.t1	95	180	294	528	1575
CSP31.g7740.t1	92	177	291	380	675	1446	1563
CSP32.g5538.t1	95	180	294	1578
CSP34.Sp34_10124610.t1	92	177	291	525	1566
CSP38.g8715.t1	92	177	291	380	525	675	1137	1302	1560
CSP39.g6155.t1	95	180	294	513	603	1647
CSP40.g24248.t1	98	183	297	531	1572
CTROP.Csp11.Scaffold630.g20533.t1	98	183	297	531	1572
CVIRI.g11972.t1	74	156	270	504	654	1278	1536
DCORO.DCO_007909	122	204	318	450	552	702	873	1032	1152	1368	1467	1590
