CAFRA.g17239.t1	123	486
CANGA.Cang_2012_03_13_00001.g13.t1	123	288	486
CBREN.CBN06624	123	288	486
CBRIG.CBG13013	123	288	486
CCAST.g2961.t1	123	288	486
CDOUG.g10494.t1	123	288	486
CELEG.R07G3.1	123	288	486
CJAPO.CJA07809	123	288	486
CKAMA.g5945.t1	123	288	486
CLATE.FL83_09382-RA	123	288	486
CMONO.g9064.t1	123	288	348	486
CNOUR.g22422.t1	123	288	486
CPLIC.g7999.t1	123	288	348	486
CREMA.FL82_14449-RA	123	288	486
CSINI.Csp5_scaffold_00425.g11190.t1	123	288	486
CSP21.g16404.t1	123	288	348	486
CSP26.g6884.t1	123	288	486
CSP28.g15828.t1	123	288	486
CSP29.g9955.t1	123	288	486
CSP31.g27506.t1	123	348	486
CSP32.g16816.t1	123	486
CSP34.Sp34_20250500.t1	15	22	150	315	513
CSP38.g16693.t1	123	288	486
CSP39.g10069.t1	123	288	486
CSP40.g17135.t1	123	288	486
CTROP.Csp11.Scaffold630.g17236.t1	123	288	486
CVIRI.g15718.t1	123	348	486
DCORO.DCO_020943	123	197	288	348	486
