CAFRA.g2719.t1	183	704
CANGA.Cang_2012_03_13_00496.g11530.t1	171	300	414	544	686
CBREN.CBN20692	174	695
CBRIG.CBG06776	171	689
CCAST.g4929.t1	171	300	414	544	686
CDOUG.g26189.t1	156	677
CELEG.B0238.10	171	417	689
CJAPO.CJA06629	186	432	704
CKAMA.g6139.t1	171	686
CLATE.FL83_03879-RA	171	417	689
CMONO.g3897.t1	153	279	393	523
CNOUR.g19769.t1	183	432	704
CPLIC.g8658.t1	123	249	363	490	632
CREMA.FL82_10994-RA	171	417	689
CSINI.Csp5_scaffold_00047.g2451.t1	168	686
CSP21.g9656.t1	126	252	366	496	638
CSP26.g10045.t1	171	689
CSP28.g6267.t1	7	213	462	734
CSP29.g19338.t1	183	432	704
CSP31.g1639.t1	31	303	550	692
CSP32.g11623.t1	19	216	737
CSP34.Sp34_50191800.t1	171	417	689
CSP38.g16017.t1	171	300	414	544	686
CSP39.g19807.t1	429	701
CSP40.g24401.t1	168	686
CTROP.Csp11.Scaffold629.g13174.t1	177	698
CVIRI.g1509.t1	162	288	402	532	674
DCORO.DCO_017945	89	162	288	402	532	674
