CAFRA.g12572.t1	31	114	216	412	527	797
CANGA.Cang_2012_03_13_00345.g9515.t1	51	133	235	377
CBREN.CBN12084	48	150	264	461	628	767
CBRIG.CBG14748	48	150	264	461	589	731
CCAST.g6455.t1	48	150	264	346	461	595	737
CDOUG.g5570.t1	82	157	240	342	456	653	805	950
CELEG.C54H2.1a	48	150	264	461	592	731
CJAPO.CJA15553	102	204	318	515	649	782
CKAMA.g3580.t1	99	201	315	512	640	782
CLATE.FL83_00465-RA	48	150	347	478	617
CMONO.g3445.t1	48	150	264	346	461	607	776
CNOUR.g13214.t1	31	114	216	330	527	661	800
CPLIC.g13840.t1	7	90	192	306	503	625	845
CREMA.FL82_01816-RA	48	150	264	461	592	731
CSINI.Csp5_scaffold_00027.g1556.t1	70	153	255	369	566	712	851
CSP21.g14402.t1	48	150	264	346	461	595	737
CSP26.g7764.t1	99	201	315	512	658	797
CSP28.g10538.t1	99	201	315	397	512	643	782
CSP29.g3940.t1	99	201	315	512	646	785
CSP31.g16019.t1	16	99	397	512	652	788
CSP32.g172.t1	31	114	216	412	527	797
CSP34.Sp34_X0234600.t1	31	114	216	330	527	658	797
CSP38.g10423.t1	7	90	192	306	388	503	637	779
CSP39.g7951.t1	31	114	216	330	412	527	658	797
CSP40.g14009.t1	99	201	315	512	658	797
CTROP.Csp11.Scaffold626.g6574.t1	99	201	315	512	643	782
CVIRI.g2606.t1	250	339	441	555	637	752	889	1034
DCORO.DCO_014733	28	117	333	415	530	652	821
