CAFRA.g17042.t1	81	185	276	489
CANGA.Cang_2012_03_13_00608.g12736.t2	147	251	342	481	555
CBREN.CBN02392	132	236	327	466	540
CBRIG.CBG16844	132	236	327	588
CCAST.g16443.t1	93	197	288	427	501
CDOUG.g25.t1	132	236	327	466	540
CELEG.C39D10.6	132	236	327	466	540
CJAPO.CJA04747	132	236	316	466	540
CKAMA.g1000.t1	132	236	327	466	540
CLATE.FL83_00071-RA	132	236	327	466	540
CMONO.g9771.t1	81	185	276	415	489
CNOUR.g15214.t1	132	236	466	540
CPLIC.g11586.t1	135	239	330	469	543
CREMA.FL82_01368-RA	132	236	327	466	540
CSINI.Csp5_scaffold_03255.g29573.t1	135	239	330	469	543
CSP21.g10558.t1	81	185	276	415	489
CSP26.g10864.t1	135	239	330	469	543
CSP28.g14714.t1	132	236	466	540
CSP29.g12901.t1	81	185	415	489
CSP31.g21356.t1	81	185	276	415	489
CSP32.g4053.t1	198	302	393	606
CSP34.Sp34_X0212700.t1	81	185	276	415	489
CSP38.g13235.t1	147	251	342	481	555
CSP39.g5736.t1	132	236	466	540
CSP40.g8282.t1	135	239	330	469	543
CTROP.Csp11.Scaffold630.g18916.t1	132	236	327	466	540
CVIRI.g12736.t1	132	236	327	466	540
DCORO.DCO_020279	72	176	267	412	486
