CAFRA.g18987.t1	3	110	223	550	663	761
CANGA.Cang_2012_03_13_00246.g7810.t1	99	313
CBREN.CBN23624	89	315	529
CBRIG.CBG10118	89	315	529
CCAST.g13929.t1	48	259	372	586
CDOUG.g4143.t1	89	315	529
CELEG.C40H1.4	89	202	315	529
CJAPO.CJA35858	126	340
CKAMA.g2372.t1	68	235	387	790	807	1029	1284	1477	1749	2048	2182	2634	2709	2804	2917	3030
CLATE.FL83_07438-RA	89	315	529
CMONO.g16557.t1	80	196	309	417	523	636	734
CNOUR.g14122.t1	89	202	642	740
CPLIC.g12337.t1	92	205	532	645	743
CREMA.FL82_15007-RA	89	315	529
CSINI.Csp5_scaffold_01008.g17535.t1	89	315	529
CSP21.g13749.t1	95	211	324	432	538	651	710
CSP26.g18156.t1	89	315	529
CSP28.g16715.t1	89	202	642
CSP29.g1979.t1	89	202	642	740
CSP31.g10481.t1	89	202	423	529	642	740
CSP32.g8536.t1	89	202	529	642	740
CSP34.Sp34_30267300.t1	89	202	315	529
CSP38.g6395.t1	48	259	372	797
CSP39.g7435.t2	89	202	529	642	740	764
CSP40.g3337.t1	89	315	529
CTROP.Csp11.Scaffold629.g9399.t1	89	315	529
CVIRI.g6625.t1	14	104	217	330	657
DCORO.DCO_017203	80	196	309	417	523	636	734
