CAFRA.g11632.t1	160	455	718	900	1034	1305	1586	1822	2097
CANGA.Cang_2012_03_13_00270.g8233.t2	220	277	593	1151	1573	1680	2229	2432
CBREN.CBN13104	148	276	443	706	888	1022	1293	1574	1810	2085
CBRIG.CBG01766	151	279	446	709	891	1025	1296	1577	2133
CCAST.g2165.t1	151	282	724	1040	1598
CDOUG.g10764.t1	145	273	440	703	885	1019	1290	1571	1807	2082
CELEG.K09B11.10	142	270	437	700	882	1016	1287	1568	1804	2079
CJAPO.CJA17132	148	276	443	706	888	1022	1293	1574	1810	2085
CKAMA.g4355.t1	163	291	458	721	903	1037	1308	1589	1825	2100
CLATE.FL83_16032-RA	151	279	446	709	891	1025	1296	1577	1813	2088
CMONO.g20055.t1	166	294	355	461	534	654	724	827	906	1040	1182	1311	1489	1592	1698	1828	1897	2042	2103
CNOUR.g19895.t1	157	285	452	715	897	1031	1302	1583	1819	2094
CPLIC.g8973.t1	151	279	446	519	636	706	891	1025	1167	1296
CREMA.FL82_03496-RA	151	279	446	709	891	1025	1296	1577	1813	2088
CSINI.Csp5_scaffold_00422.g11154.t1	154	449	712	894	1028	1299	1580	1816	2040
CSP21.g14461.t1	83	142	270	331	437	510	630	700	806	885	1019	1164	1269	1550	1656	1789	1858	2003	2064
CSP26.g13704.t1	154	282	449	712	894	1028	1299	1580	1816	2091
CSP28.g12141.t1	160	288	455	718	1034	1305	1586	1822	2097
CSP29.g3055.t1	157	285	452	715	897	1031	1302	1583	1819
CSP31.g5245.t1	142	270	437	630	882	1016	1287	1568	1804	2018
CSP32.g14461.t1	160	455	718	900	1034	1305	1586	1822	2097
CSP34.Sp34_40131710.t1	139	267	434	697	879	1013	1284	1565	1801	2076
CSP38.g21656.t1	151	282	522	718	1037	1308	1592
CSP39.g25200.t1	157	285	452	715	1031	1302	1583	1819
CSP40.g9954.t1	154	282	449	712	894	1028	1299	1580	1816	2091
CTROP.Csp11.Scaffold589.g5024.t2	184	366	500	1097	1333	1608
CVIRI.g6493.t1	148	443	516	706	888	1022	1164	1293	1574	1810
DCORO.DCO_005645	139	227	267	434	507	627	697	879	1013	1111	1155	1284	1462	1565	1671	1855	2000	2093
