CAFRA.g19521.t1	148	670	1385	1541	2202
CANGA.Cang_2012_03_13_00006.g539.t1	103	323	439	487	690	759	933	1142	1298	1388
CBREN.CBN20111	130	607	1295	1451	1685	2091
CBRIG.CBG03074	130	256	742	1430	1626	1679	1910	2316
CCAST.g17147.t2	118	490	637	840	939	1113	1322	1478	1568	1893
CDOUG.g5418.t2	133	607	1295	1451	1685	2091
CELEG.R166.5b	127	598	1286	1442	1676	2079
CJAPO.CJA17091a	92	274	772	1613	1847	2235
CKAMA.g7644.t1	124	676	978	1514	1751	2169
CLATE.FL83_23826-RA	130	616	1304	1460	1694	2103
CMONO.g18850.t1	61	161	346	444	549	837	1031	1274	1527	1740
CNOUR.g13525.t1	145	607	1295	1451	1679	2070
CPLIC.g3985.t1	76	436	639	1124	1280	1511	1750
CREMA.FL82_05415-RA	130	616	1304	1460	1694	2103
CSINI.Csp5_scaffold_00106.g4459.t1	130	199	676	1364	1520	1754
CSP21.g2298.t1	49	146	340	438	543	1022	1265	1403	1617	1723
CSP26.g19172.t1	130	613	1301	1457	1691	2097
CSP28.g1858.t1	136	310	724	1568	1796	2199
CSP29.g13378.t1	142	601	1289	1445	1673
CSP31.g24425.t1	82	227	439	642	1283	1511	1938
CSP32.g11988.t3	178	748	1475	1631	2307
CSP34.Sp34_20292500.t1	130	601	1289	1445	1679	2076
CSP38.g9680.t1	91	421	574	777	1050	1259	1415	1821	1989
CSP39.g179.t1	142	595	1439	1667	2076
CSP40.g17353.t1	133	607	1295	1451	1685	2091
CTROP.Csp11.Scaffold629.g8954.t1	85	562	1250	1406	1640	2046
CVIRI.g2635.t1	97	230	307	436	639	1127	1283	1526	1917
DCORO.DCO_008601	52	209	322	467	704	904	1001	1107	1247	1344	1395	1452
