CAFRA.g5734.t1	187	292	855	938	1196	1434	1707
CANGA.Cang_2012_03_13_01094.g15672.t1	115	450	823	961
CBREN.CBN14717	157	262	478	1002	1085	1340	1578	1854
CBRIG.CBG13976	172	277	879	962	1217	1455	1731	1749
CCAST.g7918.t1	145	596	711	1046
CDOUG.g12870.t1	145	250	1155	1238	1493	1731
CELEG.F58H7.1	166	271	1101	1178	1416	1692
CJAPO.CJA02708	157	262	831	1169	1680
CKAMA.g9829.t1	142	247	831	914	1106	1344	1520
CLATE.FL83_05649-RA	103	660	743	965
CMONO.g11998.t1	34	228	317	429	512	642	849	987	1125
CNOUR.g10181.t1	136	241	810	893	1148	1386	1659
CPLIC.g4201.t1	217	381	458	570	783	905	996	1134	1266	1404
CREMA.FL82_07391-RA	73	711	794	1049	1287	1563
CSINI.Csp5_scaffold_02243.g25591.t1	151	256	1020	1103	1358	1596	1872
CSP21.g4492.t1	148	253	447	527	639	722	1065	1203	1338
CSP26.g15870.t1	160	265	936	1019	1274	1512
CSP28.g2306.t1	151	256	921	1004	1259	1497	1770	2374	2637	2842	3021	3105	3217	3418	3721
CSP29.g15143.t1	133	238	810	893
CSP31.g17145.t1	121	226	369	449	564	647	887	978	1125	1260
CSP32.g17924.t1	160	265	840	923	1178	1416
CSP34.Sp34_40013300.t1	166	271	945	1028	1286	1524	1800
CSP38.g5902.t1	151	632	747	1461	1599
CSP39.g2396.t1	157	262	792	875	1130	1368	1641
CSP40.g13529.t1	145	250	1017	1100	1355	1593	1869
CTROP.Csp11.Scaffold630.g20800.t1	139	244	798	881	1136	1374	1650	1719	1801	1887
CVIRI.g12843.t1	163	268	644	759	842	1094	1326	1461	1599
DCORO.DCO_008409	211	316	468	548	660	743	879	1016	1095	1233	1398
