CAFRA.g14547.t1	428	684
CANGA.Cang_2012_03_13_00051.g2648.t1	110	403	717	855	927
CBREN.CBN14599	434	693	903
CBRIG.CBG00595	440	699
CCAST.g11594.t1	110	403	717	855	927
CDOUG.g18319.t1	437	696	906
CELEG.ZK637.5	434	693	903
CJAPO.CJA17709	918
CKAMA.g5221.t1	440	699	913
CLATE.FL83_18416-RA	437	696
CMONO.g8520.t1	26	177	285	372	423	495	552
CNOUR.g498.t1	440	699
CPLIC.g2824.t1	48	122	176	226	344	492	571	674	825	933	1071	1143
CREMA.FL82_16350-RA	437	696
CSINI.Csp5_scaffold_04939.g34082.t1	440	699
CSP21.g816.t1	98	246	419	570	765	888	945
CSP26.g18145.t1	437	696
CSP28.g16808.t1	440	699
CSP29.g2065.t1	45	113	167	240	686	945
CSP31.g25889.t1	107	334	449	708	918
CSP32.g1794.t1	449	705	915
CSP34.Sp34_30272500.t1	437	696	906
CSP38.g20891.t1	113	708	846
CSP39.g8557.t1	440	699
CSP40.g1444.t1	437	696
CTROP.Csp11.Scaffold629.g9841.t1	440	705	915
CVIRI.g6053.t1	110	337	437	834
DCORO.DCO_015413	104	252	322	410	561	669	756	879
