CAFRA.g11218.t1	10	696	1305
CANGA.Cang_2012_03_13_13177.g24124.t1	246
CBREN.CBN15836	10	99	305	696	1305
CBRIG.CBG03884	10	99	305	696	1305
CCAST.g16418.t1	10	99	305	696	1179	1305
CDOUG.g8061.t1	10	99	305	696	1305
CELEG.Y39G10AR.8	10	99	305	696	1305
CJAPO.CJA14678	10	99	305	696
CKAMA.g5531.t1	10	99	305	696	1305
CLATE.FL83_18548-RA	7	96	302	693	1302
CMONO.g12039.t1	10	102	308	481	573	699	856	1003	1182	1308
CNOUR.g8877.t1	10	99	305	696	1305
CPLIC.g2944.t1	10	99	305	696	853	1000	1179	1305
CREMA.FL82_08115-RB	7	96	302	693	1302
CSINI.Csp5_scaffold_03187.g29358.t1	10	99	305	696	1305
CSP21.g16140.t1	7	69	275	540	666	823	970	1149	1275
CSP26.g7252.t1	10	99	305	696	1305
CSP28.g698.t1	10	305	696	1305
CSP29.g10358.t1	10	99	305	696	1305
CSP31.g562.t1	10	210	305	696	853	1000	1179	1305
CSP32.g8062.t1	10	696	1305
CSP34.Sp34_10222200.t1	10	99	305	696	1305
CSP38.g18620.t1	10	99	305	696	1179	1305
CSP39.g2324.t1	10	305	696	1305
CSP40.g19765.t1	10	99	305	696	1305
CTROP.Csp11.Scaffold598.g5346.t1	10	99	696	1305
CVIRI.g4559.t1	10	204	299	690	994	1299
DCORO.DCO_010639	81	166	287	334	460	552	678	758	835	982	1085	1158	1284
