CAFRA.g7600.t1	104	212	302	358	669	855	910	1106	1199	2006	3295
CANGA.Cang_2012_03_13_00183.g6416.t2	271	582	785	878	1289	2163	2577	3103
CBREN.CBN05174	237	478	588	671	764	1178	1571	2575	2893
CBRIG.CBG05808	247	558	799	909	995	1088	1502	1895	2253	2899	3220
CCAST.g3504.t2	277	588	1025	1118	1529	2403	2817	3250
CDOUG.g9351.t2	128	236	326	382	693	934	1130	1223	1637	2030	2388	3034	3355
CELEG.R13A1.2c	131	239	329	385	696	937	1047	1133	1226	1640	2033	2391	3361
CJAPO.CJA07316	235	546	732	787	897	983	1079	1487	1703	1880	3181
CKAMA.g13575.t1	280	390	701	1009	1347
CLATE.FL83_20910-RA	119	227	317	373	684	925	1035	1121	1214	1625	2018	2376	3022	3343
CMONO.g18200.t1	116	227	314	370	528	672	858	913	1023	1109	1202	1312	1392	1604	1761	1820	1997	2117	2222	2397	2478	2605	2772	2892	3045	3136	3213	3322
CNOUR.g9078.t1	92	200	290	346	469	780	966	1021	1131	1217	1310	1724	1940	2117	3403
CPLIC.g565.t1	250	1091	1392	1718	2376	2790	3163
CREMA.FL82_04023-RA	119	227	317	373	684	925	1035	1121	1214	1625	2018	2376	3022	3343
CSINI.Csp5_scaffold_00088.g3907.t1	250	561	802	912	998	1091	1505	1898	2256	2902	3229
CSP21.g9531.t1	59	115	436	594	738	924	979	1175	1375	1522	1667	1824	1883	2077	2180	2460	2635	2802	2922	3139	3322
CSP26.g1918.t2	149	257	350	406	717	958	1068	1154	1247	1661	2054	2412	3058	3385
CSP28.g16577.t1	92	200	290	346	657	843	898	1008	1094	1187	1601	1817	1994	3280
CSP29.g6853.t1	92	200	290	346	657	843	898	1008	1094	1187	1601	1817	3280
CSP31.g19786.t1	271	582	768	820	1016	1109	1222	1514	2388	2802	3214
CSP32.g5346.t1	110	218	308	364	675	861	916	1112	1205	2012	3301
CSP34.Sp34_40292910.t1	128	236	314	370	681	922	1032	1118	1211	1619	2012	2370	3013	3337
CSP38.g6683.t1	262	573	759	1010	1103	1517	2391	2805	3214
CSP39.g6263.t1	95	203	293	349	660	846	901	1011	1097	1190	1604	1820	1997	3283
CSP40.g18746.t1	253	564	805	915	1001	1094	1508	1901	2259	2905	3232
CTROP.Csp11.Scaffold630.g21130.t1	250	561	802	912	998	1091	1505	1898	2256	2902	3223
CVIRI.g3702.t1	316	627	868	978	1064	1157	1276	1458	1568	1961	2442	2736	2856	3256
DCORO.DCO_003201	454	582	723	806	909	964	1074	1160	1253	1372	1452	1534	1664	1803	1880	2057	2177	2282	2376	2457	2538	2662	2949	3042	3132	3235	3318	3427
