CAFRA.g1637.t1	166	460
CANGA.Cang_2012_03_13_00224.g7352.t1	133	397	680
CBREN.CBN10338	166	262	460
CBRIG.CBG09642	178	274	472
CCAST.g10340.t1	250	533
CDOUG.g3226.t1	166	460
CELEG.F32G8.6	163	259	457
CJAPO.CJA17108	172	268	466
CKAMA.g6377.t1	163	259	457
CLATE.FL83_11790-RA	166	460
CMONO.g6624.t1	48	174	253	349	459	632	710
CNOUR.g22572.t1	163	457
CPLIC.g12723.t1	253	451	536	614
CREMA.FL82_09139-RA	250	544
CSINI.Csp5_scaffold_00522.g12421.t1	166	262	465
CSP21.g4551.t1	78	163	259	369	457	542	620
CSP26.g302.t1	166	262	460
CSP28.g5687.t1	231	344	473	603	861	1074	1279	1573
CSP29.g18738.t1	231	378	461	636	835	1129
CSP31.g731.t1	178	274	472
CSP32.g487.t1	166	460
CSP34.Sp34_50294900.t1	163	259	457
CSP38.g4626.t1	244
CSP39.g8701.t1	163	457
CSP40.g1492.t1	166	262	460
CTROP.Csp11.Scaffold629.g15525.t1	166	262	460
CVIRI.g2259.t1	253	363	536
DCORO.DCO_019115	93	295	405	493	578
