CAFRA.g4383.t1	88	175	277	345	636	960	1138	1288
CANGA.Cang_2012_03_13_00203.g6914.t1	82	172	274	342	633	1135	1285
CBREN.CBN21304	88	178	283	351	462	642	966	1144
CBRIG.CBG10937	85	175	280	348	459	639	963	1141
CCAST.g3233.t1	85	175	277	345	636	1138	1288
CDOUG.g4665.t1	85	175	280	348	459	639	963	1141	1291
CELEG.C16E9.2a	97	187	289	357	468	648	972	1150	1300
CJAPO.CJA11454	54	345	669	847	997
CKAMA.g3366.t1	91	184	286	354	465	645	969	1147	1297
CLATE.FL83_00265-RA	88	178	283	351	462	642	966	1144	1294
CMONO.g11294.t1	112	214	282	393	417	516	657	747	840	1015	1165
CNOUR.g18944.t1	91	181	283	351	462	642	966	1144	1294
CPLIC.g4019.t1	112	230	390	530	682	804	939	1100	1128	1219	1318	1420	1488	1599	1680	1779	1920	2103	2278	2428
CREMA.FL82_01574-RA	88	178	283	351	462	642	966	1144	1294
CSINI.Csp5_scaffold_00029.g1650.t1	91	181	286	351	462	642	966	1144	1294
CSP21.g4179.t1	94	178	280	348	459	639	870	963	1141	1291
CSP26.g21101.t1	88	178	283	348	459	639	963	1141	1291
CSP28.g13845.t1	88	178	283	348	465	645	966	1144	1294
CSP29.g4113.t1	91	181	283	351	462	642	966	1144	1294
CSP31.g20634.t1	187	289	357	468	648	972	1150	1300
CSP32.g9204.t1	88	178	280	348	639	963	1141	1291
CSP34.Sp34_X0197900.t1	88	178	280	348	459	639	963	1141	1291
CSP38.g10831.t1	82	274	342	633	1135	1285
CSP39.g383.t1	88	178	280	348	459	639	963	1141	1291
CSP40.g10854.t1	88	178	283	348	459	639	963	1141	1291
CTROP.Csp11.Scaffold570.g4238.t1	91	181	286	354	465	645	969	1147	1297
CVIRI.g778.t1	79	169	271	339	531	630	954	1132	1282
DCORO.DCO_010797	79	196	298	369	480	660	801	891	1162	1312
