CAFRA.g2425.t1	209	1776
CANGA.Cang_2012_03_13_00658.g13225.t1	376	526	1110
CBREN.CBN15726	191	1755
CBRIG.CBG16681	185	1749
CCAST.g2598.t1	373	1227
CDOUG.g1385.t1	191	1755
CELEG.C14B9.2	191	1755
CJAPO.CJA39581	176	1827
CKAMA.g6864.t1	185	1749
CLATE.FL83_19656-RA	218	1782
CMONO.g16548.t1	194	388	527	701	1041	1116	1242	1447	1602	1758
CNOUR.g1294.t1	194	1758
CPLIC.g12673.t1	170	364	677	882	1218	1734
CREMA.FL82_10274-RA	191	1755
CSINI.Csp5_scaffold_00014.g920.t1	188	1752
CSP21.g7368.t1	161	494	773	1008	1209	1482	1638
CSP26.g10982.t1	188	1752
CSP28.g4468.t1	191	1755
CSP29.g3822.t1	194	1758
CSP31.g8711.t1	179	1026	1587	1743
CSP32.g1775.t1	215	1782
CSP34.Sp34_30229000.t1	182	1746
CSP38.g17520.t1	194	388	1242	1758
CSP39.g28926.t1	191	1755
CSP40.g8200.t1	182	1746
CTROP.Csp11.Scaffold552.g3641.t1	191	1755
CVIRI.g2016.t1	191	385	524	1458
DCORO.DCO_007079	52	192	297	370	528	683	888	1023	1098	1224	1300	1429	1573	1769
