CAFRA.g6812.t1	114	345
CANGA.Cang_2012_03_13_00302.g8832.t1	177
CBREN.CBN25279	105	306
CBRIG.CBG13298	105	306
CCAST.g18336.t1	393
CDOUG.g19687.t1	105	306
CELEG.C18D11.3.1	105	297
CJAPO.CJA09706	10	117	324
CKAMA.g13599.t1	105	303
CLATE.FL83_21020-RA	105	243
CMONO.g5955.t1	52	92	208	394	460
CNOUR.g12365.t1	111	294
CPLIC.g9335.t1	111	291	357
CREMA.FL82_09848-RA	105	255
CSINI.Csp5_scaffold_00239.g7722.t1	105	309
CSP21.g4012.t1	148	309	454	652	719	837	940	1249	1546	1728	1799	1813	1927	2113	2179
CSP26.g6354.t1	105	306
CSP28.g894.t1	45	119	516	710	2205	2331	2505	2756	3075	3248
CSP29.g718.t1	111	294	461	959
CSP31.g11043.t1	111	315	381
CSP32.g3408.t1	45	110	177	362	783	841	1028	1137	2467	2583	2805
CSP34.Sp34_30086700.t1	54	124	231	432
CSP38.g16825.t1	327	393
CSP39.g5187.t1	104	251	411	531	682	953	1037	1161	1335
CSP40.g20641.t1	105	297
CTROP.Csp11.Scaffold629.g14923.t1	111
CVIRI.g13678.t1	111	342
DCORO.DCO_021273	126	195	318	384
