CAFRA.g4805.t1	66	241	403	540	674
CANGA.Cang_2012_03_13_00036.g2021.t1	69	244	406	543	677
CBREN.CBN13891	69	244	406	543	677
CBRIG.CBG17508	175	337	474	608
CCAST.g1239.t1	75	250	412	549	683
CDOUG.g2595.t1	69	244	406	543	677
CELEG.W04G3.1a	210	385	547	684	818
CJAPO.CJA04255a	69	244	406	543	677
CKAMA.g1349.t1	69	244	406	543	677
CLATE.FL83_01201-RA	69	244	406	543	677
CMONO.g18533.t1	288	352	459	514	651	785
CNOUR.g15571.t1	72	247	409	546	680
CPLIC.g5098.t1	66	241	403	540	674
CREMA.FL82_00447-RA	69	244	406	543	677
CSINI.Csp5_scaffold_00025.g1447.t2	162	337	499	636	770
CSP21.g1602.t1	72	247	409	546	680
CSP26.g12192.t1	69	244	406	543	677
CSP28.g13341.t1	72	247	409	546	680
CSP29.g11858.t1	72	247	409	546	680
CSP31.g10070.t1	72	247	409	546	680
CSP32.g1374.t1	66	241	403	540	674
CSP34.Sp34_X0081500.t1	69	244	406	543	677
CSP38.g20657.t1	69	244	406	543	677
CSP39.g19648.t1	72	247	409	546	680
CSP40.g6498.t1	69	244	406	543	677
CTROP.Csp11.Scaffold515.g2641.t1	69	244	406	543	677
CVIRI.g100.t1	264	439	738	872
DCORO.DCO_017613	66	177	241	403	540	674
