CAFRA.g12579.t1	390	562	647	840	951	1228	1341
CANGA.Cang_2012_03_13_00024.g1468.t1	89	488	594	777
CBREN.CBN00983	393	565	650	843	948	1040	1219	1332
CBRIG.CBG14733	387	559	644	837	942	1034	1213	1326
CCAST.g17214.t1	67	402	574	659	1061	1167	1350
CDOUG.g5578.t1	393	565	650	843	948	1040	1219	1332
CELEG.W01C8.5a	393	565	650	843	948	1040	1219	1332
CJAPO.CJA09995b	565	650	843	948	1046	1225	1341
CKAMA.g14064.t1	384	556	641	834	945	1040	1219	1332
CLATE.FL83_00473-RA	393	565	650	843	1088	1267	1380
CMONO.g3146.t2	55	147	211	408	491	580	665	855	972	1043	1149	1219	1353
CNOUR.g13206.t2	393	565	650	800	993	1101	1199	1378	1491
CPLIC.g10987.t1	49	387	559	644	945	1043	1149	1326
CREMA.FL82_01240-RA	393	565	650	843	1088	1267	1380
CSINI.Csp5_scaffold_00027.g1540.t1	393	565	650	843	948	1040	1219	1332
CSP21.g15445.t1	49	138	202	387	470	559	650	837	954	1052	1155	1353
CSP26.g7756.t1	393	565	650	843	948	1040	1219	1332
CSP28.g10530.t1	114	297	696	868	953	1146	1257	1355	1534	1647
CSP29.g3933.t1	393	565	650	843	951	1049	1228	1341
CSP31.g16011.t1	378	550	635	930	1028	1320
CSP32.g165.t1	390	562	647	840	951	1228	1341
CSP34.Sp34_X0235400.t1	399	571	656	849	954	1046	1225	1338
CSP38.g9452.t1	61	405	577	662	963	1061	1167	1350
CSP39.g7943.t1	393	565	650	843	948	1046	1225	1338
CSP40.g17628.t1	393	565	650	843	948	1040	1219	1332
CTROP.Csp11.Scaffold626.g6588.t1	393	565	650	843	948	1040	1219	1332
CVIRI.g2598.t1	61	399	571	656	849	954	1052	1158	1231	1344
DCORO.DCO_009091	199	378	461	550	638	732	825	936	1034	1140	1350
