CAFRA.g12788.t1	178	252	341	458	579	727	807	951	1090	1250	1400	1536	1707	2241	2331	2441	2516
CANGA.Cang_2012_03_13_00158.g5879.t3	5	79	200	321	459	598	758	1044	1583	1839	1949	2024
CBREN.CBN17070	211	285	374	491	612	760	840	984	1123	1283	1433	1569	1740	1911
CBRIG.CBG17350	211	285	491	612	760	840	984	1123	1283	1433	1569	1911	2108	2274	2364	2474	2549
CCAST.g18448.t1	214	288	377	494	615	763	987	1126	1286	1572	2111	2367	2477	2552
CDOUG.g2081.t1	211	285	374	491	612	760	840	984	1123	1283	1433	1569	1740	1911	2108	2274	2364	2474	2549
CELEG.F08B12.1	211	285	374	491	612	760	840	984	1123	1283	1433	1569	1740	1911	2108	2274	2364	2474	2549
CJAPO.CJA12164	205	279	368	485	606	754	834	978	1117	1277	1427	1563	1734	1905	2102	2268	2358	2468	2543
CKAMA.g1295.t1	211	285	374	491	612	760	840	984	1123	1283	1433	1569	1740	1911	2108	2274	2364	2474	2549
CLATE.FL83_01126-RA	211	285	374	491	612	760	840	984	1123	1283	1433	1569	1740	1911	2108	2274	2364	2474	2549
CMONO.g1729.t1	199	273	362	479	600	715	795	939	1078	1238	1388	1524	1695	1866	2063	2229	2319	2429	2504
CNOUR.g4872.t1	214	288	377	494	615	763	843	987	1126	1286	1436	1572	1743	1914	2277	2367	2477	2552
CPLIC.g9015.t1	102	330	474	613	773	1059	1407	1604	1770	1860	1970	2048
CREMA.FL82_00521-RA	211	285	374	491	612	760	840	984	1123	1283	1433	1569	1740	1911	2108	2145	2235	2345	2420
CSINI.Csp5_scaffold_00458.g11643.t1	211	285	374	491	612	760	840	984	1123	1283	1433	1569	1740	1911	2108	2274	2364	2474	2549
CSP21.g13921.t1	256	330	419	539	660	808	888	1032	1171	1617	1788	1959	2058	2156	2322	2412	2522	2594
CSP26.g7225.t1	211	285	374	491	612	760	840	984	1123	1283	1433	1569	1740	1911	2108	2274	2364	2474	2549
CSP28.g9575.t1	214	288	377	494	615	763	843	987	1126	1286	1436	1572	1743	1914	2277	2367	2477	2552
CSP29.g11791.t1	214	288	377	494	615	763	843	987	1126	1286	1436	1572	1743	1914	2277	2367	2477	2552
CSP31.g10054.t1	202	276	365	482	603	751	975	1114	1274	1424	1560	1902	2099	2265	2355	2465	2540
CSP32.g2860.t1	211	285	374	491	612	760	840	984	1123	1283	1433	1569	1740	2274	2364	2474	2549
CSP34.Sp34_X0088500.t1	211	285	374	491	612	760	840	984	1123	1283	1433	1569	1740	1911	2108	2274	2364	2474	2549
CSP38.g11215.t1	211	285	374	491	612	760	840	984	1123	1283	1569	2108	2364	2474	2549
CSP39.g28782.t1	214	288	377	494	615	763	843	987	1126	1286	1436	1572	1743	1914	2277	2367	2477	2552
CSP40.g12625.t1	211	285	374	491	612	760	840	984	1123	1283	1433	1569	1740	1911	2108	2274	2364	2474	2549
CTROP.Csp11.Scaffold49.g279.t1	211	285	374	491	612	760	840	984	1123	1283	1433	1569	1740	1911	2108	2274	2364	2474	2549
CVIRI.g8273.t1	193	267	356	473	594	822	966	1105	1265	1415	1551	1893	2090	2256	2346	2456	2531
DCORO.DCO_004557	190	264	409	479	600	748	828	972	1111	1268	1418	1554	1808	1896	2102	2268	2358	2468	2558
