CAFRA.g4405.t1	60	264	492	621	982	1116	1647	1790	1884	2074	2169	2437	2529	2653	2820	2937	3060	3365	3592	3654	3748	3882	4146	4278	4378	4485	4566	4654	4761	4869	4958
CANGA.Cang_2012_03_13_00514.g11730.t1	196	291	535	685	767	1141	1203	1413
CBREN.CBN00072	55	119	213	397	498	778	870	1161	1278	1401	1559	1706	1933	1995	2092	2226	2496	2749	2853	2934	3022	3129	3246	3335
CBRIG.CBG10970	22	86	180	301	402	679	771	895	1062	1185	1343	1490	1717	1779	1873	2007	2268	2394	2506	2613	2694	2782	2889	3006	3095	3145	3386	3625	3807	4026	4102
CCAST.g15326.t1	46	110	204	388	483	781	873	1164	1281	1404	1562	1936	1998	2208
CDOUG.g13148.t1	55	119	213	397	498	778	870	1161	1278	1401	1559	1706	1933	1995	2089	2223	2625	2731	2838	2919	3007	3114	3255	3344
CELEG.C36B7.5b	55	119	213	397	498	775	867	991	1158	1275	1398	1556	1703	1930	1992	2086	2233	2490	2622	2737	2841	2922	3010	3117	3234	3323
CJAPO.CJA16973c	83	177	361	459	736	828	955	1122	1822	1884	1978	2112	2382	2514	2614	2796	2884	2991	3099	3188
CKAMA.g3380.t1	55	119	213	397	498	772	864	988	1067	1184	1307	1465	1595	1822	1884	1978	2112	2385	2602	2712	2793	2848	2955	3069	3158	3217	3396	3612	3691
CLATE.FL83_00240-RA	62	156	340	441	721	813	937	1104	1221	1344	1502	1649	1876	1938	2032	2166	2436	2568	2677	2787	2872	2979	3108	3197
CMONO.g6726.t1	46	110	204	310	402	514	616	708	832	996	1110	1233	1391	1538	1592	1691	1771	1827	1921	2058	2158	2239	2373	2505	2670	2754	2839	2955	3054	3143
CNOUR.g18967.t1	367	459	626	743	866	1211	1438	1500	1594	1728	2004	2257	2367	2448	2536	2643	2742	2831
CPLIC.g1422.t1	45	229	324	490	574	666	790	957	1077	1658	1732	1794	2022	2146	2280	2412	2568	2731	2829	2925	3014
CREMA.FL82_01545-RA	62	148	270	454	555	832	924	1048	1215	1332	1455	1613	1760	1987	2049	2143	2277	2547	2679	2788	2886	2967	3046	3153	3282	3371
CSINI.Csp5_scaffold_00059.g2892.t2	45	229	330	607	699	823	990	1107	1230	1388	1535	1762	1824	1918	2052	2322	2454	2569	2676	2757	2845	2952	3060	3109
CSP21.g11898.t1	43	107	388	658	739	973	1137	1248	1371	1529	1679	1733	1832	1906	1983	2071	2199	2347	2469	2607	2782	3033	3118	3216	3315	3404
CSP26.g8997.t1	45	229	330	598	690	814	939	1056	1179	1337	1484	1711	1773	1867	2001	2271	2403	2518	2625	2706	2794	2901	3009	3098
CSP28.g3409.t1	16	108	292	393	711	803	930	1097	1214	1311	1616	1731	1825	1959	2235	2367	2622	2703	2791	2898	3009	3167	3295	3474	3696	3775
CSP29.g4135.t1	60	267	495	624	1491	1650	1805	1899	2083	2181	2461	2553	2680	2847	2964	3087	3245	3392	3507	3601	3735	4011	4264	4374	4455	4554	4712	4840	5019	5241	5320
CSP31.g20601.t1	52	116	210	394	489	646	751	843	967	1134	1251	1385	1535	1682	1835	1909	1971	2068	2202	2332	2725	2820	2895	2983	3177
CSP32.g5611.t1	60	264	492	621	982	1116	1647	1790	1884	2074	2169	2434	2526	2650	2817	2934	3057	3362	3589	3651	3745	3879	4143	4275	4375	4482	4563	4651	4758	4866	4955	5005	5184	5400	5479
CSP34.Sp34_X0199500.t1	55	119	213	397	498	784	876	1000	1167	1284	1407	1565	1712	1939	2001	2095	2229	2499	2631	2740	2844	2925	3013	3123	3237	3326
CSP38.g10951.t1	60	360	894	1128	1500	1659	1820	1897	1961	2055	2239	2334	2608	2700	2988	3105	3228	3386	3686	3760	3822	4032	4722
CSP39.g7698.t1	60	267	495	624	891	985	1236	1491	1650	1805	1899	2083	2181	2509	2601	2728	2895	3012	3135	3293	3440	3667	3729	3823	3963	4233	4365	4626	4707	4795	4902	5004	5093
CSP40.g2182.t1	45	229	330	598	690	814	981	1098	1221	1379	1526	1753	1815	1909	2043	2313	2445	2560	2664	2745	2833	2940	3048	3137
CTROP.Csp11.Scaffold578.g4505.t3	45	229	330	607	699	990	1113	1271	1369	1431	1525	1659	2061	2170	2265	2353	2460	2574	2663
CVIRI.g1460.t1	55	119	213	655	852	979	1146	1263	1386	1541	1688	1915	2208	2466	2598	2790	2865	2953	3060	3156	3245
DCORO.DCO_025557	49	113	335	412	516	703	894	1050	1097	1170	1293	1368	1451	1544	1601	1703	1817	1956	2047	2077	2184	2362	2490	2625	2874	2965	3078	3174	3263
