CAFRA.g10861.t1	124	213	290	420	574	711
CANGA.Cang_2012_03_13_00008.g695.t1	168
CBREN.CBN25219	124	213	290	420	574	711
CBRIG.CBG05235	87	164	294	448	585
CCAST.g1184.t1	193	359	489
CDOUG.g12587.t2	193	288	365	495	649	786
CELEG.F17H10.2a	124	213	290	420	574	711
CJAPO.CJA17838	124	213	290	420	574	711
CKAMA.g8436.t1	124	213	290	420	574	711
CLATE.FL83_01939-RA	127	216	293	423	577	714
CMONO.g15438.t1	87	164	294	448	594
CNOUR.g4531.t1	124	213	290	420	574	711
CPLIC.g14772.t1	181	347	477	631	768
CREMA.FL82_02088-RA	127	216	293	423	577	714
CSINI.Csp5_scaffold_00954.g17056.t1	124	213	290	420	574	711
CSP21.g9607.t1	25	114	191	321	475	612
CSP26.g1012.t2	127	222	299	429	583	720
CSP28.g6732.t1	124	213	290	420	574	711
CSP29.g824.t1	124	213	290	420	574	711
CSP31.g11977.t1	88	254	384	538	675
CSP32.g12458.t1	124	213	290	420	574	711
CSP34.Sp34_X0156300.t1	124	213	290	420	574	711
CSP38.g3513.t1	187	276	353	483
CSP39.g9104.t1	124	213	290	420	574
CSP40.g14926.t1	124	213	290	420	574	711
CTROP.Csp11.Scaffold629.g10150.t1	124	219	296	426	580	717
CVIRI.g8628.t1	148	317	447	601	738
DCORO.DCO_020171	87	164	448	585
