CAFRA.g2452.t1	201	1606
CANGA.Cang_2012_03_13_00029.g1695.t1	195	894
CBREN.CBN01863	204	1453	1579
CBRIG.CBG22418	201	1465	1591
CCAST.g7372.t1	195	894
CDOUG.g14798.t1	204	1453	1579
CELEG.F27E11.3	201	1477	1603
CJAPO.CJA02673	204	1588
CKAMA.g3727.t1	201	1459	1585
CLATE.FL83_05320-RA	201	1462	1588
CMONO.g14356.t1	198	338	722	945	1122	1290	1480	1606
CNOUR.g20263.t1	201	1483
CPLIC.g2654.t1	189	329	1408	1534
CREMA.FL82_13507-RA	201	1462	1588
CSINI.Csp5_scaffold_03086.g29013.t1	201	1450	1576
CSP21.g13240.t1	186	326	573	885	1062	1150	1420
CSP26.g9394.t1	201	1450	1576
CSP28.g10635.t1	84	1357	1483
CSP29.g173.t1	198	1471	1597
CSP31.g10650.t1	186	1429	1555
CSP32.g5428.t1	201	1606
CSP34.Sp34_50068500.t1	198	1468	1594
CSP38.g12711.t1	192	888
CSP39.g10838.t1	210	1498
CSP40.g8968.t1	201	1462	1588
CTROP.Csp11.Scaffold629.g13065.t1	207	1558
CVIRI.g11712.t1	189	882	1059	1417
DCORO.DCO_008035	102	207	347	453	510	677	900	1077	1245	1438	1564
