CAFRA.g10371.t1	136	570	686	925
CANGA.Cang_2012_03_13_00482.g11359.t1	138	344	583
CBREN.CBN00672	136	231	313	570	925
CBRIG.CBG03991	136	231	313	570	925
CCAST.g19617.t1	480	686	925
CDOUG.g1810.t1	64	202	297	379	636	991
CELEG.Y74C10AR.1a	136	570	925
CJAPO.CJA16895	136	313	570	686
CKAMA.g12068.t1	136	231	570	925
CLATE.FL83_10418-RA	136	231	313	570	925
CMONO.g18693.t1	157	301	440	577	672	754	921	1011	1127	1293
CNOUR.g2162.t1	136	231	570	686	925
CPLIC.g293.t1	136	231	480	570	686
CREMA.FL82_20164-RA	136	231	313	570	859
CSINI.Csp5_scaffold_00542.g12628.t1	90	445
CSP21.g4208.t1	136	231	313	480	570	686	852
CSP26.g17388.t1	136	313	570
CSP28.g2529.t1	136	231	570	925
CSP29.g17764.t1	136	231	570	686	925
CSP31.g7479.t1	136	231	483	573	689	928
CSP32.g7502.t1	136	570	686	925
CSP34.Sp34_10283600.t1	136	231	313	570	925
CSP38.g21274.t1	480	686	925
CSP39.g6207.t1	136	231	570	925
CSP40.g17042.t1	136	231	313	570	925
CTROP.Csp11.Scaffold630.g17133.t1	136	231	313	570	925
CVIRI.g11080.t1	136	231	480	570	686	925
DCORO.DCO_014949	3	181	358	531	621	740	822	906
