CAFRA.g14486.t1	174	262	342	802	928	1139
CANGA.Cang_2012_03_13_00030.g1748.t1	280	471	820
CBREN.CBN02005	165	253	333	793	919	1008	1130
CBRIG.CBG09229	165	257	319	399	859	985	1196
CCAST.g6111.t1	280	471	820
CDOUG.g1394.t1	165	253	333	793	919	1008	1130
CELEG.T24A11.3	165	253	333	793	919	1008	1130
CJAPO.CJA17323	253	793	919	1130
CKAMA.g9310.t1	186	274	354	814	940	1029	1094	1328	1469	1744
CLATE.FL83_10247-RA	165	253	333	793	919	1008	1130
CMONO.g2207.t1	165	253	333	444	512	612	684	793	869	919	1008	1130
CNOUR.g19728.t1	162	250	330	916	1005	1127
CPLIC.g4912.t1	147	235	494	775	1106
CREMA.FL82_10282-RA	190	270	730	856	945	1067
CSINI.Csp5_scaffold_00014.g910.t1	165	253	333	793	919	1008	1130
CSP21.g14712.t1	165	253	333	444	684	793	869	919	1008	1130
CSP26.g10974.t1	165	253	333	793	919	1008	1130
CSP28.g16603.t1	162	250	330	790	916	1005	1127
CSP29.g9451.t1	162	748	837	959
CSP31.g8705.t1	171	259	339	518	799	925	1136	1210	1448	1589	1692	1755	1882	2160
CSP32.g9134.t1	168	256	336	796	922	1133
CSP34.Sp34_30227710.t1	165	253	333	793	919	1008	1130
CSP38.g3286.t1	201	289	369	548	829	955	1044	1166
CSP39.g9524.t1	156	244	324	784	910	1121
CSP40.g8193.t1	165	253	333	793	919	1008	1130
CTROP.Csp11.Scaffold552.g3652.t1	165	253	333	793	919	1008	1130
CVIRI.g12627.t1	92	196	390	478	558	737	909	1018	1144	1233	1355
DCORO.DCO_011841	301	381	516	551	732	841	899	967	1056	1178
