CAFRA.g17596.t1	146	267	498	774
CANGA.Cang_2012_03_13_08929.g21786.t1	
CBREN.CBN03949	177	408	684
CBRIG.CBG06270	177	408	684	877	1012	1110	1786
CCAST.g15365.t1	62	183	420	570	696	814	949	1047	1536	1675
CDOUG.g14484.t1	177	408	684	760	895	993	1669
CELEG.C42C1.10d	177	408	684	814	949	1047	1723
CJAPO.CJA22181	273
CKAMA.g10274.t1	177	408	684	926	952	1087	1185	1861
CLATE.FL83_04832-RA	177	408	684	801	856	954	1630
CMONO.g5733.t1	62	183	321	414	478	561	687	801	925	1060	1158	1279	1461	1535	1674	1813
CNOUR.g19328.t1	136	315	546	822	1042	1177	1275	1951
CPLIC.g1198.t1	62	183	321	414	481	564	690	804	937	1072	1170	1398	1550	1695	1834
CREMA.FL82_03747-RA	136	294	525	801	964	1099	1197	1873
CSINI.Csp5_scaffold_00142.g5500.t1	177	408	684	904	1039	1137	1813
CSP21.g15740.t1	62	183	321	478	561	687	801
CSP26.g5373.t1	177	408	684	814	949	1047	1717
CSP28.g9328.t1	137	357	588	864	1109	1150	1285	1383	2053
CSP29.g3705.t1	130	348	579	855	1100	1138	1273	1371	2047
CSP31.g15803.t1	62	183	414	564	690	804	853	988	1207	1371	1602	1741
CSP32.g11006.t1	149	381	612	888
CSP34.Sp34_40241100.t1	177	408	684	922	1057	1155	1828
CSP38.g8335.t1	62	183	420	570	696	810	874	1009	1107	1599	1738
CSP39.g6224.t1	177	408	684	775	910	1008
CSP40.g22685.t1	177	408	684	760	895	993	1669
CTROP.Csp11.Scaffold629.g12734.t1	177	408	684
CVIRI.g3353.t1	62	183	414	481	801	919	1054	1273	1671
DCORO.DCO_015881	62	183	261	321	478	561	684	747	837
