CAFRA.g12276.t1	117	189	344	453	498	565	711	1008	1143	1296	2039	2268	2376	2576
CANGA.Cang_2012_03_13_00002.g228.t1	117	189	453	498	565	708	993	1116	1272	1944	2057	2271	2361	2528
CBREN.CBN02008	171	216	283	429	723	858	1011	1260	1781	1998	2106	2306
CBRIG.CBG07311	117	189	503	624	669	736	909	1398	1551	1800	2312	2535	2643	2846
CCAST.g5311.t1	117	189	453	498	565	708	993	1116	1272	1941	2054	2268	2358	2525
CDOUG.g994.t1	171	216	283	429	723	858	1011	1260	1763	1980	2082	2282
CELEG.C33G3.1b.1	117	189	344	453	498	565	711	1002	1137	1290	1539	2036	2256	2352	2552
CJAPO.CJA18395	171	216	283	429	732	867	1020	1269	1775	2001	2109	2309
CKAMA.g484.t1	117	189	453	498	565	711	1005	1140	1293	1542	2066	2286	2391	2591
CLATE.FL83_01508-RA	5	135	207	362	471	594	639	706	852	1143	1278	1431	1680	2186	2406	2511	2711
CMONO.g4313.t1	171	216	283	408	590	711	843	984	1110	1233	1344	1434	1506	1619	1809	1914	2081
CNOUR.g17458.t1	117	189	344	453	498	565	711	996	1131	1284	1533	2021	2253	2358	2555
CPLIC.g10003.t1	168	213	280	423	708	852	1170	1293	1644	1754	1899	1998	2150
CREMA.FL82_02688-RA	171	216	283	429	720	855	1008	1257	1772	1992	2097	2297
CSINI.Csp5_scaffold_01497.g21288.t2	138	183	250	396	690	825	978	1227	1742	1959	2067	2267
CSP21.g7899.t1	60	150	215	324	369	436	573	758	870	1005	1149	1410	1515	1653	1886	2046	2127	2270
CSP26.g13573.t1	36	103	249	543	678	831	1080	1592	1809	1917	2117
CSP28.g8170.t1	171	216	283	429	717	870	1607	1842	1947	2141
CSP29.g8465.t1	171	216	283	433	699	852	1101	1589	1824	1929	2126
CSP31.g19090.t1	117	189	344	453	498	565	708	999	1134	1281	1407	1905	2012	2205	2301	2468
CSP32.g12909.t2	117	189	344	453	759	804	871	1017	1314	1449	1602	2342	2568	2676	2873
CSP34.Sp34_X0116010.t1	117	189	344	453	498	565	711	1005	1140	1293	1542	2045	2265	2370	2570
CSP38.g16476.t1	171	216	283	426	717	840	999	1635	1745	1956	2034	2228
CSP39.g27604.t1	117	189	344	453	498	565	711	999	1134	1287	1536	2027	2265	2370	2561
CSP40.g11009.t1	171	216	283	429	723	858	1011	1260	1769	1986	2094	2294
CTROP.Csp11.Scaffold630.g22086.t1	117	189	344	453	498	565	711	999	1134	1287	1536	2048	2265	2364	2561
CVIRI.g199.t1	171	216	283	426	714	849	1116	1239	1617	1917	2007
DCORO.DCO_003953	15	105	279	391	543	636	746	843	951	1110	1251	1377	1506	1653	1794	2168	2472	2589	2807
