CAFRA.g11292.t1	165	320	489	1416
CANGA.Cang_2012_03_13_00242.g7718.t1	360	619	825
CBREN.CBN14221	165	320	489	1416
CBRIG.CBG09450	165	320	1485
CCAST.g6602.t1	165	320	489	945	1204	1410
CDOUG.g8731.t1	165	320	489	1416
CELEG.W07G4.4	165	320	489	1416
CJAPO.CJA12709	165	320	489	1416
CKAMA.g18834.t1	165	320	489	1006	1353	1621	2267
CLATE.FL83_07662-RA	165	320	489	1416
CMONO.g3040.t1	159	247	314	483	618	738	945	1063	1201	1293	1407	1538
CNOUR.g7764.t1	320	489	1416
CPLIC.g3872.t1	35	213	301	368	537	672	792	880	999	1464	1595
CREMA.FL82_15838-RA	165	320	489	1416
CSINI.Csp5_scaffold_00416.g11055.t1	165	320	489	1416
CSP21.g5821.t1	165	253	320	489	744	951	1210	1416	1547
CSP26.g20122.t1	165	320	489	1416
CSP28.g16337.t1	9	350	519	1446
CSP29.g19655.t1	320	489	1416
CSP31.g3303.t1	165	320	489	1210	1416	1547
CSP32.g8247.t1	165	320	489	1416
CSP34.Sp34_50274520.t1	165	320	489	1416
CSP38.g15483.t1	165	320	489	945	1204	1410
CSP39.g5144.t2	320	489	1422
CSP40.g9507.t1	165	320	489	1416
CTROP.Csp11.Scaffold461.g1476.t1	3	192	347	516	1443
CVIRI.g1205.t1	165	320	489	744	832	1210	1416
DCORO.DCO_008591	52	213	368	537	669	789	996	1158	1255	1347	1461	1592
