CAFRA.g17393.t1	30	136	202	408	510	592	802	1161	1220	1437	1959
CANGA.Cang_2012_03_13_01104.g15690.t1	784
CBREN.CBN13459	385	642
CBRIG.CBG18919	15	121	166	381	483	565	1301	1783	2046
CCAST.g10980.t2	24	136	181	586	793	1280	2061
CDOUG.g1496.t1	27	133	178	393	495	577	1310	1789	2049
CELEG.F13H6.1b.1	27	133	178	393	495	577	1301	1777	2049
CJAPO.CJA17884	27	160	205	411	513	595	805	1507	1584
CKAMA.g11821.t1	27	133	178	393	495	577	787	1283	1762	2022
CLATE.FL83_10766-RA	15	121	166	381	483	565	1313	1795	2052
CMONO.g6366.t2	576	715	819	919	964	1035	1167	1305	1399	1506	1606	1742	2069	2298	2442	2566	2703
CNOUR.g6307.t2	27	133	178	384	486	568	772	2004
CPLIC.g4429.t1	27	154	495	1202	1317	1657	1878
CREMA.FL82_18796-RA	18	105	211	256	471	573	655	1409	1891	2148
CSINI.Csp5_scaffold_00123.g4962.t1	27	133	178	393	495	577	1310	1792	2046
CSP21.g10732.t1	33	148	193	396	489	568	893	1014	1235	1593	1702	1836	1947
CSP26.g13255.t1	15	121	166	381	483	565	1283	1765	2019
CSP28.g6399.t1	15	121	166	372	474	556	760	1992
CSP29.g18608.t1	121	166	372	474	556	760	1983
CSP31.g11294.t1	27	136	181	387	489	577	787	1768	2025
CSP32.g17878.t1	30	136	202	408	510	592	802	1136	1148	1365	1878
CSP34.Sp34_50210700.t1	27	133	178	393	495	577	1340	1819	2070
CSP38.g13805.t1	27	178	396	583	793	2130
CSP39.g4370.t2	27	133	178	384	486	568	772	820
CSP40.g11741.t1	27	133	178	393	495	577	1298	1780	2034
CTROP.Csp11.Scaffold630.g17550.t1	27	133	178	393	495	577	1298	1777	2034
CVIRI.g550.t1	27	133	178	384	483	565	775	1319	1539	1804	2070
DCORO.DCO_006293	33	133	204	327	435	517	624	724	863	1017	1202	1329	1419	1479	1563	1705	1857	1998
