CAFRA.g13896.t1	141	372	1736
CANGA.Cang_2012_03_13_00035.g1977.t1	132	363	531	762	930	1180	1787
CBREN.CBN00278	141	372	540	1079
CBRIG.CBG14528	141	372	540	1079
CCAST.g18856.t1	132	363	531	1727
CDOUG.g3401.t1	141	372	540	1079
CELEG.F55D10.3	144	375	543
CJAPO.CJA16282	144	375	543	1739
CKAMA.g3168.t1	141	372	540	1079	2100	2255	2448
CLATE.FL83_00620-RA	30	261	429	968	2052	2207	2400
CMONO.g12636.t1	138	369	537	688	853	1558	1715	1922
CNOUR.g10700.t1	141	372	540	1736
CPLIC.g6746.t1	129	360	528	679	1067	1567	1724	1893	2051	2244
CREMA.FL82_01081-RA	156	387	555	1094	2178	2333	2526
CSINI.Csp5_scaffold_00053.g2688.t1	246	414	953
CSP21.g12136.t1	126	357	525	676	859	1064	1215	1564	1721	1847	1971
CSP26.g22001.t1	141	372	540	1079	2142	2297	2490
CSP28.g9820.t1	30	261	429	1625
CSP29.g11535.t1	6	237	405	1601	2037	2192	2385
CSP31.g19130.t1	135	366	534	1573	1730
CSP32.g8404.t1	141	372	1736
CSP34.Sp34_X0251200.t1	141	372	540	1079
CSP38.g13017.t1	129	360	528	1067	1724
CSP39.g26699.t1	141	372	540	1736
CSP40.g12421.t1	141	372	540	1079
CTROP.Csp11.Scaffold622.g6294.t1	141	372	540	1079
CVIRI.g13997.t1	141	372	540	1579	1736
DCORO.DCO_005783	144	375	546	697	761	880	1085	1239	1427	1588	1745	1881
