CAFRA.g12874.t1	227	382	670
CANGA.Cang_2012_03_13_00320.g9147.t1	51	284	439
CBREN.CBN14983	227	382	670
CBRIG.CBG02023	221	376	664
CCAST.g18434.t1	233	388
CDOUG.g15969.t1	227	382	670
CELEG.F52B10.2	227	382	670
CJAPO.CJA08810a	77	302	457	745
CKAMA.g1246.t1	227	382	670
CLATE.FL83_01061-RA	92	320	475	763
CMONO.g17191.t1	227	382	557	670	783	838	1055	1189	1328	1410
CNOUR.g6333.t1	221	376	664
CPLIC.g12498.t1	230	385	673
CREMA.FL82_00586-RA	227	382	670
CSINI.Csp5_scaffold_00156.g5834.t1	221	376	664
CSP21.g11596.t1	227	382	557	670
CSP26.g21152.t1	227	382	670
CSP28.g9625.t1	4	72	185	413	568	856
CSP29.g11741.t1	148	436
CSP31.g18391.t1	230	385	560
CSP32.g5723.t1	227	382	670
CSP34.Sp34_X0094900.t1	227	382	670
CSP38.g553.t1	200	355	643
CSP39.g15191.t1	227	382	670
CSP40.g12562.t1	182	337	625
CTROP.Csp11.Scaffold582.g4681.t1	85	373
CVIRI.g431.t1	236	391	566
DCORO.DCO_015831	243	311	466	626	739	849
