CAFRA.g19155.t1	109
CANGA.Cang_2012_03_13_00001.g54.t1	187	571
CBREN.CBN03934	106	681
CBRIG.CBG17683	106	672
CCAST.g12254.t1	184	574
CDOUG.g1695.t1	103	675
CELEG.T14A8.1	115	672
CJAPO.CJA17896	486
CKAMA.g18658.t1	106	681
CLATE.FL83_19190-RA	115	693
CMONO.g3392.t1	112	205	360	456	544	672
CNOUR.g3454.t1	109	678
CPLIC.g2256.t1	91	184	426	535	774	862	975
CREMA.FL82_02965-RA	115	696
CSINI.Csp5_scaffold_00067.g3164.t1	50	160	729
CSP21.g603.t1	324	423	514	744	823
CSP26.g14939.t1	106	672
CSP28.g13913.t1	106	678
CSP29.g3275.t1	109	678
CSP31.g3663.t1	94	570	972
CSP32.g14726.t1	106
CSP34.Sp34_40101020.t1	106	681
CSP38.g16625.t1	163	562
CSP39.g3782.t1	112	383	732
CSP40.g6594.t1	109	678
CTROP.Csp11.Scaffold629.g7539.t1	106	352	534
CVIRI.g1633.t1	118	693	1029
DCORO.DCO_011769	126	352	483	588	825	930	1113
