CAFRA.g8003.t1	142	853
CANGA.Cang_2012_03_13_00901.g14840.t1	28	892
CBREN.CBN00735	28	158	261	584
CBRIG.CBG18358	28	158	261	584
CCAST.g3484.t1	28	892
CDOUG.g1113.t1	28	158	261	584
CELEG.Y45F3A.1	28	158	261	584
CJAPO.CJA11127	74	177	694	846	925	1273	1544
CKAMA.g13008.t1	74	177	500	670
CLATE.FL83_11426-RA	158	261	584
CMONO.g18597.t1	25	182	285	396	534	608	763	885	991
CNOUR.g13052.t1	28	261	584
CPLIC.g13423.t1	7	137	240	351	563
CREMA.FL82_20785-RA	158	261	584
CSINI.Csp5_scaffold_00128.g5088.t1	28	158	261	584
CSP21.g2857.t1	51	162	300	374	526	688
CSP26.g4863.t1	28	158	261	584
CSP28.g4754.t1	177	500	911	1460	1473	1588	1892	2056	2275
CSP29.g2576.t1	76	309	632	979	1108	1367
CSP31.g10477.t1	22	152	363	575	742
CSP32.g2627.t1	28	739
CSP34.Sp34_30125700.t1	31	161	264	587
CSP38.g4066.t1	28	158	375	730	856
CSP39.g8345.t1	177	283	551
CSP40.g430.t1	28	158	261	584
CTROP.Csp11.Scaffold628.g7343.t1	28	158	261	584
CVIRI.g12594.t1	28	158	510	865	1011
DCORO.DCO_028218	7	137	243	363	492	654	786
