CAFRA.g13163.t1	79	714	968	1275
CANGA.Cang_2012_03_13_00336.g9394.t1	187	426	605	714	968	1116	1275
CBREN.CBN24509	380	971
CBRIG.CBG11740	79	380	513	608	866	971	1278
CCAST.g12626.t1	187	426	605	714	801	968	1116	1275
CDOUG.g11613.t1	380	513	971	1278
CELEG.R155.1a	79	380	513	608	866	971	1278
CJAPO.CJA02898	79	605	714	863	968	1275
CKAMA.g2171.t1	79	380	513	717	866	971
CLATE.FL83_08916-RB	79	380	513	608	866	971	1278
CMONO.g3953.t1	79	187	294	423	483	602	711	798	860	965	1113	1272	1383
CNOUR.g240.t1	79	605	714	968	1275
CPLIC.g6956.t1	187	294	423	483	602	711	798	860	965	1113	1272
CREMA.FL82_11727-RA	79	380	513	608	866	971	1278
CSINI.Csp5_scaffold_01225.g19400.t1	79	380	513	608	866	971	1278
CSP21.g6825.t1	79	187	294	423	483	711	798	860	965	1113	1272
CSP26.g11092.t1	79	380	513	608	866	971	1278
CSP28.g1840.t1	79	605	714	968	1275
CSP29.g5098.t1	338	997	1093	1206	1357	1617	1862	2154	2331	2592	2694	2717	2818	3344	3453	3707	4014
CSP31.g6229.t1	79	187	605	714	801	863	968	1275
CSP32.g9676.t1	79	714	968	1275
CSP34.Sp34_30307100.t1	79	380	608	866	971	1278
CSP38.g4394.t1	79	187	294	426	605	714	801	968	1116	1275
CSP39.g6386.t1	79	561	762	1016	1146	1317
CSP40.g4531.t1	79	380	608	866	971	1278
CTROP.Csp11.Scaffold629.g14344.t1	380	971	1278
CVIRI.g11808.t1	79	187	426	602	711	798	965	1113	1272
DCORO.DCO_009647	79	187	294	423	496	605	717	866	971	1119	1186	1278	1404
