CAFRA.g192.t1	46	122
CANGA.Cang_2012_03_13_00229.g7433.t2	49	104	1122	1562	1756
CBREN.CBN28043	46	119	1137	1713
CBRIG.CBG06014	46	119	1137	1713
CCAST.g7783.t1	49	104	1122	1451
CDOUG.g3495.t1	46	119	1137	1713
CELEG.T05E11.3a.1	46	116	1134	1710
CJAPO.CJA15354	46	119	1137	1713
CKAMA.g6633.t1	46	110	1704
CLATE.FL83_12817-RA	46	119	1137	1713
CMONO.g6996.t1	52	164	255	423	768	882	1080	1173	1347	1502	1749	2013	2166
CNOUR.g8572.t1	46	110	1128	1704
CPLIC.g11134.t1	52	116	1134	1308	2124
CREMA.FL82_03934-RA	46	119	1137	1713
CSINI.Csp5_scaffold_00125.g5007.t1	46	116	1134	1710
CSP21.g4061.t1	52	116	717	831	1026	1131	1569	1707	2124
CSP26.g15755.t1	46	119	1137	1713
CSP28.g2259.t1	46	110	1128	1704
CSP29.g13962.t1	15	146	1164	1740
CSP31.g2698.t1	52	131	1140	2133
CSP32.g13939.t1	46	122
CSP34.Sp34_40314200.t1	46	116	1134	1710
CSP38.g3383.t1	46	107	1125	1454	1701
CSP39.g4417.t1	46	110	1128	1302
CSP40.g17279.t1	46	119	1137	1713
CTROP.Csp11.Scaffold629.g8035.t1	46	119	1137	1713
CVIRI.g7533.t1	52	137	225	1155	1484	2148
DCORO.DCO_005205	55	167	258	426	582	717	799	963	1080	1185	1359	1514	1626	1761	1866	2007	2178
