CAFRA.g3196.t1	75	704
CANGA.Cang_2012_03_13_00552.g12151.t1	45	223	400	570
CBREN.CBN11974	48	674
CBRIG.CBG13732	48	671
CCAST.g2272.t1	45	223	400	570
CDOUG.g27320.t1	48	674
CELEG.Y73F8A.6	51	674
CJAPO.CJA19021	54
CKAMA.g4697.t1	48	677
CLATE.FL83_07209-RA	48	680
CMONO.g2039.t1	42	133	220	285	397	462	567	677	769
CNOUR.g2900.t1	48	674
CPLIC.g1667.t1	39	130	217	282	564	805
CREMA.FL82_17205-RA	48	680
CSINI.Csp5_scaffold_04073.g31992.t1	3	228	405	635
CSP21.g86.t1	51	109	196	261	373	438	546	677
CSP26.g13832.t1	48	273	450	680
CSP28.g7662.t1	48	669
CSP29.g4301.t1	48	674
CSP31.g24752.t1	51	223	288	400	689
CSP32.g3776.t1	45	671
CSP34.Sp34_40282600.t1	54	689
CSP38.g3683.t1	48	226	573
CSP39.g1837.t1	48	671
CSP40.g11075.t1	48	273	450	680
CTROP.Csp11.Scaffold629.g9700.t1	48	674
CVIRI.g14336.t1	48	567
DCORO.DCO_016355	54	136	226	403	493	585	705	809	883
