CAFRA.g3557.t1	128	330	522	699	791	1005	1114
CANGA.Cang_2012_03_13_01200.g15959.t1	89	168	360	537	952
CBREN.CBN28919	128	251	330	522	699	791	896	991
CBRIG.CBG03286	128	251	330	522	699	791	1005	1114
CCAST.g3681.t1	128	251	330	522	699	1114
CDOUG.g6933.t1	29	152	231	423	600	692	906	1018
CELEG.ZK675.3a	128	251	330	522	699	791	1005	1114
CJAPO.CJA00628	128	251	330	522	699	791	1005	1114
CKAMA.g8062.t1	128	251	330	522	699	791	1005	1114
CLATE.FL83_20665-RA	128	251	330	522	699	791	1005	1114
CMONO.g775.t1	128	251	330	425	522	699	791	927	1005	1120
CNOUR.g7598.t2	128	330	522	699	791	1005	1120
CPLIC.g2882.t1	29	152	231	326	423	600	828	906	1018
CREMA.FL82_05578-RA	128	251	330	522	699	791	1005	1114
CSINI.Csp5_scaffold_00023.g1383.t2	128	251	330	522	699	791	1005	1114
CSP21.g9675.t1	14	93	188	285	462	554	690	768	898
CSP26.g9724.t1	29	152	231	423	600	692	906	1015
CSP28.g4535.t1	128	243	435	612	704	918	1027
CSP29.g8220.t1	128	330	522	699	791	1005	1114
CSP31.g9668.t1	29	152	231	326	423	600	692	828	906	1015
CSP32.g7659.t1	128	330	522	699	791	1005	1114
CSP34.Sp34_20147900.t1	29	132	225	417	594	686	900	1009
CSP38.g5207.t1	128	251	425	522	699	791	1114
CSP39.g26330.t1	128	251	330	522	699	791	1005	1114
CSP40.g967.t1	29	152	231	423	600	692	906
CTROP.Csp11.Scaffold629.g11689.t1	144	236	450	559
CVIRI.g5048.t1	128	251	330	425	522	699	791	927	1005	1114
DCORO.DCO_012577	150	223	330	425	522	699	791	832	927	1005	1108
