CAFRA.g18460.t1	136	608	980	1737
CANGA.Cang_2012_03_13_00559.g12229.t1	136	404	611	744	983	1737
CBREN.CBN20381	136	476	848	1602
CBRIG.CBG23167	136	268	608	980	1734
CCAST.g15844.t1	136	404	611	744	983	1737
CDOUG.g15318.t1	136	268	608	980	1734
CELEG.T03F7.1	136	268	608	980	1734
CJAPO.CJA06687	136	268	608	980	1737
CKAMA.g9836.t1	136	268	608	980	1734
CLATE.FL83_20651-RA	148	280	620	971	1602
CMONO.g3481.t1	98	130	262	398	483	605	738	873	977	1089	1215	1356	1459	1560	1734
CNOUR.g9612.t1	136	608	980	1737
CPLIC.g11329.t1	136	268	489	611	983	1221	1465	1566
CREMA.FL82_09259-RA	148	280	620	961	1515
CSINI.Csp5_scaffold_00645.g13949.t1	507	649	781	1121	1493	2247
CSP21.g2893.t1	104	136	268	404	489	611	744	802	896	1134	1275	1378	1452	1626
CSP26.g22115.t1	136	268	608	980	1734
CSP28.g3636.t1	136	268	608	980	1737
CSP29.g319.t1	136	268	608	980	1737
CSP31.g14382.t1	104	136	404	611	744	983	1362	1740
CSP32.g14565.t1	136	608	980	1737
CSP34.Sp34_50319000.t1	136	268	608	980	1734
CSP38.g11468.t1	139	614	747	986	1569
CSP39.g2807.t1	136	608	980	1234	1737
CSP40.g10096.t1	136	268	608	980	1734
CTROP.Csp11.Scaffold495.g2198.t1	136	268	608	980	1734
CVIRI.g5052.t1	139	611	1221	1566	1740
DCORO.DCO_007109	23	118	163	295	431	516	638	771	1010	1122	1248	1389	1492	1593	1767
