CAFRA.g13367.t1	56	170	546
CANGA.Cang_2012_03_13_00230.g7464.t1	234
CBREN.CBN10892	44	233	609	873
CBRIG.CBG02363	44	245	621	885
CCAST.g8738.t1	35	398	618	1218
CDOUG.g17567.t1	41	230	606	870
CELEG.ZK622.3b.1	68	257	633	897
CJAPO.CJA07932	185	672	1014
CKAMA.g4838.t1	41	233	609	873
CLATE.FL83_06024-RA	41	236	612	876
CMONO.g3735.t1	47	167	236	392	532	612	702	803	876	990	1085	1206	1281	1381
CNOUR.g15273.t1	41	233	609
CPLIC.g3251.t1	119	188	344	564	1164	1326
CREMA.FL82_11920-RA	281	657	921
CSINI.Csp5_scaffold_01891.g23737.t1	44	239	615	879
CSP21.g7170.t1	188	344	564	755	878	1137	1308
CSP26.g11801.t1	47	242	618
CSP28.g14561.t1	185	561
CSP29.g12741.t1	41	233	609	873
CSP31.g21318.t1	267	603	772
CSP32.g3621.t1	41	233
CSP34.Sp34_20099500.t1	13	62	251	627	891
CSP38.g17976.t2	35	239	395	615	1215
CSP39.g4693.t1	53	621
CSP40.g7192.t1	44	239	615	879
CTROP.Csp11.Scaffold630.g21423.t1	41	230	606	870
CVIRI.g9486.t1	122	487	570	948	1341
DCORO.DCO_010277	47	170	395	702	803	876	1085	1212	1383
