CAFRA.g4493.t1	140	285	415	555	654
CANGA.Cang_2012_03_13_00058.g2958.t2	158	282	400	543
CBREN.CBN21670	140	297	427	567	666
CBRIG.CBG16689	140	294	424	564	663
CCAST.g11956.t1	155	279	409	552
CDOUG.g261.t1	134	294	424	564	663
CELEG.C10A4.8	137	294	421	561	660
CJAPO.CJA18173a	140	288	418	558	657
CKAMA.g3428.t1	58	212	375	505	651	750	880	960	1049	1156
CLATE.FL83_00178-RA	137	291	421	561	660
CMONO.g12808.t1	150	287	392	525	652	786	885
CNOUR.g4754.t1	137	279	409	549	648
CPLIC.g7010.t1	164	288	421	561	660
CREMA.FL82_01470-RA	137	291	421	561	660
CSINI.Csp5_scaffold_00158.g5903.t1	155	315	445	585	684
CSP21.g1611.t1	149	324	454	597	696
CSP26.g11405.t1	164	324	454	594	693
CSP28.g3310.t1	137	273	400	537	636
CSP29.g4215.t1	13	161	303	433	573	672
CSP31.g20515.t1	149	291	421	543	642
CSP32.g1736.t1	143	288	418	558	657
CSP34.Sp34_X0204800.t1	137	294	421	561	660
CSP38.g6126.t1	140	291	421	558
CSP39.g16057.t1	137	279	406	543	642
CSP40.g21234.t1	194	354	484	624	723
CTROP.Csp11.Scaffold629.g12465.t1	137	294	612	711
CVIRI.g17069.t1	137	291	421	558	657
DCORO.DCO_016973	140	372	511	690	789
