CAFRA.g6822.t1	84	316	555	630
CANGA.Cang_2012_03_13_00071.g3410.t1	84	316	498
CBREN.CBN09735	84	316	555	630
CBRIG.CBG13296	84	316	555	630
CCAST.g18343.t1	84	316	498
CDOUG.g19689.t1	84	316	555	630
CELEG.C18D11.1	84	316	555	630
CJAPO.CJA10801	84	319	558	633
CKAMA.g15375.t1	84	316	555	630
CLATE.FL83_21022-RA	84	316	555	630
CMONO.g5945.t1	84	202	316	391	498	555	630
CNOUR.g12332.t1	84	202	316	555	630
CPLIC.g13359.t1	84	316	391	498	555	630
CREMA.FL82_09846-RA	84	316	555	630
CSINI.Csp5_scaffold_00239.g7724.t1	84	316	555	630
CSP21.g4016.t1	84	202	316	391	498	555	633
CSP26.g6352.t1	84	316	555	630
CSP28.g3087.t1	84	202	316	555
CSP29.g746.t1	84	202	316	555	630
CSP31.g11037.t1	84	202	316	391	555	630
CSP32.g3398.t1	84	316	555	630
CSP34.Sp34_30087200.t1	34	89	180	412	651	726
CSP38.g16832.t1	84	202	316	391	498	630
CSP39.g17619.t1	84	202	316	555
CSP40.g20639.t1	84	316	555	630
CTROP.Csp11.Scaffold629.g14925.t1	84	316	555	630
CVIRI.g15280.t1	84	316	391	498	555	630
DCORO.DCO_018053	84	208	322	397	504	561	642
