CAFRA.g3105.t1	152	384	588	1076	1323
CANGA.Cang_2012_03_13_00299.g8780.t2	585	1079
CBREN.CBN08474	140	372	573	1061	1263
CBRIG.CBG22776	140	372	573	1061	1269
CCAST.g18009.t1	585	1079
CDOUG.g3570.t1	140	372	573	1061	1263
CELEG.T01B10.4a.1	140	372	573	1061	1257
CJAPO.CJA14035	140	372	573	1061	1284
CKAMA.g6300.t1	140	372	573	1067	1257
CLATE.FL83_02026-RA	140	306	507	995	1173
CMONO.g10943.t1	131	256	363	564	783	923	1260
CNOUR.g11419.t1	140	624	1112	1320
CPLIC.g8230.t1	146	378	579	938	1061	1248
CREMA.FL82_02191-RA	140	306	507	995	1167
CSINI.Csp5_scaffold_00097.g4181.t1	173	405	606	1094	1302
CSP21.g7877.t1	149	381	582	801	1067	1314
CSP26.g712.t1	140	372	573	1064	1269
CSP28.g10124.t1	140	618	1106	1305
CSP29.g7659.t1	114	246	350	411	551	1032	1520	1725
CSP31.g19050.t1	140	372	597	816	1082
CSP32.g16892.t1	155	387	591	1076	1290
CSP34.Sp34_X0165500.t1	140	372	573	1061	1257
CSP38.g18452.t1	579	798	1073
CSP39.g16270.t1	140	372	573	1061	1272
CSP40.g2616.t1	140	372	573	1061	1266
CTROP.Csp11.Scaffold629.g11007.t1	140	372	573	1061	1242
CVIRI.g4943.t1	146	378	579	798	1067
DCORO.DCO_009205	163	203	328	429	524	630	849	989	1124	1488
