CAFRA.g16457.t1	12	312	555
CANGA.Cang_2012_03_13_01131.g15768.t2	12	120	195	273	372	438	551
CBREN.CBN05757	12	312	555
CBRIG.CBG22145	12	312	555
CCAST.g15799.t1	12	120	237	312	390	489	555	668
CDOUG.g10480.t1	12	312	555
CELEG.Y71G12B.17	12	120	312	555
CJAPO.CJA07881	120	312	555
CKAMA.g8215.t1	12	120	312	555
CLATE.FL83_17359-RA	12	312	555
CMONO.g17503.t1	12	120	237	312	390	489	668	747
CNOUR.g18464.t1	12	555
CPLIC.g3614.t1	12	120	237	312	390	489	555	668	747
CREMA.FL82_07777-RA	12	312	555
CSINI.Csp5_scaffold_04537.g33167.t1	12	312	555
CSP21.g7514.t1	12	120	237	312	390	555	668
CSP26.g8005.t1	12	312	555
CSP28.g1590.t1	12	312	555
CSP29.g20689.t1	12	555
CSP31.g22715.t1	12	120	237	312	390	537	729
CSP32.g1430.t1	12	120	312	555
CSP34.Sp34_10311100.t1	12	120	312	555
CSP38.g8090.t1	12	237	312	489	668
CSP39.g13087.t1	12	312	555
CSP40.g8727.t1	12	312	555
CTROP.Csp11.Scaffold629.g8456.t3	107	277	488	714	1014	1257
CVIRI.g9422.t1	12	120	237	312	390	489	555	668	747
DCORO.DCO_017759	12	120	240	393	492	561	674	768
