CAFRA.g4624.t1	138	234	416
CANGA.Cang_2012_03_13_00079.g3663.t1	117	395
CBREN.CBN22095	138	234	416
CBRIG.CBG18045	138	210	392
CCAST.g3102.t1	117	395
CDOUG.g5080.t1	138	234	416
CELEG.M88.7	138	234	416
CJAPO.CJA17066	138	234	416
CKAMA.g8758.t1	102	198	380
CLATE.FL83_14954-RA	138	234	416
CMONO.g413.t1	138	234	294	416
CNOUR.g8606.t1	138	234	416
CPLIC.g3549.t1	138	234	416
CREMA.FL82_09966-RA	87	183	365
CSINI.Csp5_scaffold_01639.g22234.t1	138	234	416
CSP21.g12716.t1	138	234	294	416
CSP26.g9157.t1	138	234	416
CSP28.g7190.t1	138	234	416
CSP29.g5856.t1	138	234	416
CSP31.g6624.t1	138	234	416
CSP32.g17883.t1	138	234	416
CSP34.Sp34_30071500.t1	138	234	416
CSP38.g15002.t1	117	395
CSP39.g19323.t1	138	234	416
CSP40.g18633.t1	138	234	416
CTROP.Csp11.Scaffold544.g3441.t1	138	234	416
CVIRI.g12970.t1	138	234	416
DCORO.DCO_022215	57	141	237	297	419
