CAFRA.g18650.t1	501	698	849	1050	1234
CANGA.Cang_2012_03_13_00203.g6919.t1	407	759	940
CBREN.CBN18918	570	764	1116	1297
CBRIG.CBG07734	564	761	1113	1294
CCAST.g3238.t1	413	765	946
CDOUG.g12763.t1	561	749	1101	1282
CELEG.K09A9.1	582	779	1131	1312
CJAPO.CJA13451	606	803	954	1155
CKAMA.g9628.t1	438	635	987	1168	1762
CLATE.FL83_01807-RA	585	782	1134	1315
CMONO.g13535.t1	54	173	243	450	516	612	710	864	1056	1249	1437
CNOUR.g4483.t1	531	728	879	1264
CPLIC.g3495.t1	54	435	632	786	984	1171	1362
CREMA.FL82_02389-RA	585	782	1134	1315
CSINI.Csp5_scaffold_00240.g7747.t1	561	758	1110	1291
CSP21.g6519.t1	63	117	192	288	386	537	729	913
CSP26.g17218.t1	564	761	1113	1294
CSP28.g11709.t1	627	824	975	1357
CSP29.g866.t1	498	537	734	885	1270
CSP31.g13758.t1	744	822	1016	1170	1555	1743
CSP32.g12562.t1	639	836	987	1188	1372
CSP34.Sp34_X0131100.t1	567	764	1116	1297
CSP38.g10826.t1	273	819	1006	1194
CSP39.g9070.t1	588	785	936	1318
CSP40.g8900.t1	567	764	1116	1297
CTROP.Csp11.Scaffold629.g11156.t1	555	749	1101	1282
CVIRI.g723.t1	57	312	387	581	735	1120	1311
DCORO.DCO_005837	150	405	600	698	852	1044	1228	1410	1713	1869	1974
