CAFRA.g13589.t1	18	225	683	1409	1550
CANGA.Cang_2012_03_13_00148.g5624.t1	282	876	1251	1475	1656	1766	1914	2136	2201
CBREN.CBN00391	204	662
CBRIG.CBG09070	207	665	1391
CCAST.g7561.t1	195	653	834	944	1092	1314	1379
CDOUG.g21782.t1	204	662	1388
CELEG.F01F1.6.1	207	665	1391
CJAPO.CJA03573a	137	336	512	1228	1278	2462
CKAMA.g4526.t1	156	614	1340	1535	1904	2118	2403	3017
CLATE.FL83_19831-RA	204	662	1388
CMONO.g2579.t1	46	90	234	387	444	558	729	879	944	1085
CNOUR.g2659.t1	204	1529
CPLIC.g12021.t1	156	363	475	614	1275	1340	1481
CREMA.FL82_16843-RA	204	662	1388	1589	1958	2457	3074
CSINI.Csp5_scaffold_01380.g20520.t1	204	662	1388
CSP21.g8575.t1	189	252	396	508	586	647	714	938	987	1158	1308	1514
CSP26.g5028.t1	204	662	1388
CSP28.g4989.t1	204	662	1529
CSP29.g2424.t1	204	1529
CSP31.g20236.t1	156	614	905	1340
CSP32.g13390.t1	204	662	1388	1529	1583	1634	2003	3122
CSP34.Sp34_30140400.t1	156	614	1340
CSP38.g1714.t1	195	653	834	944	1314
CSP39.g3576.t1	204	662	1529
CSP40.g21814.t1	204	662	1388
CTROP.Csp11.Scaffold546.g3467.t1	204	1388
CVIRI.g2093.t1	156	363	614	1340
DCORO.DCO_008627	63	124	225	381	544	683	750	864	974	1140	1194	1347	1412	1553
