CAFRA.g16042.t1	251	342	590	724
CANGA.Cang_2012_03_13_00058.g2937.t1	95
CBREN.CBN00130	95	186	434	568
CBRIG.CBG14278	95	186	434	568
CCAST.g1631.t1	95	189	437
CDOUG.g7975.t1	95	186	434	568
CELEG.T14G12.3	95	183	431	565
CJAPO.CJA09850	95	186	434	568
CKAMA.g3056.t1	95	186	434	568
CLATE.FL83_00779-RA	95	186	434	568
CMONO.g5757.t1	95	186	320	434	568
CNOUR.g7387.t1	95	186	434	568
CPLIC.g10321.t1	95	186	434	568
CREMA.FL82_00899-RA	95	186	434	568
CSINI.Csp5_scaffold_00003.g215.t1	95	186	434	568
CSP21.g917.t1	95	186	320	434	568
CSP26.g12608.t1	95	186	434	568
CSP28.g10404.t1	95	186	434	568
CSP29.g14656.t1	95	186	434	568
CSP31.g23309.t1	95	186	434	568
CSP32.g372.t1	95	186	434	568
CSP34.Sp34_X0265500.t1	95	186	434	568
CSP38.g10870.t1	95	186	434
CSP39.g26567.t1	95	186	434	568
CSP40.g22457.t1	95	186	434	568
CTROP.Csp11.Scaffold630.g18223.t2	113	185	276	524	658
CVIRI.g14586.t1	95	186	434	568
DCORO.DCO_020437	95	189	323	437	555
