CAFRA.g1344.t1	78	414	1086
CANGA.Cang_2012_03_13_00306.g8902.t1	78	927	1098
CBREN.CBN20814	78	414	909	1062
CBRIG.CBG02252	78	414	912	1065
CCAST.g6702.t1	78	924	1089
CDOUG.g9637.t1	78	414	906	1059
CELEG.F25H2.8	78	414	906	1059
CJAPO.CJA04556	78	933	1086
CKAMA.g7496.t1	78	414	903	1056
CLATE.FL83_05194-RA	78	414	912	1065
CMONO.g2045.t1	78	162	279	426	546	625	690	828	981
CNOUR.g16160.t1	67	165	501	996	1149
CPLIC.g1438.t1	109	219	303	579	675	874	939	1077	1230
CREMA.FL82_15759-RA	78	414	912
CSINI.Csp5_scaffold_00385.g10530.t2	4	102	438	927	1080
CSP21.g13416.t1	282	648	795	933	1089
CSP26.g14104.t1	78	414	903	1056
CSP28.g11982.t1	184	282	1110	1263
CSP29.g13687.t1	67	165	501	996	1149
CSP31.g3015.t2	78	411	606	805	870	1008	1161
CSP32.g756.t1	78	414	1062
CSP34.Sp34_10214000.t1	78	894	1047
CSP38.g14433.t1	78	420	912	1065
CSP39.g8913.t1	67	165	501	1023	1176
CSP40.g15153.t1	78	414	906	1059
CTROP.Csp11.Scaffold547.g3532.t1	52	147	975	1128
CVIRI.g15052.t1	802	1005	1167
DCORO.DCO_013487	78	162	285	495	609	688	753	891	1044
