CAFRA.g2348.t1	42	606
CANGA.Cang_2012_03_13_07080.g20673.t1	423
CBREN.CBN23321	207	606	927
CBRIG.CBG09810	207	606	927
CCAST.g2907.t1	42	207	606	927	1185	1327
CDOUG.g3263.t1	207	606	927
CELEG.T20G5.2	207	606	927
CJAPO.CJA02132	387
CKAMA.g4116.t1	192	591	912
CLATE.FL83_22606-RA	207	606	927
CMONO.g12917.t1	42	147	207	405	606	808	927	1185
CNOUR.g831.t1	42	207	606	927
CPLIC.g1536.t1	42	141	201	600	1179
CREMA.FL82_15216-RA	207	606	927
CSINI.Csp5_scaffold_00155.g5822.t1	210	609	930
CSP21.g3071.t1	42	150	210	408	811	930	1188
CSP26.g17485.t1	210	609	930
CSP28.g3624.t1	42	249	315	507	596	799	916	1021	1169	1676	1807	2331	2442	2621	2865	2939	2991	3156	3555	3876
CSP29.g20614.t1	71	369	873	961	1066	1156	1238	1784	1905	2102	2233	2769	2865	3044	3276	3441	3840	4161
CSP31.g6277.t1	42	207	606	927
CSP32.g7293.t1	42	606
CSP34.Sp34_30210010.t1	207	606	927
CSP38.g12044.t1	42	207	606	927	1185
CSP39.g16476.t1	42	207	606	927
CSP40.g8075.t1	210	609	930
CTROP.Csp11.Scaffold629.g10209.t1	192	591	912
CVIRI.g1136.t1	42	207	606	1185
DCORO.DCO_010417	51	219	417	595	725	936	1038	1197
