CAFRA.g10382.t1	49	356	471	590
CANGA.Cang_2012_03_13_00269.g8207.t1	3	122
CBREN.CBN07108	33	156	330	454	558	758	873	992
CBRIG.CBG09852	40	144	344	459
CCAST.g16665.t1	55	234	359	474	593	764
CDOUG.g3304.t1	40	144	344	459	578
CELEG.Y54F10AM.6	40	144	344	459	578
CJAPO.CJA16762b	91	195	395	510	557
CKAMA.g4076.t1	40	144	344	459	578
CLATE.FL83_10321-RA	33	106	252	434	457	561	761	840
CMONO.g7366.t1	58	162	237	362	480	599	699
CNOUR.g861.t1	40	144	344	578
CPLIC.g1126.t1	40	144	219	405	527
CREMA.FL82_15252-RA	33	147	339	521	544	648	848
CSINI.Csp5_scaffold_03439.g30201.t1	40	144	344	459	578
CSP21.g16190.t1	55	159	284	402	441
CSP26.g17443.t1	43	147	347	462	581
CSP28.g3600.t1	33	156	472	576	776	1010
CSP29.g20637.t1	40	144	344	578	627
CSP31.g6566.t1	49	153	228	353	468	587
CSP32.g7318.t1	46	353	432	551
CSP34.Sp34_30215200.t1	40	144	344	459	578
CSP38.g14984.t1	55	234	359	474	593
CSP39.g11137.t1	144	344	578
CSP40.g8117.t1	40	144	344	459	578
CTROP.Csp11.Scaffold629.g9456.t2	101	216	335
CVIRI.g6835.t1	37	141	341	453	672
DCORO.DCO_018277	52	156	231	356	474	593	693
