CAFRA.g15763.t1	74	140	289	447
CANGA.Cang_2012_03_13_00397.g10283.t1	74	289	447
CBREN.CBN01509	74	140	289	447
CBRIG.CBG24495	74	140	289	447
CCAST.g3012.t1	74	289	447
CDOUG.g5362.t1	74	140	289	447
CELEG.F30A10.9	74	140	289	447
CJAPO.CJA05764	74	140	289	447
CKAMA.g2770.t1	74	140	289	447
CLATE.FL83_13222-RA	74	140
CMONO.g13113.t1	52	134	200	349	510
CNOUR.g21434.t1	74	140	289	447
CPLIC.g4687.t1	74	140	289	447
CREMA.FL82_08988-RA	77	143	450
CSINI.Csp5_scaffold_00089.g3931.t1	74	140	289	447
CSP21.g13288.t1	80	146	295	456
CSP26.g19116.t1	74	140	289	447
CSP28.g10085.t1	74	140	289	447
CSP29.g12633.t1	74	140	289	447
CSP31.g9799.t1	74	140	289	447
CSP32.g8310.t1	74	140	289	447
CSP34.Sp34_10070900.t1	74	140	289	447
CSP38.g11684.t1	74	289	447
CSP39.g5139.t1	74	289	447
CSP40.g664.t1	74	140	289	447
CTROP.Csp11.Scaffold629.g14901.t1	74	140	289	447
CVIRI.g6924.t1	74	140	289	447
DCORO.DCO_020605	80	146	295	369	456	503
