CAFRA.g3487.t1	137	281	576	1239
CANGA.Cang_2012_03_13_00736.g13786.t2	77	557	888	954
CBREN.CBN03976	131	278	573	1236
CBRIG.CBG13402	182	326	621	1284
CCAST.g18401.t1	77	704	1035	1101
CDOUG.g9388.t1	125	272	567	1230
CELEG.ZK945.1	98	239	534	1197
CJAPO.CJA13892	119	263	558	689	918
CKAMA.g12769.t1	89	230	525	1188
CLATE.FL83_12765-RA	158	302	597	1260
CMONO.g5421.t1	206	288	363
CNOUR.g7534.t1	128	272	567	1230
CPLIC.g12902.t1	71	248	405	543	659	769	875	1206	1272
CREMA.FL82_05918-RA	158	302	597	1260
CSINI.Csp5_scaffold_00609.g13519.t1	200	344	639	1302
CSP21.g977.t1	170	252	327	465	643	797	1038	1131	1197
CSP26.g14362.t1	93	122	266	561	1224
CSP28.g15197.t1	122	263	558	1221
CSP29.g8161.t1	116	260	555	1218
CSP31.g27319.t1	125	278	573	799	999	1236
CSP32.g4391.t1	128	272	567	1230
CSP34.Sp34_20209400.t1	104	245	540	1203
CSP38.g9201.t1	77	704	1035	1101
CSP39.g28974.t1	141	436	1099
CSP40.g4972.t1	102	131	275	570	1233
CTROP.Csp11.Scaffold629.g7945.t1	116	260	555	1218
CVIRI.g3604.t1	89	260	555	781	887	1218	1284
DCORO.DCO_010869	224	306	381	519	635	745	945	1071	1185	1251
