CAFRA.g16716.t1	27	145	532
CANGA.Cang_2012_03_13_00109.g4571.t1	67	661	1048	1116
CBREN.CBN24489	112	240	329	499
CBRIG.CBG10005	112	240	329	499
CCAST.g10998.t1	112	329	499	567
CDOUG.g2320.t1	24	142	270	359	529
CELEG.T05G5.5d	169	297	386	556
CJAPO.CJA10971	112	499
CKAMA.g4213.t1	303	813	931	1059	1318
CLATE.FL83_23732-RA	27	145	273	362	532
CMONO.g2593.t1	112	329	407	499	567
CNOUR.g2034.t1	27	145	532
CPLIC.g5342.t1	112	240	407	499	567
CREMA.FL82_15101-RA	27	145	273	362	532
CSINI.Csp5_scaffold_00071.g3340.t1	25	151	279	368	538
CSP21.g3976.t1	112	329	407	499
CSP26.g8173.t1	112	240	329	499
CSP28.g4978.t1	27	145	362	532
CSP29.g20290.t1	112	499
CSP31.g20216.t1	112	240	407
CSP32.g6333.t1	112	499
CSP34.Sp34_30199600.t1	30	148	276	365	535
CSP38.g5726.t1	112	240	329	407	499	567
CSP39.g76.t1	57	175	255
CSP40.g3435.t1	30	148	276	365	535
CTROP.Csp11.Scaffold629.g9323.t1	27	145	273	362	532
CVIRI.g9650.t1	112	329	407	499
DCORO.DCO_019439	112	240	404	564
