CAFRA.g6452.t1	101	147	446	596	657	903	2589	2682
CANGA.Cang_2012_03_13_00016.g1078.t1	
CBREN.CBN01238	122	183	429	677	2112	2205
CBRIG.CBG18282	9	203	350	411	551	657	905	2331	2424
CCAST.g7022.t1	183	429	1371	1548	1651	1801	1902
CDOUG.g1045.t1	44	248	389	450	590	696	944	2379	2472
CELEG.ZK520.4a	23	206	350	411	551	657	2331	2424
CJAPO.CJA13363	122	323	429	677	1167	2106	2205
CKAMA.g9024.t1	122	183	429	677	2106	2199
CLATE.FL83_11491-RA	104	245	306	446	552	797	2226	2325
CMONO.g17574.t1	122	225	323	432	612	719	804	873	967	1125	1200	1263	1392	1479	1569	1660	1734	1804	1905	2001	2130	2223
CNOUR.g8077.t2	36	203	356	417	557	663	911	1086	1317	1830	2073	2340	2439
CPLIC.g3296.t1	122	183	323	429	683	837	931	1089	1227	1356	1443	1533	1642	1792	1986	2118	2211
CREMA.FL82_22975-RA	104	245	306	446	552	797	2226	2289
CSINI.Csp5_scaffold_00550.g12739.t1	122	183	323	429	677	2109	2208
CSP21.g1282.t1	134	237	335	441	591	792	861	955	1113	1251	1380	1467	1651	1810	2133	2226
CSP26.g14482.t1	122	183	323	429	677	2109	2208
CSP28.g7322.t1	122	183	323	429	677	1083	1596	1992	2091
CSP29.g658.t1	182	317	378	518	624	833	1008	1239	1752	1995	2262
CSP31.g11568.t2	122	183	429	579	683	837	1089	1227	1452	1542	1645	1795	1896	1989	2121	2214
CSP32.g12216.t1	122	183	429	680	2115	2208
CSP34.Sp34_30108300.t1	19	203	344	405	545	651	899	2325	2418
CSP38.g15940.t1	122	183	429	943	1368	1455	1545	1651	1801	1902	1995	2220
CSP39.g18556.t1	128	189	329	435	683	1089	2121	2220
CSP40.g22952.t1	95	230	291	431	537	785	2217	2316
CTROP.Csp11.Scaffold628.g7257.t1	141	353	494	555	695	801	1049	2484	2577
CVIRI.g14198.t1	6	156	417	511	669	807	1023	1113	1219	1369	1470	1563	1695	1788
DCORO.DCO_005147	22	103	164	267	365	471	543	722	807	970	1128	1266	1395	1482	1572	1666	1804	1905	2002	2136	2229
