CAFRA.g11461.t1	121	364	518	690	714
CANGA.Cang_2012_03_13_00960.g15128.t1	91	298	612
CBREN.CBN06639	460	700	854	1026
CBRIG.CBG23299	466	709	863	1035
CCAST.g12333.t1	232	436	750
CDOUG.g18054.t1	484	727	881	1053
CELEG.F35B12.10c	412	649	803	975	999
CJAPO.CJA10789	565	799	953	1125
CKAMA.g7250.t1	235	487	641
CLATE.FL83_15597-RA	463	706	860	1032	1056
CMONO.g10879.t1	122	268	460	611	783
CNOUR.g19995.t1	388	628	782	954	978
CPLIC.g9430.t1	373	577	731	903
CREMA.FL82_11398-RA	463	706	860	1032	1056
CSINI.Csp5_scaffold_00353.g9959.t1	31	496	739	893	1065
CSP21.g2780.t1	454	610	764	936
CSP26.g10798.t1	415	658	812	984
CSP28.g1364.t1	439	685	839	1011	1035
CSP29.g18492.t1	121	361	515	687	711	821	1050
CSP31.g22512.t1	427	697	851	1023
CSP32.g14235.t1	121	364	518	690
CSP34.Sp34_50152020.t1	87	571	814	968	1140	1164
CSP38.g13656.t1	76	118	289	431	609
CSP39.g17105.t1	457	697	854	1026
CSP40.g14406.t1	472	715	869	1041
CTROP.Csp11.Scaffold629.g16597.t1	508	745	899	1071
CVIRI.g11413.t1	397	628	782	954
DCORO.DCO_009147	997	1180	1284	1328	1500
