CAFRA.g17468.t1	150	269	432	764
CANGA.Cang_2012_03_13_00295.g8695.t1	81	530
CBREN.CBN06971	119	285	483	617	738
CBRIG.CBG02230	48	167	327	525	659
CCAST.g5505.t1	81	530
CDOUG.g9652.t1	182	348	546	680
CELEG.F59C6.7a	105	191	303	357	476	642	840	974
CJAPO.CJA17731	143	309	507	641
CKAMA.g7505.t1	168	366	500
CLATE.FL83_05208-RA	25	105	224	390	588	722
CMONO.g19648.t1	18	137	210	297	408	495
CNOUR.g16147.t1	191	357	555	689
CPLIC.g6737.t1	119	301	548
CREMA.FL82_15775-RA	45	164	330	528	662
CSINI.Csp5_scaffold_01003.g17479.t1	57	176	342	540	674
CSP21.g11298.t1	39	158	318	650	763
CSP26.g14119.t1	49	135	333	467
CSP28.g11994.t1	57	176	342	540	674
CSP29.g13697.t1	36	155	321	519	653
CSP31.g6784.t1	18	213	306	504	638
CSP32.g11177.t1	185	351	683
CSP34.Sp34_10216200.t1	3	122	288	486	620
CSP38.g3641.t1	78	527
CSP39.g25614.t1	143	309	507	641
CSP40.g15168.t1	3	122	288	486	620
CTROP.Csp11.Scaffold547.g3522.t2	36	155	321	519	653
CVIRI.g1802.t1	69	188	354	686
DCORO.DCO_016127	75	194	267	351	465	552	686	799
