CAFRA.g13160.t1	207	291	432	547	692	886	1209	1932
CANGA.Cang_2012_03_13_00453.g11024.t2	447	1122	1237	1382	1656	1798	2156	2313	2487	2582
CBREN.CBN00726	138	253	398	509	589	912	1084	1292	1635	1809
CBRIG.CBG15720	138	253	398	589	762	912	1084	1292	1635	1809
CCAST.g9498.t1	138	253	398	672	1241	1472	1629	1803	1898
CDOUG.g8526.t1	138	398	509	589	912	1809
CELEG.Y50D7A.6	138	253	398	509	589	912	1084	1292	1635	1809	1901
CJAPO.CJA08255	138	253	398	512	592	912	1084	1809	1904
CKAMA.g2183.t1	138	398	509	589	912	1084	1292	1635	1809	1908	2044	2250	2312
CLATE.FL83_18627-RA	138	398	589	912	1084	1256	1599	1773
CMONO.g5309.t1	70	141	256	401	595	675	768	857	918	1013	1090	1247	1391	1478	1635	1725	1809	1904
CNOUR.g3830.t1	247	392	506	909	1081	1620	1794	1889
CPLIC.g6855.t1	291	406	551	745	825	918	1007	1068	1619	1950
CREMA.FL82_23905-RA	138	350	541	864	1036	1179	1500	1674	1805	1949
CSINI.Csp5_scaffold_00991.g17369.t1	138	253	398	589	762	934	1160	1503	1677
CSP21.g3607.t1	73	144	259	340	440	520	600	693	843	938	1015	1169	1400	1557	1647	1731	1826
CSP26.g13436.t1	138	253	398	762	912	1084	1635	1809	1940
CSP28.g7301.t1	253	398	512	915	1087	1548	1722	1807	1984	2091	2208	2270
CSP29.g688.t1	247	392	795	947	1311	1406
CSP31.g6911.t1	138	253	398	592	672	765	1087	1250	1394	1812	1901
CSP32.g9678.t1	138	253	398	512	592	915	1638
CSP34.Sp34_30325600.t1	47	111	198	275	284	293	432	547	692	803	883	1206	1378	1583	1926	2100	2192
CSP38.g15388.t1	253	398	672	854	1087	1253	1484	1641	1815	1910
CSP39.g27519.t1	253	398	512	915	1087	1632	1806
CSP40.g1621.t1	138	253	398	589	762	912	1084	1292	1635	1776
CTROP.Csp11.Scaffold630.g16756.t1	138	398	509	589	912	1084	1292	1635	1809	1940
CVIRI.g6079.t1	138	253	398	765	915	1087	1821	1916
DCORO.DCO_006633	144	259	404	498	598	657	771	921	1005	1093	1168	1397	1575	1731	1815	1913
