CAFRA.g9009.t1	90	573	871	1243
CANGA.Cang_2012_03_13_00021.g1300.t1	207	262	634
CBREN.CBN03981	57	573	871	1243
CBRIG.CBG02206	57	567	865	1237
CCAST.g6737.t1	66	201	444	742	1114
CDOUG.g8901.t1	60	564	862	1234
CELEG.Y106G6H.1	63	531	829	1201
CJAPO.CJA01261	63	519	817	1189
CKAMA.g7525.t1	66	564	862	1234
CLATE.FL83_05229-RA	57	597	895	1267
CMONO.g13920.t1	54	189	442	522	634	714	820	891	915	966	1050	1120
CNOUR.g16101.t1	63	561	859	1231
CPLIC.g10225.t1	78	213	570	765	871	1089	1243
CREMA.FL82_15797-RA	57	591	889	1261
CSINI.Csp5_scaffold_00140.g5434.t1	57	475	534	832	1204
CSP21.g12657.t1	69	207	501	613	693	799	870	987	1141
CSP26.g2870.t1	57	579	877	1249
CSP28.g8562.t1	66	588	886	1258
CSP29.g13737.t1	63	561	859	1231
CSP31.g4149.t1	54	573	1089	1243
CSP32.g4578.t1	78	570	868	1240
CSP34.Sp34_10218300.t1	66	597	895	1267
CSP38.g13350.t1	63	198	498	690	796	1014	1168
CSP39.g9906.t1	447	745	1117
CSP40.g15190.t1	57	594	892	1264
CTROP.Csp11.Scaffold475.g1699.t1	57	576	874	1246
CVIRI.g16468.t1	72	343	537	729	906
DCORO.DCO_009983	69	210	346	535	621	733	810	919	990	1137	1221	1291
