CAFRA.g13946.t1	212	432	634	1596	1806
CANGA.Cang_2012_03_13_04756.g19097.t1	564	774
CBREN.CBN01106	110	330	532	1122	1491
CBRIG.CBG13067	23	176	396	598	1188	1557	1767
CCAST.g4738.t1	125	550	664	1494	1704
CDOUG.g829.t1	110	330	532	1122	1491	1701
CELEG.F10E7.9	110	330	532	1122	1491	1701
CJAPO.CJA19313	89	309	511	1101	1473	1683
CKAMA.g1945.t1	110	330	532	1122	1491	1701
CLATE.FL83_16982-RA	113	333	535	1125	1494	1704
CMONO.g7662.t1	105	213	297	415	529	694	770	858	934	1005	1199	1291
CNOUR.g10054.t1	104	324	526	1116	1485	1695
CPLIC.g7854.t1	306	508	787	951	1292	1467	1677
CREMA.FL82_12323-RA	113	337	571	1161	1530	1740	1841
CSINI.Csp5_scaffold_00302.g9016.t1	110	330	532	1122	1491	1701
CSP21.g15059.t1	89	201	309	393	511	625	790	866	954	1101	1295	1473	1591	1683
CSP26.g4399.t1	17	170	390	592	1182	1551	1761
CSP28.g8894.t1	110	330	532	1122	1491	1637
CSP29.g1381.t1	46	636	1005	1151
CSP31.g2121.t1	98	318	520	634	875	963	1110	1304	1479	1689
CSP32.g17416.t1	122	342	544	1506	1716
CSP34.Sp34_20263100.t1	110	330	532	1122	1491	1701
CSP38.g21341.t1	170	592	706	1536	1746
CSP39.g1603.t2	166	261	463	742	1086	1455	1515	1622
CSP40.g8395.t1	17	164	384	586	1176	1545	1755
CTROP.Csp11.Scaffold629.g12158.t1	104	324	526	1116	1485	1692
CVIRI.g2954.t1	101	321	523	637	878	1113	1307	1482	1692
DCORO.DCO_007165	143	255	363	447	565	679	850	926	1014	1161	1355	1518	1636	1734
