CAFRA.g397.t1	154	234	428	550	745	858	1039
CANGA.Cang_2012_03_13_00333.g9355.t2	210	412	607	720	856
CBREN.CBN17386	154	234	428	550	745	858	1045
CBRIG.CBG13159	157	237	431	553	748	861	1060
CCAST.g13461.t1	139	333	535	730	843	979
CDOUG.g765.t1	157	237	431	553	748	861	1045
CELEG.C07D10.4	154	234	348	428	550	745	858	1039
CJAPO.CJA08939	157	237	351	431	748	861	1042
CKAMA.g5984.t1	140	210	390	762	925	1005	1119	1199	1321	1516	1629	1810
CLATE.FL83_09430-RA	157	237	431	553	748	861	1051
CMONO.g7162.t1	49	124	204	284	406	460	601	714	814
CNOUR.g1082.t1	151	231	345	547	742	855	1033
CPLIC.g2189.t1	49	142	336	538	592	733	846	967
CREMA.FL82_14404-RA	157	237	431	553	748	861	1051
CSINI.Csp5_scaffold_00914.g16704.t1	157	237	431	553	748	861	1048
CSP21.g14829.t1	127	207	321	401	523	718	831	940
CSP26.g14208.t1	157	237	431	553	748	861	1051
CSP28.g15782.t1	151	231	345	425	547	742	855	1033
CSP29.g9995.t1	151	231	345	547	742	855	1033
CSP31.g20371.t1	246	360	440	562	757	870	1057
CSP32.g7019.t1	151	231	425	547	742	855	1036
CSP34.Sp34_20255700.t1	198	361	441	555	635	757	952	1065	1243
CSP38.g6520.t1	139	333	535	730	991
CSP39.g19198.t1	154	234	348	550	745	858	1039
CSP40.g18529.t1	157	237	553	748	861	1051
CTROP.Csp11.Scaffold455.g1342.t1	157	237	431	553	748	861	1045
CVIRI.g1881.t1	52	231	345	547	855	1024
DCORO.DCO_026879	141	301	394	480	594	731	793	934	1053	1177
