CAFRA.g16454.t1	213	326
CANGA.Cang_2012_03_13_29505.g27748.t1	67
CBREN.CBN26330	398	515
CBRIG.CBG12723	243	344	455
CCAST.g12628.t1	135	242	347
CDOUG.g7486.t1	246	344	458
CELEG.F02E9.5a	243	341	449
CJAPO.CJA11689	204	311	425
CKAMA.g12388.t1	228	326	440
CLATE.FL83_22797-RA	264	362	476
CMONO.g7825.t1	150	239	347
CNOUR.g22278.t1	219	314	428
CPLIC.g2131.t1	141	269	386
CREMA.FL82_12384-RA	252	350	464
CSINI.Csp5_scaffold_01138.g18689.t1	252	350	464
CSP21.g13414.t1	129	215	320
CSP26.g21543.t1	237	335	449
CSP28.g17063.t1	216	311	425
CSP29.g8536.t1	201	296	410
CSP31.g3411.t1	144	239	362
CSP32.g6940.t1	237	356	479
CSP34.Sp34_10337400.t1	243	338	455
CSP38.g7892.t1	186	296	401
CSP39.g2881.t1	219	314	428
CSP40.g4843.t1	252	335	449
CTROP.Csp11.Scaffold555.g3746.t1	237	335	449
CVIRI.g14745.t1	150	263
DCORO.DCO_029434	85	222	335	440
