CAFRA.g80.t1	162	822
CANGA.Cang_2012_03_13_16312.g25327.t1	152
CBREN.CBN19795	162	822
CBRIG.CBG07014	159	819
CCAST.g8219.t1	159	355	849
CDOUG.g15760.t1	162	822
CELEG.C01B12.1	162	822
CJAPO.CJA15060	162	822
CKAMA.g9714.t1	74	174	396	585	734	1028	1152	1363	1441	1547	1849	2086	2219	2385	3048
CLATE.FL83_12260-RA	162	825
CMONO.g11939.t1	165	337	831	898	981	1064	1147	1209
CNOUR.g10237.t1	162	819
CPLIC.g12625.t1	159	840
CREMA.FL82_05153-RA	162
CSINI.Csp5_scaffold_00731.g14912.t1	165	825
CSP21.g10275.t1	159	343	837
CSP26.g10280.t1	165	825
CSP28.g12900.t1	186	306
CSP29.g7754.t1	42	228	376	500	833	971	1647	1824	2481
CSP31.g13093.t1	159	834
CSP32.g8667.t1	136	255	505	570	741	1401
CSP34.Sp34_20008500.t1	162	822
CSP38.g7402.t1	159	355	849
CSP39.g18878.t1	162	819
CSP40.g22576.t1	165	825
CTROP.Csp11.Scaffold605.g5551.t2	162	517	780
CVIRI.g1670.t1	162	825
DCORO.DCO_016909	165	361	378	420	462	495	531	555	595	622	674	706	770	810	842
