CAFRA.g10624.t1	20	149	1767
CANGA.Cang_2012_03_13_00018.g1149.t2	5	366	689	1050
CBREN.CBN31450	23	152	693	810	1761
CBRIG.CBG02539	20	149	690	1833
CCAST.g14487.t1	17	320	681	978	1420	1695
CDOUG.g955.t1	20	149	690	807	1758
CELEG.F59G1.5.1	20	149	690	807	1758
CJAPO.CJA02332a	20	149	690	807	1758
CKAMA.g18877.t1	43	125	254	795	912	1863	2040	2127	2827	2874
CLATE.FL83_04437-RA	20	149	687	804	1755
CMONO.g7051.t1	41	170	341	488	576	702	816	932	993	1149	1333	1505	1707
CNOUR.g5612.t1	20	687	804	1764
CPLIC.g644.t1	17	146	317	464	552	678	981	1137	1257	1321	1490	1692	1819
CREMA.FL82_12063-RA	20	149	687	804	1755
CSINI.Csp5_scaffold_00105.g4440.t1	20	149	690	807	1770
CSP21.g5779.t1	17	146	311	458	546	672	792	908	969	1125	1309	1475	1677	1829
CSP26.g2830.t1	20	149	690	807	1770	2012	2496	2847	3541	3657
CSP28.g13276.t1	22	145	404	640	1317	1451	1558	1655	1752	1841	2511	2628	3579
CSP29.g1169.t1	20	690	807	1752
CSP31.g14870.t1	29	158	335	576	696	1173	1296	1737
CSP32.g12987.t1	20	149	1764
CSP34.Sp34_20119810.t1	20	149	690	807	1758
CSP38.g9293.t1	17	320	681	981	1315	1686
CSP39.g7578.t1	20	534	669	786	1637	1824
CSP40.g9740.t1	20	149	690	807	1770
CTROP.Csp11.Scaffold629.g16402.t1	20	149	690	807	1758
CVIRI.g1555.t1	17	317	552	678	969	1125	1245	1478	1680
DCORO.DCO_006925	41	158	293	452	596	684	804	912	1016	1083	1239	1384	1541	1655	1743
