CAFRA.g1586.t1	174	393	843	917	996	1077
CANGA.Cang_2012_03_13_00145.g5551.t1	81	443	522
CBREN.CBN26264	195	414	864	938	1017
CBRIG.CBG09656	195	303	369	819	893	972
CCAST.g16704.t1	141	222	495	857	936
CDOUG.g3241.t1	195	414	864	938	1017	1098
CELEG.H09F14.1b	120	339	789	863	942	1023
CJAPO.CJA06164	180	399	849	923	1002
CKAMA.g6389.t1	192	411	861	935	1014	1089
CLATE.FL83_11805-RA	183	402	852	926	1005
CMONO.g18917.t2	132	213	351	486	573	637	801	875	957	1038
CNOUR.g17323.t2	177	849	923	1002	1089
CPLIC.g14212.t1	156	237	375	510	682	846	920	999
CREMA.FL82_23001-RA	183	402	852	926
CSINI.Csp5_scaffold_04329.g32663.t1	195	414	867	941	1020
CSP21.g13501.t1	162	243	381	522	664	831	905	984
CSP26.g318.t1	195	414	867	941	1020
CSP28.g13614.t1	180	399	852	926	1005
CSP29.g17150.t1	177	849	923	1002	1089
CSP31.g18467.t1	174	255	531	688	852	1005
CSP32.g12587.t1	189	408	858	932	1011
CSP34.Sp34_50296200.t1	195	414	864	938	1017
CSP38.g17142.t1	153	234	507	884	963
CSP39.g4635.t1	393	846	920	999
CSP40.g1508.t1	189	408	861	935	1014
CTROP.Csp11.Scaffold629.g15509.t1	48	267	717	791	870
CVIRI.g4455.t1	192	273	546	861	1014	1080
DCORO.DCO_013287	159	240	378	519	682	840	914	990
