CAFRA.g4944.t1	93	231	596	721	849	993	1321	1564	2323
CANGA.Cang_2012_03_13_00001.g113.t1	90	161	253	401	1120	2122
CBREN.CBN16650	90	228	394	590	715	843	987	1315	1558	2231	2332
CBRIG.CBG00102	90	228	385	590	715	843	987	1315	1558	2231
CCAST.g8895.t1	87	225	296	388	536	1255	2257
CDOUG.g2624.t1	87	225	391	590	715	843	987	1315	1558	2231	2332
CELEG.R09A8.3.1	93	231	397	593	718	846	990	1318	2234	2335
CJAPO.CJA11198	90	228	391	575	700	828	972	1300	1543	2201	2302
CKAMA.g969.t1	90	228	394	602	727	855	999	1327	1570	2344
CLATE.FL83_03381-RA	93	231	397	596	849	993	1321	1564	2237	2338
CMONO.g16078.t1	144	282	353	442	602	676	804	942	1082	1270	1519	1647	1765	1860	1955	2065	2177	2278
CNOUR.g18846.t1	78	216	587	712	840	984	1312	1555	2213	2314
CPLIC.g13982.t1	87	225	296	391	539	664	792	936	1264	1507	1753	2165	2266
CREMA.FL82_02024-RA	166	365	490	618	762	1090	1327	2000	2101
CSINI.Csp5_scaffold_01641.g22248.t1	90	228	394	596	721	849	993	1321	1564	2237	2338
CSP21.g4739.t1	90	228	299	388	518	643	771	915	1483	1611	1824	2029	2242
CSP26.g19779.t1	90	228	388	590	843	987	1315	1558	2231	2332
CSP28.g14761.t1	165	278	432	570	736	950	1075	1203	1347	1675	1918	2576	2677
CSP29.g12951.t1	165	262	423	561	932	1057	1185	1329	1657	1900	2558	2659
CSP31.g5624.t1	87	225	388	542	795	1267	2269
CSP32.g14177.t1	165	824	930	1083	1221	1589	1714	1842	1986	2314	2557	3316
CSP34.Sp34_X0223000.t1	90	228	394	587	840	984	1312	1555	2228	2329
CSP38.g3521.t1	159	256	838	1005	1143	1306	1466	1863	2185	2864	3187
CSP39.g5681.t1	78	216	382	587	712	840	984	1312	1555	2213	2314
CSP40.g12146.t1	90	228	388	590	715	843	987	1315	1558	2231	2332
CTROP.Csp11.Scaffold630.g18795.t1	90	228	641	894	1038	1366	1609	2282	2383
CVIRI.g815.t1	87	225	296	391	590	715	843	987	1555	1801	2314
DCORO.DCO_004769	81	219	385	572	697	825	963	1100	1291	1550	1878	2083	2195	2296
