CAFRA.g10408.t1	346	1544	1729	2187	2332	3172	6753	6853
CANGA.Cang_2012_03_13_00581.g12449.t2	144	286	558	1182	1464	1805
CBREN.CBN29394	346	1547	1738	2181	2326	2431	4185	5257	5815	6524	6753	6853
CBRIG.CBG02475	352	2247	2392	2497	4251	5323	5878	6587	6816	6916
CCAST.g9620.t1	85	252	340	403	844	1075	1242	1553	1717	1974	2148	2290	2395	2880	3133	3243	3525	4149	4431	4772	5227	5565	5785	5959	6723	6823
CDOUG.g11560.t1	346	1547	1738	2187	2332	2437	3172	4191	5263	5821	6530	6759	6859
CELEG.C25H3.8	352	1553	1744	2193	2338	2443	3178	4197	5269	5827	6536	6765	6865
CJAPO.CJA08825b	184	919	1935	2998	3333	3553	4262	4491	4591
CKAMA.g7724.t1	394	1566	1684	2133	2281	2386	3121	3771	4098	5167	5876	6105	6205
CLATE.FL83_04386-RA	1199	1390	1842	1987	2092	2827	3846	4918	5473	6182	6411	6511	6651	6851	6969	7104
CMONO.g5565.t1	33	163	324	557	650	729	934	1180	1347	1422	1594	1664	1828	1958	2085	2262	2407	2512	2680	2792	2994	3111	3247	3357	3455	3552	3636	3862	4179	4260	4418	4671	4778	4877	5055	5181	5329	5425	5496	5598	5673	5810	5893	6067	6162	6237	6329	6456	6602	6825	6925
CNOUR.g7161.t2	358	1541	1723	2178	2323	2428	3163	5595	5815	6524	6844
CPLIC.g14039.t1	124	291	928	1156	1323	1564	1625	1786	2326	2431	2913	3778	4176	4720	4805	4986	5269	5359	5430	5529	5604	5821	6090	6530	6759
CREMA.FL82_12014-RA	1199	1390	1842	1987	2092	2827	3846	4918	5473	6182	6411	6511	6651	6851	6969	7104
CSINI.Csp5_scaffold_00079.g3570.t2	42	409	1610	1801	2247	2392	2497	3232	4251	5323	5881	6590	6819	6919
CSP21.g5756.t1	428	521	805	1048	1215	1290	1456	1520	1678	1775	1902	2046	2191	2464	2778	2895	3031	3239	3420	3646	4044	4326	4455	4655	4836	4959	5110	5271	5445	5582	5665	5839	5934	6228	6362	6582	6682
CSP26.g5481.t1	343	1544	1735	2184	2329	2434	3169	4188	5260	5818	6527	6756	6856
CSP28.g14443.t1	9	391	559	708	751	870	984	1135	1408	2609	2785	3267	3418	3523	4258	6687	6907	7936	8112	8194	8339	8759	8877
CSP29.g1104.t1	358	1553	1729	2184	2329	2434	3169	5595	5815	6524	6844
CSP31.g23535.t1	76	243	331	449	621	826	1057	1224	1465	1696	1841	1968	2145	2290	2395	2675	2877	3130	3438	3748	3875	4146	4304	4757	5212	5382	5556	5776	5950	6817
CSP32.g11277.t1	97	243	974	2448	2695	2883	3262	4454	4642	5100	5245	6085	9669	9769
CSP34.Sp34_20114210.t1	9	18	124	492	1001	2466	2704	2883	3250	4451	4642	5088	5233	5338	6073	7092	8164	8722	9431	9660	9760
CSP38.g21413.t1	252	340	403	844	1075	1242	1553	1717	1974	2151	2178	2320	2425	2910	3163	3273	3555	4179	4461	4802	5257	5732	5815	5989	6753	6853
CSP39.g3235.t2	160	1367	1561	1755	1797	1942	2047	2782	2994	5259	5479	6072	6538
CSP40.g7079.t1	346	1547	1738	2181	2326	2431	3166	4185	5257	5815	6524	6753	6853
CTROP.Csp11.Scaffold629.g11346.t1	126	638	2106	2344	2517	2887	4088	4279	4722	4867	4972	5707	6726	7798	8356	9065	9294	9394
CVIRI.g2369.t1	85	1087	1254	1559	1723	1868	1995	2172	2317	2422	2702	2822	2904	3021	3157	3267	4173	4331	4702	4787	5242	5403	5577	5714	5797	6233	6735	6835
DCORO.DCO_002191	100	282	447	546	748	831	995	1167	1335	1467	1620	1760	1884	1962	2088	2182	2304	2419	2640	2810	2991	3193	3300	3433	3600	3681	3841	3911	4066	4181	4308	4464	4609	4717	4882	4941	5077	5193	5310	5467	5689	5808	5936	6049	6176	6308	6447	6605	6729	6858	6965	7067	7242	7368	7528	7686	7878	8015	8098	8210	8272	8367	8442	8569	8658	8801	8921	9030	9142
