CAFRA.g17154.t1	81	153	329	471	612
CANGA.Cang_2012_03_13_00167.g6078.t1	366	441
CBREN.CBN02215	375	447
CBRIG.CBG05832	435
CCAST.g10733.t1	366	441
CDOUG.g9328.t1	375	447
CELEG.F42C5.7	381	453
CJAPO.CJA16922	375	447
CKAMA.g1626.t1	375	447
CLATE.FL83_18784-RA	375	447
CMONO.g14918.t1	58	300	390	465
CNOUR.g16000.t1	372	444
CPLIC.g2684.t1	61	384	459
CREMA.FL82_04041-RA	138	513	585
CSINI.Csp5_scaffold_01178.g19033.t1	42	417	489
CSP21.g11310.t1	300	387	462
CSP26.g13603.t1	375	447
CSP28.g2297.t1	372	444	620	765	906
CSP29.g4696.t1	159	231
CSP31.g13691.t1	372	450
CSP32.g17941.t1	375	447
CSP34.Sp34_40296110.t1	381	453
CSP38.g6879.t1	438
CSP39.g27086.t1	94	166
CSP40.g19402.t1	375	447
CTROP.Csp11.Scaffold630.g21153.t1	375	447
CVIRI.g8914.t1	58	447	525
DCORO.DCO_020595	58	99	136	186	252	268	417	538
