CAFRA.g8751.t1	100	226	380	482	603
CANGA.Cang_2012_03_13_00116.g4799.t1	103	229	383	485	606	704
CBREN.CBN05517	100	226	380	482	603
CBRIG.CBG14666	100	226	380	482	603
CCAST.g11834.t1	103	229	383	485	606	704
CDOUG.g499.t1	100	226	380	482	603
CELEG.C26B9.3	100	226	380	482	603
CJAPO.CJA17145	100	226	380	482	603
CKAMA.g3249.t1	100	226	380	482	603	744	865	975	1059	1168	1272	1384	1486	1549	1763	1822	2007	2069	2244	2355	2643	2760	2947	3124	3336
CLATE.FL83_00526-RA	157	283	437	539	660	818	1011	1117	1227	1311	1420	1524	1636	1663	1750	1839
CMONO.g10260.t1	67	216	535	952	1135	1261	1415	1514	1635	1733
CNOUR.g778.t1	100	226	380	482	603
CPLIC.g10435.t1	103	229	383	485	606	704
CREMA.FL82_01187-RA	100	226	380	482	603	761	954	1060	1170	1254	1363	1467	1579	1643	1741	1830
CSINI.Csp5_scaffold_00012.g797.t1	100	226	380	482	603
CSP21.g2113.t1	100	226	380	482	603	701
CSP26.g18228.t1	100	226	380	482	603
CSP28.g10491.t1	100	226	380	482	603	744	852	952	1062	1146	1255	1471	1537	1620	1660	1883	1939	2121	2183	2358	2469	2757	2880	3067	3244	3456
CSP29.g3888.t1	100	226	380	482	603
CSP31.g9054.t1	100	226	380	482	603
CSP32.g116.t1	100	226	380	482	603
CSP34.Sp34_X0240800.t1	157	283	437	539	660
CSP38.g10894.t1	103	229	383	485	606	704
CSP39.g21629.t1	100	226	380	482	603
CSP40.g17674.t1	100	226	380	482	603
CTROP.Csp11.Scaffold527.g3094.t1	100	226	380	482	603
CVIRI.g2135.t1	100	226	380	482	603	701
DCORO.DCO_018313	100	226	283	380	482	603	701
