CAFRA.g766.t1	125	511	820	2175	2338	3107	4038
CANGA.Cang_2012_03_13_00306.g8899.t2	101	345	549	907	1117	1256	1479	1612	2128	2328	2542	2742	3402	3500	3800	4416	4583
CBREN.CBN02332	131	375	517	829	1960	2169	2904	3104	3489	3756	4038
CBRIG.CBG18782	203	447	589	892	2032	2241	2407	2976	3176	3558	3825	4107
CCAST.g6699.t1	101	345	796	1100	1417	1933	2133	2735	3035	3504	3671
CDOUG.g25494.t1	164	550	859	2011	2220	2386	2955	3155	3804	4086
CELEG.F09C3.1	158	402	847	1984	2193	2359	2928	3128	3513	3800	4062
CJAPO.CJA09740a	82	403	1558	1767	1930	2499	2631	2699
CKAMA.g2024.t1	152	538	856	1993	2202	2368	2937	3137	3513	4065
CLATE.FL83_17477-RA	149	393	535	847	2002	2211	2377	2946	3146	3528	3795	4077
CMONO.g15012.t1	104	348	490	799	888	1124	1231	1365	1447	1584	1850	1954	2041	2163	2522	2631	2703	2783	3024	3092	3249	3645	3812	3920	4074
CNOUR.g21312.t1	131	375	517	826	1966	2175	2338	2907	3107	3490	4044
CPLIC.g14813.t1	237	627	796	1003	1133	1246	1380	1462	1623	1871	1975	2062	2184	2347	2558	2667	2816	2925	3057	3125	3282	3434	3554	3836	3944
CREMA.FL82_04490-RA	149	393	535	847	2002	2211	2377	2946	3146	3528	3795	3892	3984	4094	4362	4452	4534	4674	4985	5098	5307
CSINI.Csp5_scaffold_00333.g9598.t2	167	411	553	874	2053	2262	2428	2997	3197
CSP21.g16399.t1	65	213	309	451	600	757	846	946	1076	1183	1317	1399	1527	1692	1903	1987	2163	2272	2586	2658	2738	2847	2979	3047	3204	3356	3485	3600	3875	4029
CSP26.g10614.t1	143	387	529	844	1967	2058	2224	2793	2993	3375	3924
CSP28.g2606.t1	137	381	523	832	1999	2208	2371	2940	3140	3523	4077
CSP29.g16884.t1	221	401	477	557	1248	1361	1605	1747	2035	3129	3300	3463	4032	4232	4615	5169
CSP31.g5741.t1	86	330	472	778	870	1933	2142	2302	2510	2771	2880	3012	3080	3237	3521	4065
CSP32.g4741.t1	143	529	850	2205	2368	2937	3069	3137	4065
CSP34.Sp34_10020820.t1	158	402	544	865	2107	2316	2482	2844	3051	3251	4176
CSP38.g14430.t1	107	351	817	1121	1438	1951	2151	2314	2753	3053	3522	3689
CSP39.g9467.t2	131	375	517	826	2214	2377	2946	3146	3224	3607	4161
CSP40.g13834.t1	155	399	541	850	1981	2190	2356	2925	3125	3507	3774	4056
CTROP.Csp11.Scaffold525.g3034.t1	134	378	823	1963	2172	2338	2907	3107	3756	4038
CVIRI.g6807.t1	86	234	781	879	988	1118	1225	1359	1441	1734	1841	1945	2317	2415	2783	3024	3092	3249	3636
DCORO.DCO_002781	5	143	294	390	532	684	847	950	1051	1181	1288	1400	1501	1662	1739	1904	2008	2092	2214	2303	2478	2694	2846	2955	3158	3315	3461	3590	3705	3872	3987	4137
