CAFRA.g2603.t1	173	1389
CANGA.Cang_2012_03_13_00351.g9605.t1	68	500	939
CBREN.CBN06549	68	375	1278
CBRIG.CBG03915	332	1292	1548
CCAST.g7105.t1	68	500	733	822
CDOUG.g6079.t1	71	378	1034	1287
CELEG.Y74C9A.5.1	71	375	1031	1299
CJAPO.CJA15993	41	345	1001	1260
CKAMA.g5516.t1	282	938	1170
CLATE.FL83_18567-RA	74	378	1290
CMONO.g15378.t1	35	147	330	485	561	661	789	905	1011	1131
CNOUR.g8857.t1	86	1287
CPLIC.g7353.t1	41	153	336	670	914	1020	1137
CREMA.FL82_08089-RA	104	236	540	1452
CSINI.Csp5_scaffold_00114.g4689.t1	125	1094	1347
CSP21.g4154.t1	26	150	333	673	804	920	1146
CSP26.g7237.t1	131	1344
CSP28.g13254.t1	86	1293
CSP29.g14374.t1	89	1290
CSP31.g4688.t1	77	372	992	1215
CSP32.g15510.t1	41	342	1257
CSP34.Sp34_10225900.t1	71	1037	1293
CSP38.g22072.t1	86	381	527	840	1053	1170
CSP39.g9155.t2	107	411	489	1386
CSP40.g19750.t1	137	1097	1350
CTROP.Csp11.Scaffold591.g5120.t1	327	980	1233
CVIRI.g13269.t1	35	150	333	479	756	866	1086
DCORO.DCO_011843	71	186	258	324	423	506	579	700	825	1038	1158	1283
