CAFRA.g10746.t1	204	331	453	822	1149
CANGA.Cang_2012_03_13_00917.g14917.t1	153	758	889
CBREN.CBN12154	213	813	1146
CBRIG.CBG03469	816	1152
CCAST.g13957.t1	216	608	963
CDOUG.g12905.t1	213	819	1152
CELEG.K07F5.14	225	334	828	1152
CJAPO.CJA03944	204	346	831	1152
CKAMA.g401.t1	201	301	795	1125	1206	1318	1449	1524	1638	1720
CLATE.FL83_13745-RA	843	1173
CMONO.g1037.t1	180	316	423	542	819	999	1146
CNOUR.g7327.t1	210	343	465	831	1167
CPLIC.g397.t1	399	518	1017	1104	1188	1299	1416
CREMA.FL82_03608-RA	831	1161	1266	1347	1458	1575	1736	1780	1911
CSINI.Csp5_scaffold_00103.g4363.t1	204	819	1158
CSP21.g13254.t1	177	277	542	747	975	1131	1218	1302	1410	1527	1657	1800
CSP26.g5822.t1	798	1116
CSP28.g2280.t1	210	471	837	1197	1281	1362	1461	1552	1683	1758	1890
CSP29.g10538.t1	204	340	462	813	1161	1255	1323	1431	1465	1596	1671	1803
CSP31.g26138.t1	231	349	468	581	795	1092
CSP32.g17813.t1	204	331	453	816	1155
CSP34.Sp34_40156700.t1	210	322	834	1173
CSP38.g3650.t1	186	915
CSP39.g28428.t1	219	346	468	834	1185
CSP40.g13033.t1	204	810	1134
CTROP.Csp11.Scaffold585.g4849.t1	213	400	780
CVIRI.g8956.t1	213	322	596	834	1191
DCORO.DCO_010651	71	273	330	409	516	669	750	819	996	1146	1236	1351
