CAFRA.g3046.t1	80	150	900
CANGA.Cang_2012_03_13_00606.g12710.t1	240	993
CBREN.CBN24968	80	150	897
CBRIG.CBG11571	80	150	897
CCAST.g19201.t1	150	903
CDOUG.g9746.t1	80	150	897
CELEG.C01G10.8.1	80	150	897
CJAPO.CJA16157	80	906
CKAMA.g7737.t1	80	150	897
CLATE.FL83_09745-RA	150	903
CMONO.g15043.t1	80	150	271	357	441	525	616	702	804	894
CNOUR.g15386.t1	80	150	897
CPLIC.g10853.t1	80	150	357	447	531	708	903
CREMA.FL82_20968-RA	150	903
CSINI.Csp5_scaffold_00006.g436.t1	80	150	897
CSP21.g13861.t1	80	150	271	357	441	525	616	702	804	894
CSP26.g20599.t1	80	150	897
CSP28.g6657.t1	80	150	897
CSP29.g17295.t1	80	150	897
CSP31.g22535.t1	80	150	363	537	714	909
CSP32.g11810.t1	80	150	894
CSP34.Sp34_50266800.t1	80	150	897
CSP38.g7540.t1	150	447	903
CSP39.g23858.t1	80	150	894
CSP40.g23742.t1	80	150	897
CTROP.Csp11.Scaffold629.g15838.t1	80	150	897
CVIRI.g14769.t1	80	150	357	711	906
DCORO.DCO_015057	29	80	150	271	357	441	525	616	702	804	894
