CAFRA.g9818.t1	64	159	252	510	956
CANGA.Cang_2012_03_13_00128.g5119.t1	64	159	252	405	914
CBREN.CBN18913	64	159	252	405	510	773	908
CBRIG.CBG12982	64	159	252	510	773	920
CCAST.g8760.t1	64	159	252	405	794	944
CDOUG.g25003.t1	64	159	252	510	773	911
CELEG.B0495.8a	64	159	252	405	510	773	917
CJAPO.CJA08999a	64	159	252	788	938
CKAMA.g5928.t1	133	268	674	739	834	927	1185	1451	1580
CLATE.FL83_06922-RA	64	159	252	405	510	773	911
CMONO.g6226.t1	122	235	365	498	612	676	771	864	978	1017	1122	1299	1376	1442	1517
CNOUR.g11089.t1	64	159	252	405	788	953
CPLIC.g14619.t1	64	159	252	405	510	684	836	881
CREMA.FL82_05629-RA	64	159	252	405	510	773	911
CSINI.Csp5_scaffold_00268.g8337.t1	6	99	252	357	620	761
CSP21.g8970.t1	64	162	255	408	684	884	965
CSP26.g16579.t1	64	159	252	405	510	773	908
CSP28.g15399.t1	64	159	252	405	953
CSP29.g7162.t1	64	159	252	405	788	953
CSP31.g18089.t1	64	159	252	405	510	699	809	959
CSP32.g1583.t1	64	159	252	510	938
CSP34.Sp34_20143100.t1	64	159	252	405	510	773	917
CSP38.g16073.t1	64	294	387	540	938	1094
CSP39.g6762.t1	64	159	252	405	956
CSP40.g17117.t1	64	159	252	405	510	773	908
CTROP.Csp11.Scaffold469.g1620.t2	64	159	252	405	510	773	911
CVIRI.g1847.t1	64	159	252	510	773	830	923
DCORO.DCO_015791	64	159	252	366	414	513	696	884	950
