CAFRA.g8363.t1	3	121	215	480	711
CANGA.Cang_2012_03_13_00164.g6027.t1	3	215	477	708
CBREN.CBN19802	3	121	215	329	480	585
CBRIG.CBG03000	3	121	215	329	480	585	711
CCAST.g16460.t1	3	215	477	708
CDOUG.g8421.t1	3	121	215	329	480	585	711
CELEG.M106.5	3	121	215	329	480	585	711
CJAPO.CJA03849	3	121	215	480	711
CKAMA.g14573.t1	68	105	223	321	549	654	780
CLATE.FL83_17681-RA	3	121	215	329	480	585	711
CMONO.g738.t1	3	125	239	324
CNOUR.g22356.t1	3	121	215	480	585	711
CPLIC.g187.t1	3	121	215	480	585	714
CREMA.FL82_05350-RA	51	169	263	377	528	633	759
CSINI.Csp5_scaffold_00036.g1958.t2	126	244	338	452	603	708	834
CSP21.g7745.t1	3	121	215	329	480	711
CSP26.g1701.t1	3	121	215	329	480	585	711
CSP28.g11638.t1	3	121	215	329	480	585	711
CSP29.g9891.t1	3	121	215	480	585	711
CSP31.g16580.t1	3	121	215	329	411	480	585	711
CSP32.g2451.t1	3	121	215	480	711
CSP34.Sp34_20340000.t1	3	121	215	329	480	585	711
CSP38.g18397.t1	3	121	215	711
CSP39.g3516.t1	3	121	215	329	480	711
CSP40.g11565.t1	3	121	215	329	480	585	711
CTROP.Csp11.Scaffold618.g6058.t1	3	121	215	329	480	585	711
CVIRI.g8235.t1	3	121	215	414	588	714
DCORO.DCO_017749	3	121	215	329	408	477	585	651	762
