CAFRA.g4744.t1	71	170	395	565	1655	1960
CANGA.Cang_2012_03_13_00143.g5495.t1	71	170	392	1080	1442	1539	1987
CBREN.CBN00255	71	173	413	583	1685	1984
CBRIG.CBG12064	68	170	404	574	1679	1990
CCAST.g3381.t1	71	170	392	1080	1442	1539	1990
CDOUG.g4100.t1	71	170	410	580	1682	1981
CELEG.E01A2.2a.1	68	161	392	562	1670	1981
CJAPO.CJA12663	71	167	392	1697	2020
CKAMA.g15549.t1	180
CLATE.FL83_08234-RA	71	170	410	580	1682	1984
CMONO.g15362.t1	3	83	176	386	556	754	852	993	1113	1185	1303	1475	1572	1676	1830	1999	2081
CNOUR.g20565.t1	68	167	386	556	1664	1951
CPLIC.g7869.t1	71	161	362	621	795	936	1418	1515	1619	1773	1912
CREMA.FL82_12763-RA	71	170	410	580	1653	1909
CSINI.Csp5_scaffold_00773.g15348.t2	68	161	401	571	1667
CSP21.g4823.t1	50	137	338	508	660	801	921	1099	1347	1448	1747
CSP26.g17850.t1	68	170	410	580	1673	1975
CSP28.g1279.t1	71	167	386	556	1655	1954
CSP29.g16684.t1	68	164	383	553	1673	1960
CSP31.g22640.t1	74	167	389	648	751	846	1664	1966
CSP32.g17827.t1	71	170	395	565	1643	1948
CSP34.Sp34_10153100.t1	71	170	401	571	667	1637	1939
CSP38.g8755.t1	71	167	389	1092	1285	1454	1551	1987
CSP39.g4838.t2	71	176	392	562	1658	1957
CSP40.g16410.t1	68	176	416	586	1676	1978
CTROP.Csp11.Scaffold627.g6692.t1	71	167	407	577	1679	1978
CVIRI.g7317.t1	71	164	389	559	724	816	957	1077	1270	1442	1643	2036
DCORO.DCO_005755	92	183	293	463	724	908	957	1077	1178	1359	1454	1557	1661	1815	1973	2084
