CAFRA.g6666.t1	122	412	579	640	843
CANGA.Cang_2012_03_13_00172.g6182.t2	42	193	360	447
CBREN.CBN20093	68	219	370	537	598	801
CBRIG.CBG05852	68	219	370	537	598	801
CCAST.g1978.t1	17	153	304	471	532	648	735
CDOUG.g10137.t1	68	219	370	537	598	801
CELEG.T12B3.4a	68	219	370	537	598	801
CJAPO.CJA04671	42	193	360	421
CKAMA.g1649.t1	68	219	370	537	598	801
CLATE.FL83_18760-RA	53	204
CMONO.g7876.t1	122	258	409	503	576	637	753	840
CNOUR.g21011.t1	68	225	376	543	604	807
CPLIC.g8403.t1	26	183	334	428	501	562	678	765
CREMA.FL82_04065-RA	65	216	367	534	595	798
CSINI.Csp5_scaffold_00060.g2925.t1	68	219	370	537	598	801
CSP21.g667.t1	42	140	193	287	360	421	537	624
CSP26.g18803.t1	68	222	373	540	601
CSP28.g9093.t1	42	193	360	421	624
CSP29.g3469.t1	68	225	376	543	604	807
CSP31.g5338.t1	26	195	346	513	574	690	777
CSP32.g16344.t1	68	358	525	586	789
CSP34.Sp34_40297600.t1	68	219	370	537	598	801
CSP38.g6893.t1	20	98	264	415	582	643	759	846
CSP39.g5047.t1	174	325	492	553	756
CSP40.g19426.t1	68	222	373	540	601	804
CTROP.Csp11.Scaffold630.g21175.t1	69	158	309	460	627	688	891
CVIRI.g13238.t1	23	174	325	419	492	553	669	756
DCORO.DCO_017117	7	228	379	473	607	723	810
