CAFRA.g6139.t1	78	344	594	808	1045	1353	1491	1606
CANGA.Cang_2012_03_13_00026.g1558.t1	282	372	586	669	1387
CBREN.CBN02884	78	341	591	805	1042	1350	1485	1600
CBRIG.CBG19095	78	344	594	808	1045	1488	1578	1775
CCAST.g16838.t1	81	168	359	519	609	823	906	1624
CDOUG.g3819.t1	78	341	591	805	1042	1350	1485	1600
CELEG.F09G2.5	78	341	591	805	1042	1350	1485	1600
CJAPO.CJA05276	81	344	594	808	1045	1347	1491	1606
CKAMA.g5593.t1	78	341	579	793	1030	1338	1470	1585
CLATE.FL83_09732-RA	33	546	739	976	1284	1419	1534
CMONO.g18803.t1	57	147	230	335	427	585	654	716	799	882	955	1036	1170	1341	1392	1503	1621
CNOUR.g9899.t1	75	588	802	1039	1347	1485	1600
CPLIC.g11894.t1	72	156	239	436	504	663	725	808	891	964	1045	1179	1494	1597
CREMA.FL82_20978-RA	513	664	901	1209	1344	1459
CSINI.Csp5_scaffold_01148.g18763.t1	147	410	660	874	1111	1419	1554	1669
CSP21.g9735.t2	63	150	233	325	393	483	614	697	780	853	934	1068	1233	1281	1425	1494	1612
CSP26.g16544.t1	78	591	805	1042	1350	1485	1594
CSP28.g8686.t1	79	705	1432	1669	1977	2115	2230
CSP29.g20093.t1	75	588	802	1039	1347	1485	1600
CSP31.g18742.t1	69	156	233	498	588	719	802	885	1039	1347	1494
CSP32.g7185.t1	78	344	594	808	1045	1353	1491	1606
CSP34.Sp34_50227900.t1	78	341	591	805	1042	1350	1485	1600
CSP38.g6078.t1	78	165	356	516	820	903	909	1395	1630
CSP39.g7871.t1	63	579	793	1030	1166	1368	1506	1621
CSP40.g21484.t1	78	341	591	805	1042	1350	1485	1600
CTROP.Csp11.Scaffold629.g15426.t1	243	506	756	970	1207	1515	1650	1681
CVIRI.g15482.t1	87	254	359	519	609	740	823	906	979	1060	1368	1482	1600	1684	1782	1971	2112	2176	2278	2381	2474	2585	2844	3064	3143	3210	3300
DCORO.DCO_007037	75	159	281	386	478	546	636	767	804	850	897	1009	1224	1413	1473	1569	1641	1759
