CAFRA.g9384.t1	61	192	440	485	601	744	898	1041	1203	1293
CANGA.Cang_2012_03_13_00028.g1658.t1	61	192	542	649	801	955
CBREN.CBN13393	58	305	512	557	673	819	973	1116	1278	1371
CBRIG.CBG14590	13	144	219	404	449	562	705	859	1002	1164	1260
CCAST.g19398.t1	61	192	482	589	741	895
CDOUG.g429.t1	58	189	264	458	503	616	759	913	1056	1218	1311
CELEG.ZC449.1	58	189	264	458	503	616	762	916	1059	1221	1320
CJAPO.CJA03331a	58	189	455	500	613	756	910	1053	1215	1302
CKAMA.g3203.t1	55	186	261	343	392	499	642	796	939	1101	1194
CLATE.FL83_00578-RA	58	189	264	458	503	616	759	913	1056	1218	1314
CMONO.g11303.t1	108	234	308	353	424	525	679	819	870
CNOUR.g17567.t1	58	189	264	458	503	616	759	913	1056	1218	1308
CPLIC.g14675.t1	67	195	270	485	530	655	798	952	1092	1251	1332
CREMA.FL82_01132-RA	58	189	264	458	503	616	759	913	1056	1218	1314
CSINI.Csp5_scaffold_00018.g1117.t1	58	189	268	470	515	628	771	925	1068	1230	1326
CSP21.g6436.t1	52	183	258	331	423	482	535	672	826	966	1194
CSP26.g7003.t1	58	189	264	458	503	616	759	913	1056	1218	1314
CSP28.g9782.t1	27	131	300	438	558	610	738	959	1061	1158	1407	1627	1755	1912	2052	2209	2335	2466	2541	2735	2780	2893	3036	3190	3333	3495	3585
CSP29.g11572.t1	58	189	264	458	503	616	759	913	1056	1218	1308
CSP31.g22209.t1	55	186	455	500	604	747	901	1044	1206	1299
CSP32.g8362.t1	61	192	440	485	598	741	895	1038	1200	1290
CSP34.Sp34_X0246700.t1	58	189	264	458	503	622	768	922	1065	1227	1317
CSP38.g17412.t1	58	189	473	580	729	883
CSP39.g23365.t1	58	189	264	452	497	610	753	907	1050	1212	1302
CSP40.g19130.t1	58	189	264	458	503	616	759	913	1056	1218	1311
CTROP.Csp11.Scaffold567.g4184.t1	58	189	264	458	503	616	759	913	1056	1218	1311
CVIRI.g444.t1	64	195	270	452	497	610	753	1047	1191
DCORO.DCO_009493	70	201	276	459	507	599	644	769	915	1069	1209	1401	1473
