CAFRA.g13536.t1	108	288	407	586	1142	1277	1405
CANGA.Cang_2012_03_13_00024.g1473.t1	33	141	321	619	1175	1438
CBREN.CBN26019	108	288	586	1142	1277	1405
CBRIG.CBG14224	108	288	586	947	1142	1277	1405
CCAST.g17218.t1	33	141	321	619	1175	1438
CDOUG.g6824.t1	174	472	1028	1163	1291
CELEG.C12D12.2a	33	141	321	619	980	1175	1310	1438
CJAPO.CJA16087	108	288	407	586	947	1142	1277	1405
CKAMA.g19193.t1	87	282	394	543	651	831	950	1129	1490	1685	1820	1948
CLATE.FL83_00826-RA	108	288	947	1142	1277	1405
CMONO.g12906.t1	36	144	235	324	443	622	849	983	1056	1148	1283	1411
CNOUR.g4816.t1	33	141	321	440	619	980	1175	1310	1438
CPLIC.g12301.t1	33	141	232	321	440	619	746	980	1083	1310	1438
CREMA.FL82_00842-RA	174	833	1028	1163	1291
CSINI.Csp5_scaffold_00313.g9237.t1	108	288	586	947	1142	1277	1405
CSP21.g10487.t1	20	220	309	428	607	834	968	1071	1298	1426
CSP26.g3888.t1	108	288	586	947	1142	1277	1405
CSP28.g10438.t1	108	288	407	586	947	1142	1277	1405
CSP29.g16264.t1	108	288	407	586	947	1142	1277	1405
CSP31.g8993.t1	108	288	407	586	1142	1277	1405
CSP32.g5058.t1	108	288	407	586	1142	1277	1405
CSP34.Sp34_X0269500.t1	33	141	321	619	980	1175	1310	1438
CSP38.g9456.t1	33	141	321	619	980	1175	1438
CSP39.g25468.t1	108	288	407	586	947	1142	1277	1405
CSP40.g16256.t1	108	288	586	947	1142	1277	1405
CTROP.Csp11.Scaffold630.g18180.t1	108	288	586	1142	1277	1405
CVIRI.g9510.t1	36	144	324	622	749	983	1178	1313	1441
DCORO.DCO_009517	69	174	265	354	476	616	843	977	1073	1172	1307	1435
