CAFRA.g17427.t1	138	293	431	696
CANGA.Cang_2012_03_13_00428.g10739.t1	173	265	438
CBREN.CBN01335	159	314	452	717
CBRIG.CBG02304	159	314	452	717
CCAST.g7157.t1	34	135	287	425	517	690
CDOUG.g16352.t1	159	314	452	717
CELEG.ZK546.15	156	311	449	714
CJAPO.CJA27509	152	290	555
CKAMA.g5885.t1	147	302	440	705
CLATE.FL83_05964-RA	159	314	452	717
CMONO.g13496.t1	104	256	394	486	656
CNOUR.g1574.t2	186	350	488	753
CPLIC.g11881.t1	138	290	428	520
CREMA.FL82_11862-RA	159	314	452	717
CSINI.Csp5_scaffold_00182.g6483.t1	159	314	452	717
CSP21.g537.t1	138	290	520	693
CSP26.g8787.t1	159	314	452	717
CSP28.g13638.t1	144	299	437	702
CSP29.g5519.t1	180	335	473	738
CSP31.g14975.t1	147	299	529	702
CSP32.g7415.t1	147	302	440	705
CSP34.Sp34_20087900.t1	156	311	449	714
CSP38.g9772.t1	43	162	314	452	544	717
CSP39.g546.t1	156	311	449	714	816
CSP40.g5133.t1	147	302	440	705
CTROP.Csp11.Scaffold629.g11216.t1	159	314	452	717
CVIRI.g11039.t1	138	282	425	517	690
DCORO.DCO_017643	114	257	395	487	667	748
