CAFRA.g12912.t1	9	164	394	491	611	770	952	1116	1250	1404	1572	1733	1803	1911	2015
CANGA.Cang_2012_03_13_00033.g1912.t1	87	242	569	1488	1656	1884	1992
CBREN.CBN12216	87	242	472	569	689	848	1030	1191	1325	1479	1647	1808	1878	1986	2090
CBRIG.CBG02083	87	242	472	569	689	1030	1182	1316	1470	1644	1805	2066
CCAST.g607.t1	87	242	569	1482	1650	1878	1986	2090
CDOUG.g4708.t1	87	242	472	569	689	848	1030	1194	1328	1482	1650	1811	1881	1989	2093
CELEG.F52H2.7	87	242	472	569	689	848	1030	1194	1328	1579	1643	1797	1965	2126	2196	2304	2408
CJAPO.CJA01323	87	242	472	569	689	848	1030	1194	1328	1482	1650	1811	1881	1989	2093
CKAMA.g1212.t1	87	242	472	569	689	848	1030	1194	1328	1482	1650	1811	1881	1989	2093	2250	2475	2616	2874	3131	3510	3689	3768	3895	4001	4251	4493
CLATE.FL83_01012-RA	87	242	472	569	689	848	1030	1194	1328	1482	1650	1811	1881	1989	2093	2250
CMONO.g14168.t1	87	242	388	472	569	689	848	899	997	1164	1295	1374	1443	1611	1772	1848	1884	1988	2178	2252
CNOUR.g16631.t1	9	164	394	491	611	770	952	1116	1250	1404	1572	1733	1800	1908	2012
CPLIC.g10591.t1	87	242	472	569	689	1030	1307	1629	1790	1863	1971
CREMA.FL82_00637-RA	87	242	472	569	689	848	1030	1194	1328	1482	1650	1811	1881	1989	2093	2250
CSINI.Csp5_scaffold_00066.g3157.t1	87	242	472	569	689	848	1030	1188	1322	1476	1644	1805	1875	1983	2087
CSP21.g8853.t1	87	242	472	689	848	932	1030	1191	1325	1479	1647	1808	1989	2087	2217	2315
CSP26.g12643.t1	87	242	472	569	689	848	1030	1191	1325	1479	1647	1808	1878	1986	2090
CSP28.g9658.t1	9	164	394	491	611	770	952	1113	1247	1401	1569	1730	1797	1905	2009
CSP29.g11708.t1	87	242	472	569	689	848	1030	1194	1328	1482	1650	1811	1878	1986	2090
CSP31.g21890.t1	87	242	472	569	848	1030	1197	1328	1482	1650	1811	1881	1989	2093
CSP32.g16629.t1	87	242	472	569	689	848	1030	1197	1331	1485	1653	1814	1884	1992	2096
CSP34.Sp34_X0099400.t1	87	242	472	569	689	848	1030	1194	1328	1482	1650	1811	1881	1989	2093
CSP38.g13068.t1	87	242	569	1470	1638	1974	2078
CSP39.g1298.t1	87	242	472	569	689	848	1030	1194	1328	1482	1650	1811	1878	1986	2090
CSP40.g12524.t1	87	242	472	569	689	848	1030	1194	1328	1482	1650	1811	1881	1989	2093
CTROP.Csp11.Scaffold582.g4636.t1	87	242	472	569	689	848	1030	1194	1328	1482	1650	1811	1881	1989	2093
CVIRI.g2545.t1	87	242	472	569	689	848	1030	1212	1346	1500	1668	1829	1899	2007	2111
DCORO.DCO_005223	87	242	388	472	569	689	848	932	1030	1200	1340	1494	1662	1826	1893	2001	2108
