CAFRA.g4394.t1	64	155	254	368	492	726	942	1118	1211	1575	1743	1899	2128
CANGA.Cang_2012_03_13_00514.g11737.t1	70	155	365	489	726	942	1205	1569	1896
CBREN.CBN05866	73	164	263	374	492	942	1118	1211	1575	1743	1899	2143
CBRIG.CBG10959	58	149	248	359	927	1103	1196	1578	1746	1902
CCAST.g15332.t1	70	155	365	489	726	942	1205	1569	1896
CDOUG.g13159.t1	70	161	260	374	726	942	1118	1211	1575	1743	1899	2146
CELEG.B0403.2	67	158	257	368	489	723	939	1115	1208	1572	1740	1896	2140
CJAPO.CJA08754	64	155	254	368	492	726	942	1118	1211	1575	1743	1899	2143
CKAMA.g3373.t1	32	131	245	363	597	813	989	1082	1446	1614	1770	2011
CLATE.FL83_00249-RA	67	158	257	368	489	984	1160	1253	1617	1785	1941	2185
CMONO.g20008.t2	70	152	245	353	483	720	936	1035	1136	1229	1338	1412	1593	1761	1920	1966
CNOUR.g18955.t1	64	155	254	368	492	726	942	1118	1211	1575	1743	1899	2143
CPLIC.g4.t1	26	125	245	366	600	816	1004	1097	1206	1461	1629	1788	1846
CREMA.FL82_01555-RA	70	161	260	371	492	987	1163	1256	1620	1788	1944	2188
CSINI.Csp5_scaffold_00029.g1632.t2	55	146	245	353	705	921	1100	1193	1557	1725	1881	2125
CSP21.g8073.t1	91	173	272	380	492	726	942	1032	1130	1406	1587	1755	1914
CSP26.g8988.t1	55	146	245	353	705	921	1097	1190	1554	1722	1878	2122
CSP28.g13835.t1	117	173	272	386	510	744	960	1133	1226	1590	1758	1914	2158
CSP29.g4124.t1	113	237	471	687	863	956	1320	1488	1644	1888
CSP31.g20622.t1	64	155	254	368	726	942	1115	1208	1740	1896	2152
CSP32.g5603.t1	64	155	254	368	492	726	942	1118	1211	1575	1743	1899	2128
CSP34.Sp34_X0199000.t1	67	158	257	368	489	723	939	1115	1208	1572	1740	1896	2140
CSP38.g10945.t1	70	155	365	489	726	942	1205	1569	1896
CSP39.g7709.t1	64	155	254	368	492	726	942	1115	1208	1572	1740	1896	2155
CSP40.g2169.t1	55	146	245	353	705	921	1097	1190	1554	1722	1878	2113
CTROP.Csp11.Scaffold578.g4515.t2	51	158	425	543	993	1160	1253	1617	1785	1941	2185
CVIRI.g1454.t1	58	236	344	468	705	921	1100	1376	1557	1725	1881
DCORO.DCO_005491	135	227	292	371	470	578	705	864	966	1042	1182	1295	1484	1593	1667	1848	2016	2175
