CAFRA.g13021.t1	94	220	309	408	628	906	1073	1173	1281
CANGA.Cang_2012_03_13_00359.g9710.t1	103	180	283	421	508	663	786	953	1056	1167
CBREN.CBN04615	94	220	309	420	640	918	1085	1185	1293
CBRIG.CBG15435	94	220	309	423	643	798	921	1088	1188	1296
CCAST.g14327.t1	214	291	390	523	610	765	888	1055	1158	1269
CDOUG.g608.t1	94	220	309	420	640	795	918	1085	1185	1293
CELEG.K01A12.3	94	220	309	429	649	972	1139	1239	1347
CJAPO.CJA12916c	89	309	587
CKAMA.g5290.t1	94	220	309	420	640	795	918	1085	1185	1293
CLATE.FL83_02081-RA	94	207	273	372	747	870	1037	1137	1245
CMONO.g4365.t1	94	220	312	408	541	628	783	906	1073	1170	1281
CNOUR.g17698.t1	94	220	309	417	637	792	915	1082	1182	1290
CPLIC.g12210.t1	94	220	297	414	634	789	956	1053	1161
CREMA.FL82_02245-RA	94	207	312	687	810	977	1077
CSINI.Csp5_scaffold_00238.g7710.t1	100	226	315	426	646	801	924	1088	1188	1296
CSP21.g13142.t2	70	196	273	378	511	601	756	879	1049	1149	1260
CSP26.g672.t1	94	220	309	417	637	792	915	1079	1179	1287
CSP28.g3432.t1	94	220	309	420	640	918	1085	1185	1293
CSP29.g13882.t1	94	220	309	529	684	807	974	1074	1182
CSP31.g24656.t1	91	217	306	408	541	628	783	906	1073	1173	1281
CSP32.g4772.t1	94	220	309	408	628	906	1073	1173	1281
CSP34.Sp34_X0171500.t1	94	220	309	423	643	798	921	1088	1188	1296
CSP38.g19863.t1	217	297	393	526	613	768	891	1058	1158	1269
CSP39.g9719.t1	91	217	306	417	637	792	915	1082	1182	1290
CSP40.g19607.t1	94	220	309	411	631	786	909	1073	1173	1281
CTROP.Csp11.Scaffold629.g10951.t1	94	220	309	420	640	795	918	1085	1185	1293
CVIRI.g16689.t1	126	215	317	537	692	1079	1187
DCORO.DCO_010215	73	199	309	420	553	649	804	927	1094	1203	1314
