CAFRA.g13697.t1	344	653	1570
CANGA.Cang_2012_03_13_00276.g8322.t1	74	344	650	1567
CBREN.CBN11387	344	429	653	1570
CBRIG.CBG08827	344	429	653	1570
CCAST.g10314.t1	74	344	650	1567
CDOUG.g14601.t1	344	429	653	1570
CELEG.C37H5.8	344	653	1570
CJAPO.CJA04674	344	429	653	1570
CKAMA.g13728.t1	22	371	680	1597
CLATE.FL83_05273-RA	344	429	653	1570
CMONO.g2875.t1	99	492	610	798
CNOUR.g17625.t1	653	1570
CPLIC.g4999.t1	74	162	344	429	650	834	1056	1344	1567	1881
CREMA.FL82_13550-RA	344	429	653	1570
CSINI.Csp5_scaffold_00868.g16281.t1	344	429	653	1570
CSP21.g13277.t1	65	153	335	641	825	1197	1335	1440	1558	1746	1872
CSP26.g8686.t1	344	429	653	1570
CSP28.g16529.t1	344	674	1591
CSP29.g21107.t1	653	1570
CSP31.g26238.t1	74	162	344	429	650	1056	1344	1567
CSP32.g5272.t1	344	653	1570
CSP34.Sp34_50080800.t1	344	429	653	1570
CSP38.g16976.t1	74	344	650	1344	1567	1881
CSP39.g4271.t1	344	653	1570
CSP40.g23538.t1	344	429	653	1570
CTROP.Csp11.Scaffold630.g21592.t1	344	429	653	1570
CVIRI.g3172.t1	74	162	429	650	1567	1881
DCORO.DCO_005885	119	209	297	476	561	675	782	855	966	1109	1269	1476	1581	1754	1887	2013
