CAFRA.g12846.t1	27	142	276	419	562	641	807	855
CANGA.Cang_2012_03_13_00158.g5864.t1	139	273	327	416	638	852
CBREN.CBN19430	115	249	392	535	614	780	828
CBRIG.CBG17277	118	252	395	662	828	879
CCAST.g18462.t1	139	273	327	416	638	852
CDOUG.g16384.t1	33	148	282	425	568	647	813	861
CELEG.T04F8.4	48	163	297	440	583	662	828	876
CJAPO.CJA15420	33	148	282	425	568	647	813	861
CKAMA.g1265.t1	33	148	282	425	568	647	813	861
CLATE.FL83_01087-RA	33	148	282	425	568	647	813	861
CMONO.g13215.t1	48	157	291	345	434	577	656	822	888	988
CNOUR.g6868.t1	33	148	282	425	568	647	813	861
CPLIC.g10300.t1	39	157	291	345	434	577	656	822	867	961
CREMA.FL82_00560-RA	33	148	282	425	568	647	813	861
CSINI.Csp5_scaffold_00246.g7877.t2	22	327	442	764	907	986	1152	1206
CSP21.g15384.t1	36	148	276	330	419	562	641	807	870	970
CSP26.g1868.t1	33	148	282	425	568	647	813	867
CSP28.g9605.t1	36	151	285	428	593	647	813	861
CSP29.g11760.t1	33	148	282	425	689	855	903
CSP31.g10018.t1	45	157	291	345	434	577	656	822	870	970
CSP32.g5748.t1	27	142	276	419	562	641	807	855
CSP34.Sp34_X0092100.t1	33	148	282	425	568	647	813	861
CSP38.g21903.t1	142	276	330	419	641	855
CSP39.g22154.t1	36	151	285	428	571	650	816	864
CSP40.g12587.t1	33	148	282	425	568	647	813
CTROP.Csp11.Scaffold557.g3794.t1	115	249	392	535	614	780	828
CVIRI.g3994.t1	39	151	285	339	428	571	650	816	864	964
DCORO.DCO_011659	78	184	318	461	604	683	849	930	987	1114	1259
