CAFRA.g1766.t2	54	185	372	422
CANGA.Cang_2012_03_13_00809.g14286.t2	135	266
CBREN.CBN19762	60	191	498
CBRIG.CBG05538	60	191	438
CCAST.g111.t1	129	260
CDOUG.g6007.t1	60	191	504
CELEG.Y44A6D.3b	60	191	369
CJAPO.CJA08473	54	182	312
CKAMA.g10309.t1	66	197	351
CLATE.FL83_18028-RA	60	191	411
CMONO.g17245.t2	96	227	297
CNOUR.g7215.t1	54	185	300
CPLIC.g4089.t1	108	224	345	479
CREMA.FL82_13112-RA	60	191	402
CSINI.Csp5_scaffold_00447.g11492.t1	60	191	465
CSP21.g7583.t1	17	105	236	392
CSP26.g13539.t2	72	203	477
CSP28.g7501.t1	54	185	300	532
CSP29.g19801.t1	54	185	300
CSP31.g2227.t1	111	242	324	430
CSP32.g9961.t1	54	185	339
CSP34.Sp34_50399400.t1	60	191	381
CSP38.g1151.t1	129	260
CSP39.g21915.t1	54	185	300
CSP40.g3835.t1	63	194	456
CTROP.Csp11.Scaffold630.g21813.t1	60	191	384
CVIRI.g33.t1	189	320	405	581
DCORO.DCO_019369	59	165	296	390
