CAFRA.g4716.t1	103
CANGA.Cang_2012_03_13_00073.g3453.t1	103	399	466	708
CBREN.CBN23993	103	226	399	466
CBRIG.CBG12037	103	226	381	448
CCAST.g10754.t1	103	399	466
CDOUG.g4124.t1	103	226	399	466
CELEG.T20F5.2	103	399	466
CJAPO.CJA08921	103	226
CKAMA.g13919.t1	103
CLATE.FL83_08212-RA	103	226	399	466
CMONO.g2377.t1	94	217	390	457	546
CNOUR.g5731.t1	103	226	399	466
CPLIC.g13074.t1	103	466
CREMA.FL82_12746-RA	103	226	399	466
CSINI.Csp5_scaffold_00404.g10864.t1	103	226	399	466
CSP21.g10936.t1	106	229	402	469	558
CSP26.g4309.t1	103	226	399	466
CSP28.g1230.t1	56	317	440	552	827	1144	1252	1375	1615
CSP29.g16653.t1	103	226	399	466
CSP31.g16122.t1	103	226	399	466
CSP32.g17857.t1	103	399
CSP34.Sp34_10156600.t1	103	226	399	466
CSP38.g13387.t1	103	226	399	466	555
CSP39.g5494.t1	103	226	366	490
CSP40.g16432.t1	103	226	399	466
CTROP.Csp11.Scaffold627.g6717.t1	103	226	399	466
CVIRI.g12544.t1	103	226	399	466
DCORO.DCO_020361	106	165	229	408	582
