CAFRA.g140.t1	51	165	405	554	623	721	1006	1147	1218	1430	1536	1648	1707
CANGA.Cang_2012_03_13_00322.g9183.t1	51	206	275	658	799	870	1300
CBREN.CBN09970	45	195	396	545	614	712	997	1138	1209	1421	1527	1639	1698
CBRIG.CBG12481	45	195	375	524	593	691	976	1117	1188	1400	1506	1618
CCAST.g11772.t1	33	93	285	440	509	892	1033	1104	1534
CDOUG.g2162.t1	45	195	396	545	614	712	997	1138	1209	1421	1527	1639	1698
CELEG.C09D4.1a	45	192	405	554	623	721	1006	1147	1218	1430	1536	1648	1707
CJAPO.CJA18489	27	162	330	479	577	862	1003	1074	1286	1392	1504	1563
CKAMA.g10005.t1	45	183	384	533	602	700	985	1126	1197	1409	1515	1627	1686
CLATE.FL83_07089-RA	153	354	503	601	886	1027	1098	1310	1416	1480
CMONO.g24.t1	13	258	413	482	643	726	865	1006	1077	1178	1289	1395	1507	1566
CNOUR.g4911.t1	16	702	825	1017	1166	1235	1333	1618	1759	1830	2042	2148	2260	2319
CPLIC.g2208.t1	33	105	333	491	560	658	721	804	943	1084	1155	1256	1585	1644
CREMA.FL82_15577-RA	153	354	503	572	670	955	1096	1167	1379	1485	1597	1656
CSINI.Csp5_scaffold_00117.g4768.t2	45	195	399	548	617	715	1000	1141	1212	1424	1530	1642	1701
CSP21.g5752.t2	58	120	291	443	512	673	756	898	1039	1211	1322	1428	1540	1581
CSP26.g12485.t1	45	204	423	572	641	739	1024	1165	1236	1448	1554	1666	1725
CSP28.g16902.t1	149	218	316	601	742	813	999	1111	1170
CSP29.g1023.t1	149	218	316	601	742	813	1025	1131	1243	1302
CSP31.g8260.t1	54	206	275	373	658	799	870	971	1082	1188	1300	1359
CSP32.g5027.t1	51	200	269	367	652	793	864	1076	1182	1294	1353
CSP34.Sp34_10241200.t1	45	195	411	560	629	727	1012	1153	1224	1436	1542	1654	1713
CSP38.g2886.t1	36	90	282	437	506	889	1030	1101	1531
CSP39.g13638.t1	45	198	339	488	557	655	787	940	1081	1152	1364	1470	1582	1641
CSP40.g24310.t1	78	227	296	394	679	820	891	1103	1209	1321	1380
CTROP.Csp11.Scaffold630.g20476.t1	121	406	547	618	830	936	1048	1107
CVIRI.g16310.t1	84	255	407	476	574	720	859	1000	1172	1283
DCORO.DCO_008401	81	303	461	530	628	774	913	1054	1226	1337	1443	1555	1614
