CAFRA.g13893.t1	102	361	480	588	834	890	955	1101	1183	1271	1409	1562	1830
CANGA.Cang_2012_03_13_00035.g1975.t1	268	387
CBREN.CBN04043	102	361	480	588
CBRIG.CBG14525	102	361	480	588	874
CCAST.g18858.t1	102	361	480	588	834	890
CDOUG.g3404.t1	102	361	480	588	834	890
CELEG.K02G10.7b	102	361	480	588
CJAPO.CJA14983a	102	361	480	588	834	890
CKAMA.g3165.t1	52	156	415	534	642	888	944	1009	1155	1237	1325	1463	1616	1884
CLATE.FL83_00623-RA	114	373	492	600	846	902
CMONO.g16411.t1	99	220	358	477	585	692	834	890
CNOUR.g10703.t1	102	361	480	588	695	834	890
CPLIC.g6743.t1	102	223	361	480	588	695	834	890
CREMA.FL82_01078-RA	102	312	396	504	750	806
CSINI.Csp5_scaffold_00053.g2692.t2	102	361	480	588	834	890
CSP21.g5283.t1	102	223	361	480	588	695	834	890
CSP26.g22004.t1	102	361	480	588	834	890
CSP28.g9823.t1	102	361	480	588	695
CSP29.g11532.t1	102	361	480	588	695
CSP31.g19133.t1	102	361	480	834	890
CSP32.g8407.t1	102	361	480	588	834	890	955	1101	1183	1271	1409	1562	1830
CSP34.Sp34_X0251500.t1	102	361	480	588	834
CSP38.g13015.t1	102	361	480	588	834	890
CSP39.g26696.t1	102	361	480	588	695	834	890	939
CSP40.g12424.t1	102	361	480	588	834	890
CTROP.Csp11.Scaffold622.g6291.t1	102	361	480	588	834	890
CVIRI.g13994.t1	102	361	480	695	834	890
DCORO.DCO_016155	99	277	358	477	585	601	692	727
