CAFRA.g3740.t1	84	217	522	1340	1751
CANGA.Cang_2012_03_13_00823.g14388.t1	214	388	519	1036	1223	1416	1589
CBREN.CBN23380	90	229	403	534	816	1334	1739
CBRIG.CBG00680	99	235	537	819	1346
CCAST.g13531.t1	226	400	531	1051	1238	1428	1616
CDOUG.g7294.t1	90	226	531	822	1337	1748
CELEG.F49E12.6	90	223	397	528	828	1358	1769
CJAPO.CJA26768	93	223	397	825	1039	1340	1739
CKAMA.g1887.t1	84	211	385	516	819	1334
CLATE.FL83_08721-RA	87	220	394	525	828	1340	1739
CMONO.g4790.t1	64	346	455	535	666	858	957	1045	1171	1254	1358	1563	1619	1689	1770	1895
CNOUR.g16547.t1	84	214	388	519	822	1337	1745
CPLIC.g14185.t1	78	157	325	708	1259	1380	1502
CREMA.FL82_06042-RA	87	220	394	525	828	1340
CSINI.Csp5_scaffold_02356.g26138.t1	138	259	433	876	1397	1877
CSP21.g7136.t1	134	229	329	409	540	813	901	1027	1214	1418	1572	1685
CSP26.g25.t1	141	262	436	567	876	1397	1841
CSP28.g1879.t1	217	391	522	825	1340
CSP29.g6214.t1	84	214	388	519	822	1337
CSP31.g16800.t1	90	226	400	531	804	1454
CSP32.g2039.t1	84	217	522	1340	1769
CSP34.Sp34_20139700.t1	90	223	397	528	831	1361	1766
CSP38.g13561.t1	211	385	1015	1208	1398	1574
CSP39.g4353.t1	217	391	522	825	1340	1748
CSP40.g19295.t1	138	259	433	564	876	1397	1877
CTROP.Csp11.Scaffold629.g8245.t1	124	417	696	1205	1508
CVIRI.g7948.t1	136	310	441	699	1253	1416	1550
DCORO.DCO_005289	91	227	339	408	487	647	727	858	970	1095	1203	1288	1414	1497	1619	1702	1886	1965	2154	2285
