CAFRA.g15654.t1	22	147	552	1751	2190
CANGA.Cang_2012_03_13_00690.g13468.t1	585	770	1275	1641	1862	2124	2307
CBREN.CBN31972	22	189	594	698	1397	1977
CBRIG.CBG04128	22	147	552	656	1355
CCAST.g17411.t1	471	656	1161	1527	1748	2010	2193
CDOUG.g335.t1	22	147	552	656	1355	1751	1884	2196
CELEG.Y23H5A.7a	487	612	1121	1820	2349	2661
CJAPO.CJA28717	279	464	1163	1692
CKAMA.g6835.t1	11	157	282	791	1855	2316
CLATE.FL83_13898-RB	12	291	320	1019	1415	1548	1860
CMONO.g1961.t1	22	147	420	474	555	659	810	966	1048	1170	1283	1364	1470	1536	1632	1760	1890	2040	2190
CNOUR.g8254.t1	15	54	217	342	666	851	1547	1943	2073	2385
CPLIC.g9917.t1	138	305	465	650	801	1158	1271	1352	1524	1748	1872
CREMA.FL82_12628-RA	25	150	555	695	1394	1790	1923	2235
CSINI.Csp5_scaffold_00691.g14451.t2	39	208	306	711	815	1511	1907	2040	2352
CSP21.g10002.t1	25	150	423	477	558	662	813	960	1042	1164	1277	1358	1530	1626	1754	1881	2031	2193
CSP26.g17668.t1	22	147	552	656	1355	1751	1884	2196
CSP28.g17107.t1	22	147	471	1128	1748	2193
CSP29.g16534.t1	22	147	471	656	1352	1748	1878	2190
CSP31.g8354.t1	22	147	314	474	659	1161	1274	1355	1623	1748	1878	2007
CSP32.g11849.t1	75	229	333	598	692	758	883	1025	1176	1624	1774	1905	2310	3509	3948
CSP34.Sp34_10139400.t1	22	147	656	1355	1751	1884	2196
CSP38.g11194.t1	154	603	788	1293	1487	1659	1880	2142	2325
CSP39.g5321.t1	22	147	471	656	1884	2196
CSP40.g23505.t1	22	147	552	665	1364	1751	1884	2196
CTROP.Csp11.Scaffold627.g6835.t1	22	147	552	656	1355
CVIRI.g10936.t1	22	147	471	552	656	807	1161	1355	1527	1751	1884	2013	2196
DCORO.DCO_004883	54	208	333	500	606	660	738	842	993	1140	1231	1344	1472	1538	1644	1710	1806	1934	2064	2214	2376
