CAFRA.g15256.t2	20	226	385	527	1121	1277	1412	1731	1824	2058
CANGA.Cang_2012_03_13_00029.g1711.t1	146	352	452	587	906
CBREN.CBN05665	35	241	400	542	950	1103	1238	1557	1650
CBRIG.CBG23499	20	226	385	527	926	1079	1214	1533
CCAST.g7395.t2	20	226	385	718	1007	1142	1461	1554	1749
CDOUG.g6974.t1	20	226	385	527	941	1094	1229	1548	1641
CELEG.F28C1.2b	20	226	385	527	929	1082	1217	1536	1629
CJAPO.CJA01747	20	226	385	527	884	1040	1175	1494
CKAMA.g9348.t1	17	223	382	524	935	1094	1229	1548	1641	1860
CLATE.FL83_24230-RA	65	271	430	572	980	1133	1268	1587	1680
CMONO.g5800.t3	142	436	607	742	884	998	1061	1154	1316
CNOUR.g20718.t2	20	226	385	527	929	1088	1223	1542	1635
CPLIC.g7559.t1	20	226	385	527	633	718	869	975	1037	1172	1314	1491	1584
CREMA.FL82_11176-RA	20	226	385	527	935	1046	1181	1500	1593
CSINI.Csp5_scaffold_00388.g10563.t1	17	223	382	524	667	1100	1253	1388	1707	1800	2019
CSP21.g3233.t2	20	226	385	527	633	824	983	1118	1260	1437	1530	1668
CSP26.g18876.t1	20	226	385	527	938	1091	1226	1545	1638
CSP28.g6119.t1	20	226	385	527	671	1070	1229	1364	1683	1776
CSP29.g19185.t1	20	226	385	527	923	1082	1217	1536	1629	1977
CSP31.g1073.t1	20	226	385	527	718	1076	1211	1530	1623
CSP32.g16207.t1	20	226	385	527	965	1127	1262	1581	1674
CSP34.Sp34_50172300.t1	20	226	385	527	935	1088	1223	1542	1635
CSP38.g1684.t1	20	226	385	527	718	863	1013	1148	1467	1560
CSP39.g1963.t1	119	527	686	821	1140	1233
CSP40.g18442.t1	20	226	385	527	935	1088	1223	1542	1635
CTROP.Csp11.Scaffold417.g1115.t2	20	226	385	527	1013	1412	1565	1700	2019	2112
CVIRI.g2830.t3	20	226	385	527	718	869	1013	1148	1290	1467	1560	1797
DCORO.DCO_008461	163	322	464	570	776	864	926	1061	1203	1380	1473
