CAFRA.g14294.t1	52	151	310
CANGA.Cang_2012_03_13_00798.g14207.t2	79	178	337
CBREN.CBN04876	52	151	310
CBRIG.CBG21925	52	151	310
CCAST.g16633.t1	52	151	310
CDOUG.g12979.t1	52	151	310
CELEG.M05B5.2.1	52	151	310
CJAPO.CJA03740	52	151	310
CKAMA.g18564.t1	52	151	310
CLATE.FL83_10373-RA	55	154	247
CMONO.g11745.t1	52	310
CNOUR.g8443.t1	151	310
CPLIC.g115.t1	52	151
CREMA.FL82_08416-RA	55	154	273
CSINI.Csp5_scaffold_04915.g34037.t1	52	151	310
CSP21.g6381.t1	151	310
CSP26.g6276.t1	52	151	310
CSP28.g2810.t1	151	310
CSP29.g17449.t1	151	310
CSP31.g90.t1	52	310
CSP32.g15448.t1	52	151	310
CSP34.Sp34_10084400.t1	52	151	310
CSP38.g15013.t1	52	310
CSP39.g18363.t1	52	151	310
CSP40.g4865.t1	52	151	310
CTROP.Csp11.Scaffold629.g9965.t2	52	151	305	1023
CVIRI.g5139.t1	148	307
DCORO.DCO_023475	49	148	307
