CAFRA.g14424.t1	141	216	939	1908
CANGA.Cang_2012_03_13_00295.g8686.t1	18	93	1017	1170
CBREN.CBN01825	111	186	351	1959
CBRIG.CBG18819	117	192	357	918	1941
CCAST.g5514.t1	120	195	930	1893
CDOUG.g23492.t1	165	723	1737
CELEG.K03D10.1	108	183	348	906	1905
CJAPO.CJA11372	201	759	1746
CKAMA.g8694.t1	114	189	354	912	1412	1908
CLATE.FL83_21984-RA	78	153	318	876	1905
CMONO.g4686.t1	120	195	360	518	657	790	918	1049	1134	1425	1541
CNOUR.g19084.t1	123	198	363	918
CPLIC.g13286.t1	120	195	369	927	1146	1371	1551	1860
CREMA.FL82_04520-RA	75	240	798	1827	2009
CSINI.Csp5_scaffold_02114.g24922.t1	66	141	306	864	1890
CSP21.g1343.t1	18	93	258	416	555	688	816	1041	1352	1551	1692
CSP26.g21474.t1	123	198	363	921	1920
CSP28.g2958.t1	120	285	843	1896	2015	2201	2699	2958
CSP29.g4584.t1	3	78	633	1626	1811	1964	2106	2243	2465	2662
CSP31.g782.t1	111	186	354	651	912	1872
CSP32.g16993.t1	129	204	927	1899
CSP34.Sp34_10024700.t1	114	189	354	912	1914
CSP38.g201.t1	123	198	930
CSP39.g26809.t1	42	117	282	840	1872	1997	2177	2319	2456	2678	2961
CSP40.g9708.t1	117	192	357	915	1902
CTROP.Csp11.Scaffold525.g3010.t1	18	93	258	1797
CVIRI.g1839.t1	120	195	360	657	1578	1707	1893
DCORO.DCO_009231	132	207	372	542	681	822	942	1061	1146	1251	1380
