CAFRA.g17121.t1	79	211	767
CANGA.Cang_2012_03_13_00781.g14096.t1	156	225	322	492	864	1535	2012
CBREN.CBN29666	79	217	653	776	1015
CBRIG.CBG05963	79	217	653	776	1401
CCAST.g10221.t1	611	1242
CDOUG.g3537.t1	79	217	653	776	1401
CELEG.ZK593.8	79	217	656	779	1404
CJAPO.CJA11383b	295	394	529	971	1094
CKAMA.g2317.t1	127	265	704	827	1452
CLATE.FL83_12858-RA	79	217	653	776	1401
CMONO.g18545.t1	38	82	159	226	366	522	683	806	878	1014	1089	1227	1314	1431
CNOUR.g5838.t1	79	211	647	770	1395
CPLIC.g1792.t1	88	168	348	638	761	833	1044	1269	1386
CREMA.FL82_03972-RA	225	674	797	1422
CSINI.Csp5_scaffold_00007.g502.t1	118	169	307	743	866	1491
CSP21.g14561.t1	37	108	169	273	402	563	686	758	969	1107	1311
CSP26.g16134.t1	79	217	653	776	1401
CSP28.g12923.t1	79	211	641	764	1389
CSP29.g2964.t1	79	211	647	770	1395
CSP31.g15880.t1	51	162	300	384	836	933	1023	1143	1299	1387	1531	1671	1875	1964	2087	2508	2712
CSP32.g16137.t1	79	211	767
CSP34.Sp34_40309000.t1	79	214	653	776	1401
CSP38.g18953.t1	611	1242
CSP39.g4103.t1	51	154	256	692	815	1440
CSP40.g1421.t1	79	217	653	776	1401
CTROP.Csp11.Scaffold629.g7993.t1	79	217	656	779	1404
CVIRI.g5363.t1	85	214	638	1182	1269	1386
DCORO.DCO_010671	93	258	375	495	612	677	795	954	1092	1168	1296
