CAFRA.g10683.t1	104	159	398	513	680	762	934
CANGA.Cang_2012_03_13_00332.g9344.t1	345	447	584	942	1114
CBREN.CBN29684	92	147	249	386	501	668	967
CBRIG.CBG02145	104	159	261	398	762	934
CCAST.g8450.t1	189	291	428	786	958
CDOUG.g15745.t1	104	159	261	398	513	680	759	931
CELEG.AH9.4	104	159	398	513	771	943
CJAPO.CJA09889	104	159	261	398	683	753	922
CKAMA.g1175.t1	104	159	261	398	507	677	759	931	1026	1130	1183	1323	1392	1456	1522	1628
CLATE.FL83_00964-RA	104	159	261	398	513	686	768	940
CMONO.g6684.t1	101	156	258	395	510	620	702	874
CNOUR.g6143.t1	104	159	261	398	513	680	762	934
CPLIC.g11645.t1	104	159	261	398	519	686	765	934
CREMA.FL82_00688-RA	104	159	261	398	513	686	768	940
CSINI.Csp5_scaffold_00062.g3002.t1	104	159	261	398	513	680	762	934
CSP21.g11995.t1	104	159	261	398	513	680	934
CSP26.g7153.t1	104	159	261	398	513	680	762	934
CSP28.g9695.t1	104	159	261	398	513	680	768	940
CSP29.g11667.t1	104	159	261	398	513	680	762	934
CSP31.g21975.t1	104	159	261	398	513	680	762	940
CSP32.g16670.t1	104	159	398	513	680	762	934
CSP34.Sp34_X0103900.t1	104	159	398	513	680	762	934
CSP38.g17400.t1	171	273	410	765	937
CSP39.g19155.t1	104	159	261	398	513	680	768	940
CSP40.g18871.t1	104	159	261	398	513	680	762	934
CTROP.Csp11.Scaffold576.g4463.t1	107	162	264	401	516	683	762	937
CVIRI.g153.t1	104	159	261	398	528	762	934
DCORO.DCO_014321	107	264	308	516	621	671	747	931
