CAFRA.g2085.t1	66	190	272	426	587	740	836	948	1119
CANGA.Cang_2012_03_13_04564.g18949.t1	754
CBREN.CBN31825	137	756	867	1023	1194
CBRIG.CBG03367	297	465	633	1207	1347	1562	2030	2138	2919	3030	3186	3357
CCAST.g19539.t1	228	387	1457	1860	2946	3273
CDOUG.g6527.t1	76	222	390	1104	1228	1310	1464	1778	1886	1998	2667	2778	2934	3105	3199	3328	3520	3736	3843
CELEG.Y67D8C.9b	97	243	414	582	1420	1502	1970	2078	2190	2859	2970	3126	3297
CJAPO.CJA08293b	228	381	549	1117	1257	1381	1463	1778	1931	2027	2808	2919	3075	3246
CKAMA.g18264.t1	19	165	336	504	1084	1224	1348	1430	1584	1898	2006	2118	2787	2898	3054	3225
CLATE.FL83_04778-RA	94	240	408	576	1150	1414	1650	1964	2072	2184	2853	2964	3120	3291
CMONO.g13867.t1	260	393	643	807	981	1152	1303	1391	1470	1566	1738	1878	2002	2084	2399	2552	2648	2835	2985	3135	3248	3328	3452	3516	3627	3783	3954
CNOUR.g14999.t1	67	216	381	549	1135	1275	1399	1481	1796	1949	2051	2163	2832	2943	3099	3270
CPLIC.g8069.t1	318	402	579	906	1296	1505	1820	1973	2172	2481	2594	2674	2798	2862	2964	3120	3291
CREMA.FL82_03695-RA	94	240	408	576	1150	1414	1650	1964	2072	2184	2853	2964	3120	3291
CSINI.Csp5_scaffold_00058.g2869.t1	97	243	411	579	1153	1293	1499	1967	2075	2856	2967	3123	3294
CSP21.g14216.t1	67	216	333	498	646	734	903	1063	1203	1327	1415	1545	1706	1794	1859	2109	2259	2409	2522	2602	2790	2895	3051
CSP26.g7059.t2	97	243	411	579	1153	1293	1499	1967	2075	2856	2967	3123	3294
CSP28.g2445.t1	67	216	387	555	1796	1949	2051	2943	3270
CSP29.g6781.t1	88	243	408	576	1162	1302	1426	1508	1823	1976	2078	2190	2736	2847	3003	3174	3281	3442	3634	3679
CSP31.g21476.t1	94	234	402	570	981	1414	1811	1964	2066	2178	2316	2466	2847	2955	3111	3282
CSP32.g17466.t1	31	171	295	377	531	692	845	917
CSP34.Sp34_40246200.t1	97	243	411	579	1153	1293	1417	1499	1653	1967	2075	2187	2856	2967	3123	3294
CSP38.g19654.t1	150	306	1300	1382	1785	2214	2859	3186
CSP39.g1925.t1	88	237	399	1278	1402	1799	1952	2054	2166	2835	2946	3273
CSP40.g17177.t1	97	243	411	579	1153	1293	1499	1967	2075	2856	2967	3123	3294	3388	3460	3652
CTROP.Csp11.Scaffold604.g5535.t2	97	243	411	985	1125	1249	1331	1485	1799	2019	2688	2799	2955	3126
CVIRI.g3496.t1	49	189	342	513	828	924	1233	1439	1842	2793	2901	3231
DCORO.DCO_002957	83	294	475	636	789	954	1102	1190	1362	1543	1683	1756	1804	1884	2040	2201	2354	2453	2606	2766	2916	3029	3109	3233	3402	3558	3729
