CAFRA.g3529.t1	30	397	587	838	947	1119	1243	1309	1425	1520
CANGA.Cang_2012_03_13_00006.g532.t1	173	424	533	705
CBREN.CBN20257	97	241	342	657	759	861	927	1017	1384	1574	1825	1934	2106	2230	2346	2441
CBRIG.CBG12954	100	268	732	834	936	1002	1092	1200	1461	1567	1757	2008	2117	2289	2413	2735	2786
CCAST.g17134.t1	144	279	385	575	826	935	1107	1294	1348	1403
CDOUG.g21869.t1	42	303	409	599	850	959	1131	1255	1321	1437	1532
CELEG.C06A8.9a	94	238	339	654	756	858	924	1014	1122	1383	1489	1679	1930	2039	2211	2335	2401	2517	2612
CJAPO.CJA07735	18	279	385	575	935	1107	1231	1413	1508
CKAMA.g8083.t1	276	382	572	737	823	932	1104	1228	1294	1410	1496
CLATE.FL83_06945-RA	103	280	381	696	798	900	966	1056	1164	1425	1531	1721	1972	2081	2253	2377	2443	2559	2654
CMONO.g1431.t1	129	255	390	496	567	686	851	937	1046	1218	1342	1405	1521	1613
CNOUR.g7571.t1	24	285	581	941	1113	1237	1303	1419	1514
CPLIC.g8304.t1	57	183	318	495	614	974	1146	1270	1452	1547
CREMA.FL82_05607-RA	103	247	348	663	765	867	933	1023	1131	1392	1498	1688	1939	2048	2220	2344	2410	2526	2621
CSINI.Csp5_scaffold_00159.g5918.t2	38	321	427	617	868	977	1149	1273	1524	1619
CSP21.g4696.t1	78	204	339	445	516	635	800	886	1072	1291	1354	1470	1559	1647
CSP26.g9324.t1	18	279	385	575	826	935	1107	1231	1297	1413	1508
CSP28.g4563.t1	96	357	653	904	1185	1309	1375	1491	1586	1714	1806	2257	2442	2706
CSP29.g8197.t1	33	294	590	950	1122	1246	1312	1428	1523	1742	2203	2388	2652
CSP31.g9694.t1	276	382	823	932	1104	1228	1407	1505
CSP32.g4434.t1	60	427	617	868	977	1149	1273	1339	1455	1550
CSP34.Sp34_20145310.t1	91	235	336	651	753	855	921	1011	1119	1380	1486	1676	1927	2036	2208	2332	2398	2514	2609
CSP38.g274.t4	231	337	527	778	1059	1246	1362	1451	1717
CSP39.g14108.t1	291	587	838	947
CSP40.g17097.t1	36	297	403	593	844	953	1125	1249	1315	1431	1526
CTROP.Csp11.Scaffold504.g2399.t2	105	366	472	662	913	1022	1194	1318	1384	1500	1595
CVIRI.g1048.t1	81	342	638	803	889	998	1294	1357	1473	1571
DCORO.DCO_007225	69	195	330	436	507	626	788	874	983	1155	1276	1339	1461	1571	1706
