CAFRA.g18129.t1	44	183	885	1132
CANGA.Cang_2012_03_13_00615.g12801.t2	248	529
CBREN.CBN28045	35	290	548	1120
CBRIG.CBG09773	248	506
CCAST.g3755.t1	35	290	1120	1254
CDOUG.g1437.t1	35	290	548	648	1120
CELEG.C46F11.2a	35	290	648	1120
CJAPO.CJA13620	132	248	318	506	831	1078
CKAMA.g4026.t1	132	248	606	1078
CLATE.FL83_10290-RA	54	705	1177
CMONO.g2778.t1	50	186	302	372	478	560	753	885	988	1120	1254
CNOUR.g8585.t1	35	174	1120
CPLIC.g8255.t1	135	251	321	509	949	1081
CREMA.FL82_15285-RA	606	1078
CSINI.Csp5_scaffold_00081.g3653.t1	248	506	606
CSP21.g4228.t1	129	245	315	503	603	696	943	1075	1209
CSP26.g3792.t1	35	290	548	648
CSP28.g7209.t1	132	248	318	606	1078
CSP29.g5876.t1	132	1078
CSP31.g6646.t1	32	168	284	354	642	867	1114
CSP32.g2701.t1	23	162	278	348	536	864	1111
CSP34.Sp34_30220300.t1	35	290	548	648	1120
CSP38.g14971.t1	35	174	290	1120	1254
CSP39.g7727.t1	132	248	318	606	1078	1152
CSP40.g8152.t1	35	290	548	648
CTROP.Csp11.Scaffold629.g9498.t1	248	506	606	1078
CVIRI.g2181.t1	35	287	463	1117
DCORO.DCO_010491	32	168	284	354	460	642	729	864	979	1111	1245	1335
