CAFRA.g8281.t1	34	149	304	407	505	1003	1683	1903	2050	2176	2389	2644	2704	2833	3634	3838	3985	4207	4348
CANGA.Cang_2012_03_13_00090.g4043.t2	152	295	1153	1279	1339	2275	2479	2602	2770
CBREN.CBN18362	34	152	295	398	664	1090	1743	2086	2296	2545	2605	2734	3535	3739	3946	4087
CBRIG.CBG10108	34	152	295	398	643	1075	1722	1942	2103	2230	2455	2968	3115	3799	4003	4159	4384	4523
CCAST.g6192.t1	152	295	496	865	1843	2386	2446	3388	3592	3715	3880	4033
CDOUG.g4150.t1	34	152	292	493	592	1021	1626	1969	2095	2311	2569	2629	2758	3562	3766	3919	4117	4258
CELEG.K04H4.2c.1	34	152	292	395	493	592	1030	1677	1897	2035	2161	2395	2644	2704	2833	2950	3634	3838	3985	4177	4318
CJAPO.CJA00037b	34	152	301	502	1006	1698	1918	2071	2197	2257	2386	3193	3397
CKAMA.g2374.t1	34	152	295	398	619	1039	1704	1924	2047	2173	2368	2611	2671	2800	2917	3601	3805	3955	4150	4291	4356
CLATE.FL83_07431-RA	34	152	301	404	502	934	1578	1798	1901	1948	2074	2299	2548	2608	2737	2854	3538	3742	3895	4129	4270
CMONO.g2744.t1	148	250	368	511	614	712	886	1756	2547	2764	2962	3088	3319	3577	3646	3772	3889	4047	4135	4267	4389	4576	4786	4930	5065	5206
CNOUR.g14127.t1	34	152	310	413	511	601	1048	1743	2110	2236	2452	2695	2755	3001	3685	3889	4039	4252	4393
CPLIC.g12151.t1	34	152	280	383	481	1246	1354	1492	1591	1759	1834	1963	2749	2932	3064	3178	3334
CREMA.FL82_15013-RA	34	134	283	386	484	916	1560	1780	1853	1900	2026	2251	2500	2560	2689	2806	3490	3694	3847	4075	4216
CSINI.Csp5_scaffold_01751.g22914.t1	46	164	301	404	637	1078	1749	1969	2037	2163	2254	2509	2569	2698	3499	3703	3856	4066	4194
CSP21.g4039.t1	28	146	271	374	472	571	970	1059	1440	1741	1864	1927	2050	2751	2866	3073	3262	3475	3616
CSP26.g5720.t1	34	152	289	392	490	922	1542	1762	1885	2011	2074	2203	3004	3202	3355	3550	3691	3756
CSP28.g16719.t1	34	152	307	410	508	955	1644	1990	2116	2302	2554	2614	2860	3544	3748	3901	4105	4246	4320	4392	4978	5165
CSP29.g1975.t1	34	152	310	413	511	601	1048	1743	2107	2233	2449	2692	2752	2998	3682	3886	4024	4255	4383
CSP31.g10483.t1	34	152	298	401	499	925	1708	1765	1891	1954	2083	2884	3091	3229	3397	3538
CSP32.g11372.t1	34	149	310	413	511	964	1635	1855	1984	2110	2320	2572	2632	2761	2878	3562	3766	3913	4150	4291
CSP34.Sp34_30268000.t1	34	152	322	425	523	625	762	1033	1680	1970	2059	2119	2248	2365	3049	3253	3403	3607	3748
CSP38.g7265.t1	34	152	319	422	520	904	1957	2083	2455	2515	2644	3454	3658	3790	3982	4123
CSP39.g7650.t1	34	152	304	407	505	955	1170	1560	1886	2017	2239	2497	2557	2645	2845	3529	3739	3892	4093	4234
CSP40.g3345.t1	34	152	289	392	490	922	1584	1804	1930	1993	2122	2923	3127	3280	3499	3640
CTROP.Csp11.Scaffold629.g9384.t1	34	152	298	401	499	928	1542	1824	1947	2038	2278	2338	2467	3268
CVIRI.g14549.t1	37	155	313	416	514	913	1515	1726	1882	2008	2479	2539	2668	3469	3676	3838	4015	4156
DCORO.DCO_025458	49	164	319	422	508	1639	2503	2629	2695	2821	2938	3387	3447	3622	3817	3994	4132	4285
