CAFRA.g13899.t1	198	252	375	519	750	858	971	1108	1375	1542
CANGA.Cang_2012_03_13_00035.g1984.t1	91	355	522
CBREN.CBN25040	102	225	369	600	708	821	958	1225	1392
CBRIG.CBG14531	105	159	282	426	657	765	878	1015	1279	1446
CCAST.g372.t1	87	156	339	647	822	935	1072	1339	1506
CDOUG.g3398.t1	102	225	369	600	708	821	958	1225	1392
CELEG.F55D10.5	102	156	279	423	654	762	875	1012	1279	1446
CJAPO.CJA07777	105	228	372	603	715	982
CKAMA.g3170.t1	95	145	267	348	471	615	846	954	1067	1204	1468	1635
CLATE.FL83_00618-RA	102	225	369	600	708	821	958	1225	1392
CMONO.g10633.t1	120	189	255	369	513	677	744	852	965	1102	1197	1333	1412	1509
CNOUR.g10697.t1	102	225	369	600	708	821	958	1228	1395
CPLIC.g168.t1	137	206	266	380	524	688	863	976	1208	1383	1450	1547
CREMA.FL82_01084-RA	102	156	279	423	654	762	875	1012	1279	1446
CSINI.Csp5_scaffold_00053.g2685.t1	102	183	306	450	681	789	902	1039	1306	1473
CSP21.g7227.t3	103	210	279	366	489	633	797	864	972	1085	1222	1317	1447	1514
CSP26.g21999.t1	102	171	294	438	669	777	890	1027	1294	1461
CSP28.g9816.t1	13	135	258	402	633	741	854	991	1135	1302
CSP29.g11536.t1	111	234	378	609	717	830	967	1237	1404	1508	1758	1910	2118	2238	2372
CSP31.g23401.t1	65	210	261	390	534	765	873	947	1084	1512
CSP32.g8401.t1	70	195	318	462	693	801	914	1051	1318	1485
CSP34.Sp34_X0250900.t1	102	171	225	348	492	723	831	944	1081	1348	1515
CSP38.g13021.t4	105	174	342	650	825	938	1075	1342	1500
CSP39.g26702.t2	102	213	336	480	711	819	932	1069	1339	1506
CSP40.g12418.t1	102	225	369	600	708	821	958	1225	1392
CTROP.Csp11.Scaffold622.g6297.t1	102	225	369	600	708	821	958	1228	1395
CVIRI.g13937.t1	111	180	231	354	498	729	950	1182	1345	1512
DCORO.DCO_026265	174	243	333	462	606	770	837	961	1061	1146	1287	1423	1566
