CAFRA.g7882.t1	54	401	567	868
CANGA.Cang_2012_03_13_01099.g15680.t2	54	177	753	1007	1218
CBREN.CBN25888	54	180	397	597	840	898	1010	1221	1351
CBRIG.CBG08976	54	204	421	621	922	1034	1245	1375
CCAST.g4048.t1	54	177	753	1007	1218	1348
CDOUG.g4758.t1	54	180	397	597	840	898	1010	1221	1351
CELEG.F56D2.1	54	180	397	597	840	898	1010	1221	1351
CJAPO.CJA18994	54	180	397	597	840	898	1010
CKAMA.g18392.t1	54	180	397	597	840	898	1010	1221	1351
CLATE.FL83_18525-RA	54	180	397	597	840	898	1010	1221	1351
CMONO.g8897.t1	138	225	355	426	513	672	756	814	926	1020	1137	1267
CNOUR.g2604.t1	54	180	397	597	840	898	1010	1221	1351
CPLIC.g8518.t1	54	264	394	753	837	895	1007	1101	1218	1348
CREMA.FL82_16786-RA	54	180	397	597	840	898	1010	1221	1351
CSINI.Csp5_scaffold_01708.g22648.t1	54	180	397	597	898	1221	1351
CSP21.g10674.t1	54	177	264	394	594	837	895	1007	1101	1218	1348
CSP26.g20738.t1	54	597	898	1221	1351
CSP28.g4894.t1	54	180	397	597	840	898	1010	1221	1351
CSP29.g2473.t1	54	180	397	597	840	898	1010	1221	1351
CSP31.g14119.t1	54	177	394	594	837	895	1007	1101	1218	1348
CSP32.g15959.t1	54	397	597	898	1412	1467	1911	2205	2632
CSP34.Sp34_30132500.t1	48	174	391	591	834	892	1004	1215	1345
CSP38.g453.t1	54	177	394	753	1007	1348
CSP39.g20276.t1	54	180	397	597	840	898	1010	1221	1351
CSP40.g19699.t1	54	180	397	597	898	1221	1351
CTROP.Csp11.Scaffold626.g6362.t1	51	177	394	594	837	895	1007	1218	1348
CVIRI.g14514.t1	54	177	264	594	895	1007	1348
DCORO.DCO_010479	54	177	264	394	546	594	753	837	1007	1101	1218	1295	1348
