CAFRA.g9154.t1	135	229	410	544
CANGA.Cang_2012_03_13_01091.g15666.t1	178
CBREN.CBN16599	129	223	407	541	645
CBRIG.CBG09055	138	232	416
CCAST.g17767.t1	111	205	383	517
CDOUG.g21767.t1	126	220	404	538	642
CELEG.C28H8.5a	270	364	548	682	786
CJAPO.CJA10235	132	226	407	541	645
CKAMA.g4538.t1	123	217	401	535	639
CLATE.FL83_19844-RA	126	220	404	538	642
CMONO.g15998.t1	99	193	276	371	505	609
CNOUR.g14211.t1	117	211	392	526	630
CPLIC.g759.t1	132	226	398	532	636
CREMA.FL82_16857-RA	126	220	404	538	642
CSINI.Csp5_scaffold_08322.g38605.t1	94	278	412	516
CSP21.g2444.t1	96	190	273	356	594
CSP26.g5043.t1	129	223	407	541	645
CSP28.g16220.t1	129	223	404	538	642
CSP29.g1899.t1	117	211	392	526	630
CSP31.g24079.t1	96	190	371	609
CSP32.g12857.t1	117	211	392	526	630
CSP34.Sp34_30142500.t1	18	112	296	430	534
CSP38.g7645.t1	105	199	377	511
CSP39.g1460.t1	129	223	404	538	642
CSP40.g21836.t1	141	235	419	553	657
CTROP.Csp11.Scaffold546.g3485.t1	126	446
CVIRI.g8367.t1	181	359	493	597
DCORO.DCO_019295	135	229	312	407	535	639	674
