CAFRA.g4974.t1	1003
CANGA.Cang_2012_03_13_00784.g14121.t1	499	1071
CBREN.CBN03945	112	490	1218
CBRIG.CBG18132	115	493	1221
CCAST.g12474.t1	499	1071
CDOUG.g4034.t1	109	484	1212
CELEG.C30C11.2	112	487	1215
CJAPO.CJA12386	103	478	991	1206
CKAMA.g5102.t1	97	472	1200
CLATE.FL83_15079-RA	115	493	1221
CMONO.g4860.t1	112	213	359	499	602	735	849	933	1012	1071	1227	1370	1494
CNOUR.g12252.t2	106	478	997	1212
CPLIC.g13723.t1	106	207	344	484	587	997	1056	1212	1355
CREMA.FL82_09900-RA	157	514	1215
CSINI.Csp5_scaffold_00349.g9889.t1	112	490	1218	1450
CSP21.g746.t1	103	204	350	487	590	837	1000	1059	1358
CSP26.g6394.t1	112	490	1218
CSP28.g11098.t1	103	472	985	1200	1493	1726	1929
CSP29.g439.t1	106	478	991	1206
CSP31.g17596.t1	103	204	329	469	705	982	1041	1197	1340
CSP32.g8672.t1	1003
CSP34.Sp34_30079900.t1	109	487	1215
CSP38.g11886.t1	109	347	1059	1215	1358
CSP39.g9150.t1	103	399	448	961
CSP40.g20710.t1	109	487	1215
CTROP.Csp11.Scaffold571.g4266.t1	112	487	1215
CVIRI.g2216.t1	88	445	681	958	1017	1316
DCORO.DCO_009061	115	216	362	502	624	720	888	972	1182	1263	1331	1406	1494
