CAFRA.g10516.t1	90	173	328	428
CANGA.Cang_2012_03_13_00326.g9245.t1	87	179	334
CBREN.CBN10235	99	173	428	538	631	686	841
CBRIG.CBG23273	99	176	437	547	602	760
CCAST.g10189.t1	87	176	331
CDOUG.g21707.t1	99	176	431
CELEG.F55A11.1	99	176	437
CJAPO.CJA10686	78	152	307	407
CKAMA.g7271.t1	87	170	425
CLATE.FL83_10665-RA	99	179	434	544	599	757
CMONO.g10790.t1	109	200
CNOUR.g20029.t1	102	182	437
CPLIC.g2710.t1	90	215
CREMA.FL82_11351-RA	99	179	434
CSINI.Csp5_scaffold_00021.g1298.t1	96	173	431
CSP21.g8858.t1	99	206	361	452
CSP26.g10775.t1	99	176	434
CSP28.g1342.t1	102	188	443
CSP29.g18519.t1	102	182	437
CSP31.g10568.t1	87	167	322	422
CSP32.g6371.t1	37	129	206	361	461
CSP34.Sp34_50148900.t1	93	173	428
CSP38.g7196.t1	87	203	358
CSP39.g16620.t1	103	183	438
CSP40.g14429.t1	99	176	434
CTROP.Csp11.Scaffold512.g2570.t1	99	176	431
CVIRI.g5024.t1	87	188	343	440
DCORO.DCO_020949	117	203	270	358	449
