CAFRA.g1742.t1	135	301	858
CANGA.Cang_2012_03_13_00494.g11509.t3	214	361	459
CBREN.CBN16606	135	304	861
CBRIG.CBG05547	135	304	861
CCAST.g473.t1	214	768
CDOUG.g13891.t1	135	304	861
CELEG.C39E9.3	132	301	858
CJAPO.CJA06349	132	298	855
CKAMA.g13606.t1	135	304	861
CLATE.FL83_21566-RA	135	304	861
CMONO.g6542.t1	225	385	586	685	842	939
CNOUR.g7241.t1	138	304
CPLIC.g13018.t1	150	280	369	627	822
CREMA.FL82_13067-RA	132	301	858
CSINI.Csp5_scaffold_02517.g26812.t1	132	301
CSP21.g7835.t1	147	289	390	746	843
CSP26.g20591.t1	132	301	858
CSP28.g7525.t1	138	304
CSP29.g19777.t1	
CSP31.g2247.t1	144	304	858
CSP32.g9940.t1	135	301	855
CSP34.Sp34_50426400.t1	135	304	861
CSP38.g7101.t1	223
CSP39.g20768.t1	138	304
CSP40.g1937.t1	132	301	858
CTROP.Csp11.Scaffold629.g12015.t1	135	298	855
CVIRI.g9763.t1	153	319	873
DCORO.DCO_016757	239	319	469	491	577	663	743	840
