CAFRA.g8703.t1	225	441	625	963	1118	1291	1677
CANGA.Cang_2012_03_13_01236.g16049.t1	84	204	453	573	757	918	1089	1293	1464	1605	1912	1992	2040
CBREN.CBN20241	237	453	637	798	975	1291	1372	1719
CBRIG.CBG14260	192	408	592	753	930	1258	1339	1707
CCAST.g1663.t1	321	441	625	786	957	1112	1270	1563
CDOUG.g7966.t1	252	468	652	813	990	1318	1396	1725
CELEG.C02F12.4	234	450	634	795	972	1303	1381	1459	1818
CJAPO.CJA14062	231	631	969	1297	1671
CKAMA.g3048.t1	231	447	631	792	969	1300	1641	1794	1878	1974	2086	2221	2327
CLATE.FL83_00789-RA	234	450	634	795	972	1300	1369	1722
CMONO.g6053.t1	11	105	201	321	437	505	663	725	815	918	976	1086	1167
CNOUR.g7396.t1	225	441	625	963	1118	1291	1683
CPLIC.g461.t1	75	228	324	560	628	789	972	1127	1282	1491	1727	1946	2007	2220	2332	2467	2573
CREMA.FL82_00887-RA	234	450	634	795	972	1300	1369	1722
CSINI.Csp5_scaffold_00003.g200.t1	234	450	634	969	1258	1327	1683
CSP21.g13452.t1	131	225	321	441	557	786	969	1124	1227	1285	1443
CSP26.g12618.t1	240	456	640	975	1264	1333	1683
CSP28.g10414.t1	225	441	625	963	1118	1291	1686
CSP29.g14648.t1	225	441	625	963	1118	1291	1683
CSP31.g23366.t1	69	225	321	441	625	969	1124	1282	1581
CSP32.g380.t1	225	441	625	963	1118	1291	1662
CSP34.Sp34_X0266400.t1	246	462	646	807	984	1315	1396	1477	1836
CSP38.g9491.t1	321	441	625	786	957	1112	1261	1482
CSP39.g20554.t1	225	441	625	963	1118	1291	1683
CSP40.g22467.t1	240	456	640	975	1267	1336	1686
CTROP.Csp11.Scaffold630.g18212.t1	237	453	637	798	975	1303	1381	1728
CVIRI.g3156.t1	69	315	619	948	1103	1264	1527	1691	1793	1877	2049	2232	2376	2525
DCORO.DCO_007419	78	148	222	321	444	560	628	717	789	960	1022	1115	1224	1303	1608	1703
