CAFRA.g215.t1	236	331	594	746	899
CANGA.Cang_2012_03_13_00577.g12408.t1	227	322	692	845
CBREN.CBN07060	171	323	476
CBRIG.CBG05761	236	331	543	695	848
CCAST.g7898.t1	227	322	692	845
CDOUG.g8359.t1	236	331	543	695	848
CELEG.Y43B11AR.3	236	331	537	689	842
CJAPO.CJA32502	236	331	537	689
CKAMA.g14197.t1	236	331	543	695	848
CLATE.FL83_06565-RA	236	331	543	695	848
CMONO.g16368.t1	227	322	466	561	713	776	866
CNOUR.g11628.t1	236	331	588	740	893
CPLIC.g12858.t1	155	250	477	629
CREMA.FL82_23773-RA	236	331	543	695	848
CSINI.Csp5_scaffold_00107.g4491.t1	236	331	543	695	848
CSP21.g1470.t1	161	256	358	453	605	758
CSP26.g15491.t1	236	331	543	695	848
CSP28.g2173.t1	331	570	722
CSP29.g8386.t1	236	331	564	716	869
CSP31.g11590.t1	236	331	558	710	863
CSP32.g3497.t1	236	331	585	737	890
CSP34.Sp34_40289610.t1	233	328	537	689	842
CSP38.g17381.t1	224	319	531	683	836
CSP39.g25524.t1	236	331	594	746	899
CSP40.g4223.t1	236	331	543	695	848
CTROP.Csp11.Scaffold630.g21095.t1	46	258	410	563
CVIRI.g15223.t1	328	561	713	866
DCORO.DCO_014729	120	224	319	463	558	710	773	863	927
