CAFRA.g11308.t1	84	187	261	632
CANGA.Cang_2012_03_13_00289.g8572.t1	48	419
CBREN.CBN01640	91	165	276	476
CBRIG.CBG09492	84	187	261	318	429	629
CCAST.g8569.t1	252	623
CDOUG.g8748.t1	84	187	261	318	429	629
CELEG.R186.3	93	196	330	441	641
CJAPO.CJA12126	84	187	321	432	632
CKAMA.g1060.t1	84	187	261	321	432	635
CLATE.FL83_07683-RA	84	187	261	318	429	629
CMONO.g4904.t1	196	270	330	441	498	641
CNOUR.g7787.t1	84	187	321	432
CPLIC.g9357.t1	66	160	240	408
CREMA.FL82_15860-RA	84	187	261	318	429	629
CSINI.Csp5_scaffold_00409.g10943.t1	84	187	261	318	429	629
CSP21.g9737.t1	187	321	432	489	632
CSP26.g20104.t1	81	184	258	315	426	626
CSP28.g11486.t1	84	187	321	432	632
CSP29.g19674.t1	84	187	321	432
CSP31.g3326.t1	87	190	264	324	435	635
CSP32.g17528.t1	84	187	261	632
CSP34.Sp34_50276100.t1	90	193	327	438	638
CSP38.g7951.t1	252	623
CSP39.g8133.t1	84	187	321	432	632
CSP40.g9490.t1	84	187	261	318	429	629
CTROP.Csp11.Scaffold629.g10799.t1	84	187	261	318	429	629
CVIRI.g3685.t1	90	193	324	635
DCORO.DCO_018579	132	220	294	357	471	528	601	671
