CAFRA.g360.t1	21	138	265	403	734
CANGA.Cang_2012_03_13_00001.g135.t1	111	238	421
CBREN.CBN25211.1	111	238	376	707
CBRIG.CBG13111	127	253	391	722
CCAST.g12796.t1	111	238	376
CDOUG.g801.t1	111	238	376	707
CELEG.F32A5.5a	21	138	265	403	734
CJAPO.CJA09581	111	238	707
CKAMA.g1918.t1	111	238	376	707
CLATE.FL83_09478-RA	51	168	295	433	764
CMONO.g9686.t1	99	226	364	483	552	695
CNOUR.g1124.t1	111	238	376	707
CPLIC.g14232.t1	111	238	376	707	850
CREMA.FL82_14360-RA	51	168	295	433	764
CSINI.Csp5_scaffold_00152.g5740.t1	111	238	376	494	653
CSP21.g10390.t1	114	241	379	486	629
CSP26.g6942.t1	21	138	265	403	734
CSP28.g15751.t1	111	238	376
CSP29.g10029.t1	111	238	376	707
CSP31.g11887.t1	111	238	376	707
CSP32.g6980.t1	21	138	265	734
CSP34.Sp34_20259700.t1	21	138	265	403	734
CSP38.g14314.t1	111	238	376
CSP39.g25669.t1	21	138	265	403
CSP40.g8359.t1	21	138	265	403	734
CTROP.Csp11.Scaffold485.g1930.t1	21	138	265	403	734
CVIRI.g5809.t1	111	376	495
DCORO.DCO_016993	102	229	367	486	555	698	846
