CAFRA.g18472.t1	19	147	334	465	1400
CANGA.Cang_2012_03_13_00184.g6424.t1	54	366	884
CBREN.CBN06554	57	259	390	1178	1325
CBRIG.CBG23158	57	253	384	1172	1319
CCAST.g12306.t1	54	366	842	1011	1154	1245
CDOUG.g15310.t1	57	259	390	1178	1325
CELEG.C03E10.4	57	259	390	1178	1325
CJAPO.CJA11144	57	259	390	1178	1325
CKAMA.g12635.t1	57	256	387	1175	1322
CLATE.FL83_20637-RA	190	318	1106	1248
CMONO.g3478.t1	54	295	429	573	671	771	905	984	1074	1122	1217	1308	1364
CNOUR.g9012.t1	577	1486	1653	2305	2385	2458	2799	3022	3102	3874	3954	4580	4903	4989	5140	5311	5513	5644	6432	6579
CPLIC.g13847.t1	57	140	214	342	486	584	684	818	897	987	1035	1130	1277
CREMA.FL82_09278-RA	27	217	321	1040	1187
CSINI.Csp5_scaffold_00645.g13964.t1	123	325	456	1244	1391
CSP21.g14293.t1	57	131	217	351	495	593	693	827	906	996	1044	1136	1227	1283
CSP26.g17907.t1	57	259	390	1178	1325
CSP28.g16440.t1	246	1164	1244	1331	1956	2036	2856	2936	3708	3788	4560	4640	6184	6593	6744	6946	7988
CSP29.g15982.t1	23	198	403	537	1325	1472	1615	1855	2019	2274	2500	2655	2803	3189	3350	3652	3813
CSP31.g10582.t1	57	259	393	635	869	1328
CSP32.g14554.t1	57	244	375	1310	1423	1774	1950	2031
CSP34.Sp34_50318600.t1	57	259	390	1178	1325
CSP38.g14941.t1	54	345
CSP39.g9279.t1	57	259	390	448	1178	1325
CSP40.g10085.t1	57	259	390	1178	1325
CTROP.Csp11.Scaffold495.g2187.t1	57	259	390	1178	1325
CVIRI.g12869.t1	57	149	262	396	540	638	872	1184	1275
DCORO.DCO_008359	34	100	270	481	618	762	860	960	1094	1199	1311	1406	1497
