CAFRA.g10021.t1	154	1296	2921	3038
CANGA.Cang_2012_03_13_00070.g3355.t1	153	325	999	1361	2045
CBREN.CBN01529	166	1308	2213	2951	3065
CBRIG.CBG06126	169	1311	2219	2954	3068
CCAST.g1147.t1	145	228	495	714	886	2162	2957
CDOUG.g5933.t1	169	1311	2222	2960	3074
CELEG.F12F6.5a	169	1311	2222	2951	3065
CJAPO.CJA03407	1128	2033	2774	2882
CKAMA.g11783.t1	169	1311	2222	2942	3044
CLATE.FL83_23748-RA	1128	2039	2768	2882
CMONO.g11963.t3	79	186	256	313	396	494	579	660	741	879	974	1051	1211	1332	1434	1574	1699	1826	2001	2172	2330	2567	2753	3148	3239	3320	3485
CNOUR.g21827.t1	154	1296	2201	2948	3062
CPLIC.g3158.t1	121	305	471	552	690	1022	1263	1420	2153	2348	2788	2972
CREMA.FL82_03847-RA	1128	2039	2768	2882
CSINI.Csp5_scaffold_00164.g6051.t1	1128	2039	2777	2891
CSP21.g12199.t1	130	213	314	561	699	871	1031	1266	1519	2022	2174	2420	2591	2951	3086
CSP26.g13156.t1	169	1311	2216	2951	3065
CSP28.g10841.t1	154	1296	2204	2945	3059
CSP29.g19895.t1	154	1296	2201	2945	3059
CSP31.g7783.t1	124	207	393	474	693	1034	1275	1684	1851	2162	2939	3053
CSP32.g9888.t1	154	1296	2927	3044
CSP34.Sp34_40326200.t1	214	1356	2264	3002	3116
CSP38.g15179.t1	151	234	335	420	501	720	892	1052	2031	2180	2402	2815	2906	2975
CSP39.g9417.t2	157	1299	1386	2054	2297	2569	3023	3137
CSP40.g742.t1	160	1302	2213	2945	3059
CTROP.Csp11.Scaffold507.g2474.t1	169	1311	2222	2951	3065
CVIRI.g3892.t1	61	144	330	411	492	630	962	1609	1776	2090	2867	3014
DCORO.DCO_003159	123	313	497	663	882	1054	1214	1452	1564	1681	1846	2013	2184	2327	2576	2668	2759	2971	3115	3233	3338	3461
