CAFRA.g17493.t1	64	160	662
CANGA.Cang_2012_03_13_00083.g3808.t1	7	40	187	542
CBREN.CBN06957	40	187	542
CBRIG.CBG16360	40	187	542
CCAST.g3800.t1	55	127	160	307	662
CDOUG.g2207.t1	40	187	542
CELEG.K05G3.3	40	187	542
CJAPO.CJA03916	40	187	542
CKAMA.g10160.t1	40	187	542
CLATE.FL83_02362-RA	40	135	389
CMONO.g4442.t1	26	79	112	259	373	544	614	702
CNOUR.g21073.t1	67	160	307	662
CPLIC.g1821.t1	7	43	190	304	481	677
CREMA.FL82_15511-RA	40	187	542
CSINI.Csp5_scaffold_00001.g57.t1	40	187	542
CSP21.g12410.t1	64	112	145	292	577	735
CSP26.g19737.t1	64	160	307	662
CSP28.g8294.t1	40	187	542
CSP29.g15413.t1	40	187	542
CSP31.g24550.t1	7	40	301	542
CSP32.g13747.t1	40	542
CSP34.Sp34_X0043100.t1	61	154	301	656
CSP38.g5756.t1	61	130	163	665
CSP39.g12296.t1	73	166	313	668
CSP40.g10949.t1	73	169	316	671
CTROP.Csp11.Scaffold629.g13339.t1	40	187	542
CVIRI.g1450.t1	49	106	139	286	400	641
DCORO.DCO_017871	7	310	481	576	639
