CAFRA.g312.t2	152	268	417	548	975	1096	1163	1285	1376	1561
CANGA.Cang_2012_03_13_00262.g8071.t2	160	309	691	982	1049	1171	1338	1453
CBREN.CBN03852	367	516	647	904	1074	1195	1262	1384	1475	1660
CBRIG.CBG01980	382	531	662	919	1089	1210	1277	1399	1490	1675
CCAST.g13117.t1	367	516	898	1189	1228	1295	1417	1584	1699
CDOUG.g1215.t1	373	522	653	910	1080	1201	1268	1390	1481	1666
CELEG.T06H11.1a	376	525	656	913	1083	1204	1271	1393	1484	1669
CJAPO.CJA06437	376	525	1083	1204	1271	1393	1484	1669
CKAMA.g9226.t1	229	378	509	766	936	1057	1124	1246	1337	1522
CLATE.FL83_01385-RA	376	525	656	913	1083	1204	1271	1393	1484	1669
CMONO.g1903.t2	364	513	644	752	901	1071	1213	1253	1375
CNOUR.g18852.t3	15	219	306	418	628	745	894	1025	1282	1452	1573	1640	1762	1853	2038
CPLIC.g12165.t2	313	462	593	1020	1141	1208	1421	1606
CREMA.FL82_17290-RA	376	525	656	913	1083	1204	1271	1393	1484	1669
CSINI.Csp5_scaffold_00147.g5613.t4	307	456	587	844	1014	1135	1202	1324	1415	1600
CSP21.g14042.t1	346	495	626	734	883	1053	1174	1213	1280	1402	1493	1569	1678
CSP26.g9818.t1	142	291	422	679	849	970	1009	1076	1198	1289	1474
CSP28.g14757.t1	139	295	444	575	832	1002	1123	1190	1312	1403	1588
CSP29.g12947.t1	370	519	650	907	1077	1198	1265	1387	1478	1663
CSP31.g25070.t1	358	507	638	895	1065	1186	1253	1466	1651
CSP32.g12710.t1	148	297	428	855	976	1043	1165	1256	1441
CSP34.Sp34_X0065710.t1	136	285	416	673	843	964	1003	1070	1192	1283	1468
CSP38.g1841.t1	352	501	632	734	883	1174	1213	1280	1402	1569	1678
CSP39.g5687.t1	400	549	680	937	1107	1228	1295	1417	1508	1693
CSP40.g15907.t1	244	393	524	781	951	1072	1139	1261	1352	1537
CTROP.Csp11.Scaffold629.g13666.t1	247	396	527	784	954	1075	1142	1264	1355	1540
CVIRI.g809.t1	355	504	635	743	892	1062	1183	1250	1463
DCORO.DCO_007341	111	406	555	686	794	943	1113	1234	1301	1423	1514	1590	1699
