CAFRA.g6051.t1	126	3272	3399
CANGA.Cang_2012_03_13_00663.g13270.t1	15	288	721	849	939
CBREN.CBN08399	123	2869	2997	3251
CBRIG.CBG01489	117	2872	3000	3257	3413
CCAST.g4966.t1	120	567	1102	1690	2015	2097	2211	2484	2917	3045	3177	3302
CDOUG.g9898.t1	120	2887	3015	3272	3390
CELEG.F25G6.2	120	2902	3030	3287	3417
CJAPO.CJA18799	120	2941	3329	3483
CKAMA.g19051.t1	120	2887	3015	3272	3405	3500	3589	3700	4092	4226
CLATE.FL83_17003-RA	120	2881	3009	3266	3366	3604	4023	4157
CMONO.g5864.t1	131	231	303	377	633	768	888	994	1158	1230	1336	1455	1576	1760	1901	2097	2153	2238	2370	2506	2607	2701	2803	2931	3063	3123	3188	3312
CNOUR.g5264.t1	120	2887	3015	3272	3408
CPLIC.g550.t1	120	254	891	1117	1293	1468	1702	1886	2027	2279	2496	2632	2733	2827	2929	3057	3189	3249	3314
CREMA.FL82_08789-RA	120	2881	3009	3266	3366
CSINI.Csp5_scaffold_01451.g20999.t1	2920	3048	3305
CSP21.g1568.t1	120	254	354	426	500	567	759	894	1135	1305	1377	1483	1557	1678	1862	1997	2079	2193	2249	2334	2602	2703	2797	2899	3027	3159	3219	3284	3411
CSP26.g20875.t1	117	2866	2994	3251	3363
CSP28.g8792.t1	120	2905	3033	3290	3408	3565	4157
CSP29.g110.t1	120	2887	3015	3272	3411	3568	3975	4112
CSP31.g3514.t1	120	254	1717	2042	2124	2944	3072	3204	3264	3332	3459
CSP32.g7266.t1	122	262	842	961	1023	1284	1508	1809	1891	1986	5126	5259
CSP34.Sp34_50116300.t1	120	2896	3024	3281	3429
CSP38.g12812.t1	120	567	762	1129	1732	2057	2139	2253	2526	2959	3219	3279	3344	3454	3625	3876	3975	4112
CSP39.g4.t1	120
CSP40.g2817.t1	117	2869	2997	3254	3366
CTROP.Csp11.Scaffold613.g5948.t1	120	2863	2991	3248	3348
CVIRI.g1854.t1	120	254	426	567	1311	1383	1489	1732	2057	2139	2394	2662	2857	2959	3087	3219	3279	3344	3480
DCORO.DCO_003157	143	195	329	429	575	663	825	1080	1180	1314	1522	1650	1759	1943	2078	2160	2277	2550	2686	2787	2881	2983	3111	3243	3306	3368	3570
