CAFRA.g1350.t1	91	570	1000	1254	1401	1752
CANGA.Cang_2012_03_13_00306.g8907.t1	58
CBREN.CBN31651	73	555	789	985	1377	1548
CBRIG.CBG02242	73	555	985	1377	1545
CCAST.g6706.t1	58	278	940	1332
CDOUG.g9643.t1	73	555	789	985	1377	1548
CELEG.F25H2.2	73	561	991	1383	1545
CJAPO.CJA08827a	76	555	985	1239	1377	1557
CKAMA.g7500.t1	73	564	798	994	1386	1542
CLATE.FL83_05203-RA	31	513	747	943	1335	1506
CMONO.g2047.t1	142	380	494	612	779	846	1042	1151	1227	1296	1437	1572	1881
CNOUR.g16155.t1	73	786	982	1236	1374	1533
CPLIC.g1433.t1	73	308	422	540	707	970	1224	1362	1494	1632
CREMA.FL82_15769-RA	73	555	789	985	1377	1548
CSINI.Csp5_scaffold_03456.g30259.t1	73	555	789	985	1377	1545
CSP21.g8263.t1	79	175	311	428	549	716	979	1088	1164	1233	1515	1662
CSP26.g14111.t1	73	555	789	985	1377	1536
CSP28.g11987.t1	73	552	982	1236	1374	1530
CSP29.g13691.t1	73	786	982	1236	1374	1533
CSP31.g3035.t1	73	317	552	719	982	1236	1374	1515
CSP32.g750.t1	70	549	979	1233	1374	1626
CSP34.Sp34_10214600.t1	76	558	792	988	1380	1548
CSP38.g14438.t1	58	278	940	1332
CSP39.g22094.t1	73	552	786	982	1374	1548
CSP40.g15161.t1	73	555	789	985	1377	1533
CTROP.Csp11.Scaffold547.g3527.t2	73	555	789	985	1377	1545
CVIRI.g17053.t1	22	281	680	943	1473
DCORO.DCO_007983	73	136	293	407	525	692	759	955	1064	1140	1353	1482
