CAFRA.g9903.t2	46	203	320	861	1215
CANGA.Cang_2012_03_13_00401.g10338.t1	43	387	747
CBREN.CBN25942	46	203	320	864	1218
CBRIG.CBG09838	46	203	270	813	1164
CCAST.g12902.t1	43	404	864	1224
CDOUG.g3288.t1	52	209	326	870	1224
CELEG.Y71H2AM.8	46	203	320	864	1227
CJAPO.CJA14327	40	197	314	849	1203	1278
CKAMA.g4089.t1	46	203	320	864	1218
CLATE.FL83_10335-RB	46	203	320	864	1218
CMONO.g7620.t1	215	329	416	585	669	755	813	915	1054	1161	1236	1406
CNOUR.g851.t1	46	203	320	858	1212	1287
CPLIC.g9772.t1	389	558	1173
CREMA.FL82_15237-RA	46
CSINI.Csp5_scaffold_01238.g19487.t1	46	203	320	864	964	1185
CSP21.g6503.t1	72	209	320	407	573	693	788	870	969	1108	1215
CSP26.g17456.t1	46	203	320	864	1218
CSP28.g3608.t1	46	203	320	858	1212	1287
CSP29.g20631.t1	46	203	320	858	1212	1287
CSP31.g5057.t1	58	215	332	419	797	876	990	1129	1236	1308
CSP32.g3059.t2	46	203	320	861	1215
CSP34.Sp34_30213300.t1	46	203	320	864	1218
CSP38.g11857.t1	43	404	782	864	978	1224	1475
CSP39.g16456.t1	46	203	320	858	1212	1287
CSP40.g8102.t1	46	203	320	864	1218
CTROP.Csp11.Scaffold629.g8770.t1	52	209	326	870	1224
CVIRI.g9626.t1	40	197	314	570	779	861	1209
DCORO.DCO_008971	101	224	341	428	594	714	797	879	981	1120	1227	1299	1398	1463
