CAFRA.g13406.t1	80	216	444	633	761	945	1341	1665	2619
CANGA.Cang_2012_03_13_00360.g9728.t1	273	518	1498	1632
CBREN.CBN29991	89	225	453	642	770	954	1154	1344	1665	2034
CBRIG.CBG06961	89	225	453	642	770	954	1344	1668	2037	2616
CCAST.g19341.t1	74	438	734	1185	1430	2410	2544
CDOUG.g10101.t1	92	228	456	645	773	957	1157	1347	1668	2037	2616
CELEG.C41D7.2	95	231	459	648	776	960	1160	1350	1671	2043	2622
CJAPO.CJA04148	86	450	639	767	951	1341	1665	2616
CKAMA.g4994.t1	83	219	447	636	764	948	1338	1650	2019	2598
CLATE.FL83_14354-RA	60	288	438	566	750	1140	1461	1830	2409
CMONO.g18626.t1	83	219	330	444	660	788	862	972	1033	1160	1236	1359	1526	1604	1689	1803	1964	2078	2193	2383	2509	2643
CNOUR.g10310.t1	80	444	633	761	945	1335	2592
CPLIC.g6116.t1	60	288	474	602	676	786	1056	1179	1325	1403	1488	1602	1871	2176	2302	2436
CREMA.FL82_19486-RA	89	225	453	603	731	846	1236	1557	1926	2456
CSINI.Csp5_scaffold_03201.g29407.t1	89	225	453	642	770	954	1344	1374	1593	1962	2541
CSP21.g3662.t2	68	204	318	432	627	755	829	939	1000	1326	1469	1547	1632	1746	1898	2116	2322	2512	2638	2772
CSP26.g17289.t1	89	225	453	642	770	954	1344	1665	2034	2613
CSP28.g13101.t1	80	444	633	761	945	1335	1653	2592	2730	3029	3087	3854
CSP29.g7194.t1	80	444	633	761	945	1335	2592	2682	2949	3713
CSP31.g25602.t1	83	447	633	761	945	1209	1332	1647	1761	2595
CSP32.g866.t1	80	216	444	633	761	945	1341	1665	2619
CSP34.Sp34_20002800.t1	113	121	221	357	585	774	902	1086	1286	1476	1800	2169	2748
CSP38.g8433.t1	74	438	734	1185	1445	2428	2562
CSP39.g28502.t1	80	444	633	761	945	1653	2592
CSP40.g22519.t1	89	225	453	642	770	954	1344	1665	2034	2613
CTROP.Csp11.Scaffold605.g5599.t1	60	288	482	666	866	1056	1377	1746	2325
CVIRI.g7172.t1	83	219	447	642	773	957	1227	1350	1514	1680	1794	1955	2377	2503	2637
DCORO.DCO_004319	101	237	351	465	553	675	803	877	987	1175	1377	1529	1692	1806	1949	2048	2160	2350	2476	2610
