CAFRA.g1571.t1	84	152	263	1668	1800
CANGA.Cang_2012_03_13_00893.g14795.t1	360	1272	1368	1512	1783	1891
CBREN.CBN00166	78	152	257	1050	1509	1659	1791
CBRIG.CBG09687	72	146	254	1047	1500	1650	1782
CCAST.g4986.t1	60	242	483	1395	1491	1635	1909
CDOUG.g17277.t1	78	152	254	1047	1521	1671	1803	2097	2255
CELEG.ZC302.1.1	78	149	254	1047	1512	1662	1794
CJAPO.CJA12178	203	1464	1614	1746
CKAMA.g10854.t1	78	143	242	1035	1485	1635
CLATE.FL83_12241-RA	140	245	1038	1500
CMONO.g20212.t1	84	269	346	438	510	579	660	753	839	937	1062	1116	1212	1344	1422	1512	1611	1671	1734	1815
CNOUR.g4297.t1	105	179	281	1074	1818
CPLIC.g678.t1	63	107	194	271	435	764	862	987	1134	1266	1584	1644	1813
CREMA.FL82_22986-RA	44	191	296	1089	1462
CSINI.Csp5_scaffold_01144.g18730.t1	66	140	242	1035	1491	1641	1773
CSP21.g16299.t1	72	113	209	286	450	519	693	877	1002	1149	1281	1359	1452	1551	1749	1834
CSP26.g10326.t1	69	143	251	1044	1500	1650	1782
CSP28.g14307.t1	99	197	299	1092	1554	1836
CSP29.g17138.t1	105	173	275	1068	1812
CSP31.g14398.t1	72	140	251	328	492	735	919	1194	1326	1497	1644	1776
CSP32.g12612.t1	93	161	269	1674	1806
CSP34.Sp34_50298800.t1	78	152	257	1050	1512	1662	1794
CSP38.g18208.t1	63	248	489
CSP39.g3296.t1	96	164	266	297	832	1098	1563	1845
CSP40.g1525.t1	72	146	251	1044	1506	1656	1788	1934	1991	3317	3502
CTROP.Csp11.Scaffold629.g15552.t1	78	152	260	1053	1515	1665	1797
CVIRI.g389.t1	51	128	233	310	402	474	543	717	803	901	1026	1386	1479	1632	1764
DCORO.DCO_005781	207	287	364	456	528	597	678	771	857	955	1080	1134	1245	1383	1461	1551	1612	1716	1791	1945	2037
