CAFRA.g6770.t1	81	185	362	495	632	1044	1149
CANGA.Cang_2012_03_13_00418.g10581.t1	59	239	360	497	660	1014
CBREN.CBN19446	72	176	344	474	611	855	1029	1134
CBRIG.CBG15277	39	143	317	456	593	837	1011	1116
CCAST.g7726.t2	81	176	359	480	617	780	1134
CDOUG.g5143.t2	81	185	359	492	629	873	1047	1152
CELEG.Y55B1AL.1	234	408	513
CJAPO.CJA18698	59	230	378	515	753	927	1032
CKAMA.g2630.t1	81	114	218	395	515	759	933	1038
CLATE.FL83_21818-RA	155	329	468	605	849	1023	1128
CMONO.g15502.t1	21	116	338	414	542	643	708	783	849	957	1062
CNOUR.g12136.t2	81	179	353	468	605	846	1020	1125
CPLIC.g6742.t1	81	179	434	728	891	1032	1245
CREMA.FL82_22268-RA	104	278	348	395	639	774	844
CSINI.Csp5_scaffold_04977.g34154.t1	126	266	510	684	789	1035
CSP21.g11066.t1	59	212	300	434	597	738	846	951
CSP26.g11166.t1	45	149	323	474	614	858	1032	1137
CSP28.g11119.t1	81	176	350	468	605	1020	1125
CSP29.g600.t1	60	197	438	612	717
CSP31.g17251.t1	81	176	362	495	626	864	1143
CSP32.g12088.t1	402	507
CSP34.Sp34_30335210.t1	42	146	320	459	596	840	1014	1119
CSP38.g14218.t1	81	176	353	498	635	1152
CSP39.g1523.t2	81	176	350	468	605	1023	1128
CSP40.g6845.t1	81	138	242	416	570	710	954	1128	1233
CTROP.Csp11.Scaffold630.g16711.t1	75	179	353	480	617	861	1035	1140
CVIRI.g9159.t1	116	308	444	590	828	1002
DCORO.DCO_011815	96	188	284	362	471	614	777	918	1026	1131
