CAFRA.g4390.t1	36	150	271	459	654	672	772	1067	1199	1311
CANGA.Cang_2012_03_13_00156.g5820.t2	36	150	271	459	559	744	866	998	1110
CBREN.CBN11980	5	54	175	363	558	658	759	950	1082	1194
CBRIG.CBG10952	36	150	271	345	456	666	766	867	1058	1190	1302
CCAST.g15336.t1	20	69	183	304	492	693	711	811	996	1118	1250	1362
CDOUG.g4657.t1	36	150	271	459	654	672	772	873	1064	1196	1308
CELEG.F01E11.5c	5	54	168	289	477	672	690	790	891	1082	1214	1326
CJAPO.CJA03954	147	268	693	793	894	1085	1217	1329
CKAMA.g3370.t1	36	150	271	459	556	657	848	980	1092	1359	1467
CLATE.FL83_00255-RA	114	235	423	504	522	622	723	914	1046	1158
CMONO.g11286.t1	36	150	271	371	459	654	672	766	861	977	1109	1221
CNOUR.g18951.t1	36	150	271	459	654	672	772	876	1067	1199	1311
CPLIC.g13235.t1	36	150	271	371	459	654	672	775	867	945	1064	1196	1308
CREMA.FL82_01562-RA	5	54	168	289	477	672	690	790	1004	1136	1248
CSINI.Csp5_scaffold_00029.g1640.t2	36	150	271	459	654	754	855	1046	1178	1290
CSP21.g11901.t1	36	150	271	371	459	654	672	772	867	945	1061	1193	1305
CSP26.g18546.t1	36	150	271	459	654	672	772	873	1064	1196	1308
CSP28.g13839.t1	35	84	198	319	507	702	802	906	1097	1229	1341
CSP29.g4120.t1	11	60	174	295	483	678	778	882	1073	1205	1317
CSP31.g20627.t1	5	54	289	477	672	690	790	885	1082	1214	1326
CSP32.g5599.t1	36	150	271	459	654	672	772	1067	1199	1311
CSP34.Sp34_X0198600.t1	5	54	168	289	477	672	766	867	1058	1190	1302
CSP38.g10941.t1	36	150	271	459	654	672	772	951	1073	1205	1317
CSP39.g7713.t1	36	459	654	754	858	1049	1181	1293
CSP40.g2164.t1	81	195	316	504	699	717	817	918	1109	1241	1353
CTROP.Csp11.Scaffold570.g4230.t1	60	174	295	483	678	778	879	1070	1202	1314
CVIRI.g785.t1	36	271	459	654	672	772	867	1064	1196	1308
DCORO.DCO_026405	5	57	171	292	392	480	675	693	816	931	1026	1253	1385	1494
