CAFRA.g18069.t1	89	180	334	441
CANGA.Cang_2012_03_13_00349.g9582.t1	74	105	202	379	486
CBREN.CBN22515	80	167	325
CBRIG.CBG24261	86	173	331
CCAST.g3073.t1	74	319	426
CDOUG.g18117.t1	128	373
CELEG.C23G10.2a	83	170	328	435
CJAPO.CJA03496	68	226
CKAMA.g5074.t1	122	209	367	474
CLATE.FL83_08864-RA	125	212	370
CMONO.g565.t1	226	333
CNOUR.g21376.t1	83	170	328	435
CPLIC.g5796.t1	74	158	316	423
CREMA.FL82_13775-RA	125	212	370
CSINI.Csp5_scaffold_01577.g21850.t1	71	158	316
CSP21.g4033.t1	71	316	423
CSP26.g6021.t1	77	108	190
CSP28.g14238.t1	182	269	427	534	611	640	756	990	1103	1257	1320
CSP29.g5959.t1	83	170	328	435
CSP31.g6567.t1	74	161	319	426
CSP32.g6418.t1	83	170	328	435
CSP34.Sp34_30151300.t1	77	164	429
CSP38.g3775.t1	71	316	423
CSP39.g18598.t1	128	215	373	480
CSP40.g11273.t1	89	176	334
CTROP.Csp11.Scaffold596.g5264.t1	125	212	370
CVIRI.g10081.t1	74	161	319	426
DCORO.DCO_021647	98	182	343	450
