CAFRA.g17964.t1	86	284	588	762
CANGA.Cang_2012_03_13_00532.g11923.t1	38	246	516
CBREN.CBN21814	86	284	492	588	762
CBRIG.CBG23028	11	209	417	687
CCAST.g16615.t1	53	251	459	729
CDOUG.g6856.t1	95	293	501	597	771
CELEG.C45G9.2	17	139	215	423	519	693
CJAPO.CJA02116	77	199	275	579	753
CKAMA.g10282.t1	17	139	215	352	519
CLATE.FL83_06478-RA	74	272	480	576
CMONO.g1461.t1	68	190	266	414	474	570	658	744
CNOUR.g6781.t1	86	208	284	492	762
CPLIC.g4859.t1	62	184	260	652	738
CREMA.FL82_17148-RA	143	351	447	609
CSINI.Csp5_scaffold_05373.g34875.t1	17	215	423	720
CSP21.g8387.t1	65	187	263	411	471	567	655	741
CSP26.g20524.t1	17	215	423	693
CSP28.g8117.t1	17	139	215	423	519	693
CSP29.g12239.t1	17	139	215	423	693
CSP31.g6716.t1	53	175	251	459	643	729
CSP32.g1259.t1	86	284	588	762
CSP34.Sp34_30012800.t1	17	139	215	423	519	693
CSP38.g20862.t1	53	175	251	399	459	729
CSP39.g9577.t1	77	199	275	483	579	753
CSP40.g19594.t1	17	215	423	693
CTROP.Csp11.Scaffold629.g14494.t1	86	284	492	762
CVIRI.g10737.t1	62	260	408	468	652	738
DCORO.DCO_014861	134	256	332	390	480	540	636	724	810	878
