CAFRA.g17976.t1	47	138	282	500	576	721	1022	1146
CANGA.Cang_2012_03_13_00300.g8795.t1	44	135	491	567	712	1013	1137
CBREN.CBN31878	47	138	282	500	576	721	898	1022	1146
CBRIG.CBG18211	47	138	282	500	576	721	898	1022	1146
CCAST.g2892.t1	135	491	567	712	1013	1137
CDOUG.g10816.t1	47	138	282	500	576	721	898	1022	1146	1225	1303	1382	1481	1558	1690	1776	1929	2156	2283
CELEG.C27F2.10	47	138	282	576	721	898	1022	1146
CJAPO.CJA02053	47	138	282	500	576	721	1022	1146
CKAMA.g8659.t1	47	138	282	500	576	721	1022	1146	1225	1297	1376	1478	1555	1687	1773	1926	2153	2280	2368	2664	2825	3132	3268
CLATE.FL83_18903-RA	47	138	282	500	576	721	898	1022	1146
CMONO.g12031.t1	47	138	279	387	494	570	715	873	998	1122
CNOUR.g2400.t1	32	162	383	459	604	905	1029
CPLIC.g9642.t1	50	141	494	1016	1140
CREMA.FL82_10081-RA	47	138	282	500	576	721	898	1022	1146
CSINI.Csp5_scaffold_01460.g21049.t1	47	138	282	500	576	721	898	1022	1146
CSP21.g4352.t1	41	132	273	381	485	561	706	864	1007
CSP26.g1529.t1	47	138	282	500	576	721	898	1022	1146
CSP28.g9979.t1	47	141	285	506	582	727	1028	1152
CSP29.g10764.t1	47	138	282	503	579	724	1025	1149
CSP31.g20025.t1	41	132	273	488	709	1010	1134
CSP32.g1244.t1	47	138	282	500	576	721	1022	1146
CSP34.Sp34_30053700.t1	47	138	282	500	576	721	898	1022	1146
CSP38.g12025.t1	38	129	270	488	564	709	1010	1134
CSP39.g7270.t1	47	138	282	503	579	724	1025	1149
CSP40.g1177.t1	47	138	282	500	576	721	898	1022	1146
CTROP.Csp11.Scaffold629.g14385.t1	47	138	282	500	576	721	898	1022	1146
CVIRI.g2125.t1	138	279	494	570	715	1016	1140
DCORO.DCO_012271	147	288	396	509	585	678	894	1037	1161
