CAFRA.g15297.t1	42	261	378	578
CANGA.Cang_2012_03_13_00027.g1643.t1	174
CBREN.CBN23171	168	285	488
CBRIG.CBG17874	63	270	387	584
CCAST.g2701.t1	174
CDOUG.g22061.t1	162	279
CELEG.F22F7.7a.1	63	282	399	590
CJAPO.CJA19286	168	285
CKAMA.g3682.t1	174	291	479
CLATE.FL83_15251-RA	162	279	473
CMONO.g10793.t1	189	306	482
CNOUR.g20619.t1	171	288	485
CPLIC.g11695.t1	147	264	449
CREMA.FL82_13339-RA	162	279	473
CSINI.Csp5_scaffold_00112.g4642.t1	165	286
CSP21.g3856.t1	162	279	455
CSP26.g18568.t1	63	279	396	593
CSP28.g6205.t1	132	437	495	708	825	1022
CSP29.g19275.t1	171	288	485
CSP31.g13113.t1	45	264	381
CSP32.g10743.t1	60	276	393	590
CSP34.Sp34_50094310.t1	171	288	476
CSP38.g12296.t1	39	222
CSP39.g20965.t1	171	288	485
CSP40.g2721.t1	63	279	396	593
CTROP.Csp11.Scaffold629.g12999.t1	162	279
CVIRI.g11017.t1	153	270	458
DCORO.DCO_020839	171	288	467
