CAFRA.g11190.t1	126	279	453	601
CANGA.Cang_2012_03_13_00180.g6357.t1	124	648	755	834	1263	1403	1651	1895	1993	2187	2340	2413	2514	2662	2783
CBREN.CBN07510	126	352	722
CBRIG.CBG03716	126	279	352	601
CCAST.g18597.t1	126	279	352	646	767
CDOUG.g21011.t1	126	279	352	453	601	722
CELEG.K07A1.16a	126	279	352	453	601	722
CJAPO.CJA12064a	126	279	427	548
CKAMA.g9501.t1	126	279	352	453	601	722
CLATE.FL83_11622-RA	126	279	352	394	469
CMONO.g16202.t1	126	279	352	453	581
CNOUR.g8897.t1	126	279	453	601	722
CPLIC.g6406.t1	126	279	352	453	601
CREMA.FL82_09052-RA	126	279	352	453	601
CSINI.Csp5_scaffold_00194.g6744.t1	126	279	352	453	601
CSP21.g12715.t1	123	297	442	563
CSP26.g3641.t1	126	279	352	453
CSP28.g725.t1	126	279	352	453	601	722
CSP29.g10379.t1	126	279	453	601	722
CSP31.g573.t1	126	279	352	601	722
CSP32.g8048.t1	126	279	453	601
CSP34.Sp34_10067500.t1	126	279	352	453	601	722
CSP38.g18628.t1	126	453	601	722
CSP39.g7684.t1	126	279	352	453	601	722
CSP40.g624.t1	126	279	352	453
CTROP.Csp11.Scaffold629.g14678.t1	126	279	601
CVIRI.g10236.t1	126	279	352	601
DCORO.DCO_018037	126	279	453	598	719
