CAFRA.g3671.t1	16	102	208	494
CANGA.Cang_2012_03_13_00080.g3692.t1	19	214	294	500
CBREN.CBN03606	16	208	288	494
CBRIG.CBG03190	16	102	208	288	494
CCAST.g4323.t1	19	214	294	500
CDOUG.g9542.t1	16	208	288	494
CELEG.F46C5.2.1	16	102	208	288	494
CJAPO.CJA18235	16	96	202	282	488
CKAMA.g8099.t1	54	160	240	446
CLATE.FL83_09310-RA	16	256	336	542
CMONO.g371.t1	151	250	327	433	513	608	719
CNOUR.g5944.t1	16	208	494
CPLIC.g8200.t1	114	220	300	395
CREMA.FL82_05507-RA	16	256	336	542
CSINI.Csp5_scaffold_00010.g704.t1	16	102	208	288	494
CSP21.g11162.t1	16	102	208	288	383	494
CSP26.g12537.t1	16	102	208	288	494
CSP28.g1965.t1	16	208	288	494
CSP29.g8284.t1	189	256	448	734
CSP31.g16917.t1	16	202	282	377	488
CSP32.g9398.t1	16	102	208	494
CSP34.Sp34_20309000.t1	16	102	208	288	494
CSP38.g16888.t1	19	208	288	494
CSP39.g3410.t1	16	208	288	494
CSP40.g22392.t1	16	102	208	288	494
CTROP.Csp11.Scaffold630.g20687.t1	16	208	288	494
CVIRI.g6723.t1	16	202	377	488
DCORO.DCO_018693	25	139	225	334	414	509	620
