CAFRA.g10651.t1	61	136	324	555	821	1086	1168
CANGA.Cang_2012_03_13_00448.g10969.t2	67	142	521	819
CBREN.CBN02952	64	139	561	833	972	1077	1159
CBRIG.CBG02099	64	139	327	564	854	1008	1116	1198
CCAST.g1328.t1	64	139	821	1122
CDOUG.g4722.t1	64	561	851	1008	1113	1195
CELEG.K02E10.4b	268	346	534	765	1061	1212	1317	1399
CJAPO.CJA08579	61	136	324	555	836	1020	1125	1207
CKAMA.g1202.t1	121	309	540	824	978	1083	1165
CLATE.FL83_00999-RA	262	337	525	762	1055	1206	1311	1393
CMONO.g2748.t1	80	316	391	579	843	1069	1163	1398	1497	1579
CNOUR.g6175.t1	61	136	324	558	824	993	1098	1180
CPLIC.g9990.t1	49	312	643	761	969	1068	1150
CREMA.FL82_00651-RA	262	337	525	762	1055	1206	1311	1393
CSINI.Csp5_scaffold_00066.g3139.t1	126	363	653	804	909	991
CSP21.g14176.t1	52	315	555	748	854	1002	1062	1144
CSP26.g7187.t2	67	142	330	552	615	902	1053	1158	1240
CSP28.g9670.t1	126	360	629	786	891	973
CSP29.g11696.t1	126	360	626	789	876	958
CSP31.g21905.t1	73	336	567	869	1098	1180
CSP32.g16640.t1	61	136	324	555	827	1092	1174
CSP34.Sp34_X0100700.t1	78	202	277	465	699	992	1149	1254	1336
CSP38.g17466.t1	76	151	339	836	1134
CSP39.g1311.t1	61	136	324	558	827	990	1095	1177
CSP40.g12511.t1	67	142	330	567	854	1005	1110	1192
CTROP.Csp11.Scaffold582.g4618.t1	64	139	549	836	990	1095	1177
CVIRI.g1178.t1	61	136	324	552	721	860	1038	1140
DCORO.DCO_007447	58	133	321	471	672	854	910	1241	1310	1524	1641	1723
