CAFRA.g7530.t1	207	359	504	669	768	1037	1127	1463	1582	1709
CANGA.Cang_2012_03_13_00071.g3390.t1	207	372	857	975	1475
CBREN.CBN03096	207	359	504	669	768	940	1031	1121	1457	1576	1703
CBRIG.CBG10841	207	359	504	669	768	940	1040	1130	1466	1585	1712
CCAST.g15891.t1	219	516	681	1172	1290	1781
CDOUG.g1274.t1	207	359	504	669	768	943	1034	1139	1475	1594	1721
CELEG.T14E8.3b	207	359	507	678	777	949	1040	1145	1475	1594	1721
CJAPO.CJA09701	135	234	406	503	593	926	1045
CKAMA.g3503.t1	162	314	459	624	723	895	989	1079	1409	1528	1655
CLATE.FL83_00330-RA	207	359	504	693	792	964	1055	1145	1469	1588	1715
CMONO.g1115.t1	165	204	317	462	627	726	898	995	1088	1152	1212	1296	1400	1519	1646
CNOUR.g3863.t1	207	359	504	669	768	940	1040	1145	1508	1627	1754
CPLIC.g12406.t1	210	249	362	507	672	771	940	1130	1299	1478	1597	1724
CREMA.FL82_01654-RA	207	359	504	669	768	940	1031	1121	1445	1564	1691
CSINI.Csp5_scaffold_01949.g24020.t1	207	359	504	669	783	955	1055	1145	1481	1600	1727
CSP21.g9627.t1	159	198	311	456	621	720	892	983	1079	1155	1269	1353	1451	1570	1697
CSP26.g6792.t1	207	359	504	669	768	940	1037	1142	1478	1597	1724
CSP28.g12406.t1	207	359	504	669	768	940	1043	1133	1490	1609	1736	1819	1968	2042	2285	2412	2892	3075	3334
CSP29.g4059.t1	108	260	405	570	669	841	938	1028	1385	1504	1631
CSP31.g26491.t1	204	356	501	666	765	931	1025	1115	1269	1451	1570	1697
CSP32.g289.t1	207	359	504	669	768	1037	1127	1463	1582	1709
CSP34.Sp34_X0190800.t1	207	359	504	669	768	940	1025	1130	1460	1579	1706
CSP38.g19010.t1	219	371	519	684	964	1181	1314	1529	1775
CSP39.g29015.t1	207	359	504	669	768	940	1043	1148	1484	1603	1730
CSP40.g15698.t1	207	359	504	669	783	955	1052	1157	1493	1612	1739
CTROP.Csp11.Scaffold626.g6404.t1	207	359	504	669	768	940	1031	1121	1454	1573	1700
CVIRI.g16563.t1	162	314	459	624	723	895	989	1079	1251	1549	1676
DCORO.DCO_006723	198	237	350	498	663	762	940	1094	1278	1416	1497	1711	1838
