CAFRA.g18455.t1	105	168	493
CANGA.Cang_2012_03_13_00037.g2053.t1	168	295	493
CBREN.CBN09149	105	168	493
CBRIG.CBG23171	105	168	493
CCAST.g15840.t1	168	295	493
CDOUG.g15322.t1	105	168	493
CELEG.F47G9.1	105	168	493
CJAPO.CJA11776	105	168
CKAMA.g9840.t1	168	493
CLATE.FL83_20655-RA	105	751
CMONO.g16277.t1	105	168	295	399	493
CNOUR.g4869.t1	168	493
CPLIC.g14817.t1	105	168	295	399	493
CREMA.FL82_09253-RA	105	168	493
CSINI.Csp5_scaffold_00064.g3044.t1	105	168	493
CSP21.g20.t1	105	168	295	399	493
CSP26.g22111.t1	105	168	493
CSP28.g15933.t1	168	493
CSP29.g324.t1	445	627	1179	1273	1528	1956	2142	2467	2588	2629	2814
CSP31.g14378.t1	105	168	295	399	493
CSP32.g14569.t1	105	168	493
CSP34.Sp34_50319400.t1	105	168	493
CSP38.g2175.t1	401	1204	1392	1519	1717
CSP39.g2455.t1	168	318	493
CSP40.g10100.t1	105	168	493
CTROP.Csp11.Scaffold495.g2203.t1	105	168	493
CVIRI.g15474.t1	105	168	399	493
DCORO.DCO_020413	93	171	298	399	493
