CAFRA.g838.t1	95	329	668	1233	1314	1737	1929	2178	2275	2468
CANGA.Cang_2012_03_13_01400.g16365.t3	175	303	561	785	1143	1431	1614	2147	2284
CBREN.CBN18681	95	329	668	1233	1314	1737	1929	2275	2462
CBRIG.CBG08162	95	329	1358	1788	1980	2326	2513
CCAST.g6429.t1	95	444	668	1026	1314	1929	2462	2599
CDOUG.g7227.t1	98	329	668	1233	1314	1929	2275	2462
CELEG.F52D1.1.1	95	329	668	1314	1737	1929	2275	2462
CJAPO.CJA04507	95	329	668	1233	1737	1929	2178	2275	2462
CKAMA.g55.t1	98	332	671	1236	1317	1932	2278	2465
CLATE.FL83_03257-RA	95	329	668	1233	1314	1737	1929	2275	2462
CMONO.g16518.t1	98	195	245	332	447	469	566	657	747	924	987	1131	1212	1341	1413	1491	1635	1742	1827	1886	2076	2173	2266	2360	2497
CNOUR.g6441.t1	95	329	668	1233	1314	1737	1929	2178	2275	2462
CPLIC.g14241.t1	182	306	490	587	684	1060	1515	1722	1803	2418	2764	2951	3088	3135	3217	3381	3444	3609	4014	4164	4323	4406	4511	4821	4914	5019	5109	5310	5442	5782	5905	6006	6141	6231	6369	6484	6561	6828	6950	7103	7168	7288	7461	7540	7668
CREMA.FL82_00171-RA	95	329	668	1233	1314	1737	1929	2275	2462
CSINI.Csp5_scaffold_01923.g23889.t1	95	329	668	1314	1737	1929	2275	2462
CSP21.g13768.t1	92	239	323	438	565	753	1020	1227	1308	1437	1509	1587	1835	2058	2169	2266	2359	2453	2590
CSP26.g5808.t1	95	329	668	1314	1737	1929	2275	2462
CSP28.g11773.t1	80	314	879	960	1341	1533	1782	1879	2066
CSP29.g6144.t1	95	329	668	1233	1314	1737	1929	2178	2275	2462
CSP31.g11494.t1	98	332	574	1029	1236	1317	1518	1737	1929	2462	2599
CSP32.g16566.t1	95	329	668	1233	1314	1737	1929	2178	2275	2462
CSP34.Sp34_X0021700.t1	95	329	668	1233	1314	1737	1929	2275	2462
CSP38.g18695.t1	95	329	444	668	1026	1314	1929	2462	2599
CSP39.g27733.t1	95	329	668	1233	1314	1737	1929	2178	2275	2462
CSP40.g16557.t1	95	329	668	1314	1737	1929	2275	2462
CTROP.Csp11.Scaffold630.g18129.t1	98	332	671	1236	1317	1740	1932	2278	2465
CVIRI.g3256.t1	95	192	329	444	668	1314	1515	1929	2178	2462	2599
DCORO.DCO_001256	95	242	329	444	571	759	849	1026	1089	1233	1443	1515	1593	1737	1844	1929	2067	2178	2362	2459	2596
