CAFRA.g19504.t1	69	318
CANGA.Cang_2012_03_13_00152.g5724.t1	69	489
CBREN.CBN03034	69	324	657
CBRIG.CBG19767	69	657
CCAST.g9120.t1	69	489
CDOUG.g14319.t1	69	324	657
CELEG.F39B2.11	69	324
CJAPO.CJA06271	69	318	651
CKAMA.g327.t1	69	324
CLATE.FL83_19313-RA	69	324	657
CMONO.g4543.t1	69	139	206	330	501	539	645	714	777	897	924	1059	1209	1287
CNOUR.g18132.t1	69	318	651
CPLIC.g3077.t1	69	139	324	495	657	726
CREMA.FL82_13183-RA	69	324	657	881	1299	1497
CSINI.Csp5_scaffold_01269.g19718.t1	69	657
CSP21.g10970.t1	69	139	324	495	551	726	789
CSP26.g2197.t1	69
CSP28.g6550.t1	69	318	624	876	1320
CSP29.g9079.t1	69	318	651
CSP31.g12522.t1	69	203	327	498	660	912
CSP32.g5410.t1	69	318	903	1326
CSP34.Sp34_10012500.t1	69	324	657
CSP38.g1759.t1	69	492	912
CSP39.g8100.t1	69	174	318	651
CSP40.g7354.t1	69	657
CTROP.Csp11.Scaffold630.g20959.t1	161	453
CVIRI.g14462.t1	69	327	498	792	912
DCORO.DCO_015777	75	145	209	333	455	504	560	666	798	915
