CAFRA.g8949.t2	189	204	309	411
CANGA.Cang_2012_03_13_00017.g1110.t1	57	258
CBREN.CBN21642	129	336
CBRIG.CBG12720	141	348
CCAST.g575.t1	57	258
CDOUG.g7483.t2	147	354
CELEG.F02E9.2a	141	348
CJAPO.CJA35970	48	153	255
CKAMA.g12391.t1	141	348
CLATE.FL83_22800-RA	141	348
CMONO.g7821.t1	75	180	282	402
CNOUR.g22281.t1	117	324
CPLIC.g2129.t1	60	171	273
CREMA.FL82_12381-RA	141	348
CSINI.Csp5_scaffold_00500.g12155.t2	138	345
CSP21.g4235.t1	66	177	273	423
CSP26.g21547.t1	138	345
CSP28.g17060.t1	117	222
CSP29.g8538.t1	117	324
CSP31.g3415.t1	93	198	300
CSP32.g6943.t2	153	204	309	411
CSP34.Sp34_10337000.t1	15	90	140	282	489
CSP38.g7896.t1	54	153	255
CSP39.g12260.t1	132	237	339
CSP40.g4845.t1	132	339
CTROP.Csp11.Scaffold629.g14700.t1	48	255
CVIRI.g6228.t1	113	218	320
DCORO.DCO_019899	111	210	312	459
