CAFRA.g12281.t1	126	187	384	536	1075	1190
CANGA.Cang_2012_03_13_00002.g229.t1	77	180	332	642	871	986
CBREN.CBN05480	70	183	335	519	768	874	989
CBRIG.CBG07310	123	184	278	381	533	675	924	1145
CCAST.g5310.t1	108	169	263	366	518	828	1057	1172
CDOUG.g995.t1	123	184	278	381	533	717	966	1072	1187
CELEG.C33G3.3	123	184	278	381	533	717	966	1072	1187
CJAPO.CJA05147	105	166	260	363	515	699	948	1054	1169
CKAMA.g483.t1	123	184	278	381	533	717	966	1072	1187
CLATE.FL83_01507-RA	132	193	287	390	542	726	975	1081	1196
CMONO.g4312.t1	108	169	260	363	515	699	825	948	1054	1169	1278
CNOUR.g17457.t1	120	181	378	530	714	963	1069	1184
CPLIC.g12457.t1	108	169	266	369	521	705	831	954	1060
CREMA.FL82_02689-RA	132	193	287	390	542	726	975	1081	1150
CSINI.Csp5_scaffold_01497.g21287.t1	129	190	284	387	539	723	972	1078	1193
CSP21.g7900.t1	96	157	248	351	503	687	1042	1157
CSP26.g13572.t1	123	184	278	381	533	717	966	1187
CSP28.g13734.t1	117	178	224	327	479	621	870	976	1091
CSP29.g8463.t1	123	184	381	533	717	966	1072	1187
CSP31.g19089.t1	102	163	257	360	512	696	945	1051	1166
CSP32.g12913.t1	114	175	372	524	1063	1178
CSP34.Sp34_X0115800.t1	123	184	278	381	533	717	966	1072	1187
CSP38.g16475.t1	99	160	254	357	509	819	1048	1163
CSP39.g27606.t1	126	187	384	536	720	969	1075	1190
CSP40.g11010.t1	123	184	281	384	536	720	969	1075	1190
CTROP.Csp11.Scaffold630.g22087.t1	120	272	456	705	811	926
CVIRI.g198.t1	99	160	254	357	509	693	942	1048	1163
DCORO.DCO_008529	223	372	450	1089	1318	1433	1539
