CAFRA.g18178.t1	113	231	482	779	1105	1259	1341	1365	1389	1472	1924
CANGA.Cang_2012_03_13_00498.g11568.t1	3	1031	1113	1137	1220	1672
CBREN.CBN31705	110	228	479	776	1102	1256	1338	1421	1873
CBRIG.CBG19133	110	231	482	779	1105	1259	1341	1424
CCAST.g3457.t1	119	237	1265	1347	1371	1454	1906
CDOUG.g2427.t2	110	228	479	776	1102	1256	1338	1362	1445	1897
CELEG.H14N18.4a	110	228	479	729	1069	1223	1305	1329	1412	1864
CJAPO.CJA15360	116	237	785	1111	1265	1347	1430
CKAMA.g3628.t1	110	228	479	776	1102	1256	1338	1362	1445	1897
CLATE.FL83_09692-RC	110	228	479	776	1102	1256	1338	1362	1386	1469	1921
CMONO.g15661.t2	227	351	467	590	688	762	887	1213	1367	1449	1532	1719	1815	1890	1984
CNOUR.g10375.t1	113	231	482	779	1105	1259	1341	1424	1876
CPLIC.g7918.t2	113	234	294	548	646	845	1325	1407	1490	1942
CREMA.FL82_16606-RB	110	228	479	776	1102	1256	1338	1362	1445	1897
CSINI.Csp5_scaffold_01502.g21313.t1	117	137	255	429	680	977	1303	1457	1539	1563	1646
CSP21.g1431.t1	104	237	353	476	574	773	943	1102	1256	1338	1397	1584	1680	1849
CSP26.g5600.t4	110	228	315	566	863	1189	1343	1425	1455	1479	1562	2014
CSP28.g5828.t1	110	228	479	776	1102	1256	1338	1362	1445	1897
CSP29.g18874.t1	113	231	482	779	1105	1259	1341	1365	1448	1900
CSP31.g17472.t1	113	231	359	482	1105	1259	1341	1380	1463	1650	1915
CSP32.g18143.t1	113	231	482	779	1105	1259	1341	1365	1389	1472	1924
CSP34.Sp34_50230900.t1	110	228	479	776	1102	1256	1338	1421	1873
CSP38.g4114.t1	23	144	1172	1254	1278	1361	1813
CSP39.g23733.t1	113	231	482	779	1030	1184	1266	1290	1314	1397	1849
CSP40.g21450.t1	110	228	479	776	1102	1256	1338	1421	1873
CTROP.Csp11.Scaffold629.g15382.t1	110	228	479	776	1102	1256	1338	1362	1445	1897
CVIRI.g2570.t1	113	234	359	1105	1341	1365	1448	1900
DCORO.DCO_006509	55	116	216	282	395	518	616	815	985	1141	1295	1377	1515	1588	1647	1743	1818	1915
