CAFRA.g16858.t1	16	138	198	854
CANGA.Cang_2012_03_13_00045.g2437.t1	16	210	309	642	713
CBREN.CBN10802	16	138	198	854
CBRIG.CBG08254	16	138	198	854
CCAST.g2083.t1	16	357	690	783	854
CDOUG.g12365.t1	16	138	198	854
CELEG.T22C1.6	16	138	198	273	854
CJAPO.CJA10926	16	198	273	357	854
CKAMA.g8602.t1	99	159	318	510	815
CLATE.FL83_10843-RA	16	138	198	558
CMONO.g858.t1	16	138	198	273	489	591	690	783	854
CNOUR.g8319.t1	16	138	198	357	854
CPLIC.g1918.t1	16	198	273	591	690	854
CREMA.FL82_08917-RA	16	138	198	558	854
CSINI.Csp5_scaffold_00909.g16667.t2	183	243	899
CSP21.g15486.t1	16	138	273	357	591	690	783	854	937
CSP26.g6036.t1	16	138	198	854
CSP28.g5043.t1	75	210	469	591	651	810	1307
CSP29.g17333.t1	78	223	345	405	552	1049
CSP31.g153.t1	16	138	198	273	357	591	690	854
CSP32.g11907.t1	16	138	198	854
CSP34.Sp34_10073900.t1	16	138	198	273	854
CSP38.g13849.t1	16	357	690	783	854
CSP39.g5352.t1	16	138	198	273	357	854
CSP40.g14222.t1	16	138	198	854
CTROP.Csp11.Scaffold498.g2229.t1	16	138	198	854
CVIRI.g8413.t1	16	138	198	273	357	591	690	854
DCORO.DCO_013863	34	216	291	375	507	609	708	801	872	965
