CAFRA.g10534.t1	42	153	303	1104	1386
CANGA.Cang_2012_03_13_00003.g259.t1	232	543
CBREN.CBN08760	42	153	303	1104	1386
CBRIG.CBG23256	42	153	303	1104	1386
CCAST.g8083.t1	285	648	1083	1365
CDOUG.g12334.t1	42	153	303	1104	1386
CELEG.D2023.6	42	153	303	1104	1386
CJAPO.CJA04898	42	153	303	1104
CKAMA.g2587.t1	42	153	303	1104	1386
CLATE.FL83_10679-RA	42	153	303	1104	1386	1544
CMONO.g2905.t2	48	174	324	462	543	624	696	783	900	1047	1140	1245	1296	1407
CNOUR.g20047.t1	42	153	303	1104	1386	1524	1586	1658
CPLIC.g1105.t1	153	522	603	762	879	1026	1104	1386
CREMA.FL82_11337-RA	42	153	303	1104	1386
CSINI.Csp5_scaffold_00021.g1277.t1	42	153	288	1089	1371
CSP21.g122.t1	42	156	306	444	525	606	678	765	882	1029	1107	1227	1278	1389
CSP26.g10759.t1	42	153	303	1104	1386
CSP28.g15053.t1	42	153	303	1026	1104	1575	1743	1854
CSP29.g18534.t1	42	153	303	1104	1386
CSP31.g3501.t1	42	153	303	603	1104	1386
CSP32.g4365.t1	42	153	303	1026	1104	1386
CSP34.Sp34_50147100.t1	42	153	303	1104	1386
CSP38.g1267.t1	285	1086	1368
CSP39.g1012.t1	42	153	303	609	1047
CSP40.g14444.t1	42	153	303	1104	1386
CTROP.Csp11.Scaffold629.g7785.t1	42	153	303	1104	1386
CVIRI.g5492.t1	33	144	294	513	594	753	1017	1095	1266	1377
DCORO.DCO_008533	54	171	321	459	540	621	780	897	1044	1122	1242	1401
