CAFRA.g5645.t1	88	230	355	708
CANGA.Cang_2012_03_13_00162.g5992.t1	355
CBREN.CBN11442	88	230	708
CBRIG.CBG13089	88	230	708
CCAST.g16776.t1	257
CDOUG.g814.t1	88	230	708
CELEG.E04F6.3	88	230	708
CJAPO.CJA03085	88	355
CKAMA.g1930.t1	230	711
CLATE.FL83_09492-RA	88	230	708
CMONO.g14775.t1	32	72	160	427	489	603	669	783	870
CNOUR.g1139.t1	94	361	717
CPLIC.g7451.t1	88	355	714
CREMA.FL82_12339-RA	88	230	708
CSINI.Csp5_scaffold_01437.g20927.t1	88	230	424	672
CSP21.g3361.t1	88	258	355	597	798
CSP26.g6925.t1	88	230	708
CSP28.g15738.t1	94	361	717
CSP29.g10043.t1	94	361	717
CSP31.g11915.t1	88	355	708
CSP32.g6969.t1	88	230	355	708
CSP34.Sp34_20261100.t1	88	230	708	893
CSP38.g8570.t1	355
CSP39.g10031.t1	88	355	711	893
CSP40.g8376.t1	88	230	708
CTROP.Csp11.Scaffold485.g1946.t1	88	230	708
CVIRI.g1890.t1	88	230	711
DCORO.DCO_016709	88	249	417	531	613	711	801
