CAFRA.g850.t1	120	294	372	501
CANGA.Cang_2012_03_13_00071.g3377.t1	132	384	513
CBREN.CBN10536	120	294	372	501
CBRIG.CBG08141	120	294	372	501
CCAST.g1085.t1	143	395	524
CDOUG.g7239.t1	120	294	501
CELEG.F13C5.5	120	294	372	501
CJAPO.CJA04151	66	240	318	447
CKAMA.g83.t1	120	294	372	501
CLATE.FL83_03231-RA	120	294	372	501
CMONO.g9520.t1	75	126	300	306	435
CNOUR.g6431.t1	120	294	372	501
CPLIC.g4021.t1	72	129	300	378	507
CREMA.FL82_00145-RA	120	294	372	501
CSINI.Csp5_scaffold_00837.g15928.t2	86	213	387	465	594
CSP21.g13901.t1	69	126	300	378	507
CSP26.g5791.t1	120	294	372	501
CSP28.g11766.t1	120	294	372	501
CSP29.g6154.t1	57	169	286	383	495	654	713	831	956	1042	1167	1341	1419	1548
CSP31.g6180.t1	63	114	285	363	492
CSP32.g16575.t1	120	294	372	501
CSP34.Sp34_X0019400.t1	120	297	375	504
CSP38.g18971.t1	129	510
CSP39.g27742.t1	123	297	375	504
CSP40.g16576.t1	120	294	372	501
CTROP.Csp11.Scaffold629.g15656.t1	120	294	501
CVIRI.g8059.t1	126	300	378	507
DCORO.DCO_019365	138	275	309	390	525
