CAFRA.g14079.t1	90	1497
CANGA.Cang_2012_03_13_00038.g2133.t1	160	1354	1461	1543	1632	1714	1803
CBREN.CBN04515	90	612	1494
CBRIG.CBG21817	90	612	1323	1494
CCAST.g11191.t1	160	1216	1323	1405	1494
CDOUG.g13769.t1	90	612	1494
CELEG.T10B5.5a	90	612	1323
CJAPO.CJA07438	90	612	1323	1405	1494
CKAMA.g3708.t1	90	393	612	1323	1405	1494
CLATE.FL83_05334-RA	96	618	1329	1500
CMONO.g19575.t1	90	160	289	393	495	612	771	1046	1136	1305	1387	1476
CNOUR.g13358.t1	90	1494
CPLIC.g14668.t1	90	160	289	393	612	789	1064	1323	1405	1494
CREMA.FL82_13491-RA	90	612	1323	1494
CSINI.Csp5_scaffold_01912.g23845.t1	90	612	1323	1499
CSP21.g4219.t1	90	160	289	612	702	911	1064	1216	1323	1405	1494
CSP26.g4815.t1	90	612	1323	1494
CSP28.g1489.t1	90	612	1494
CSP29.g5645.t1	90	393	1494
CSP31.g22566.t1	90	160	393	612	789	1064	1323	1405	1494
CSP32.g14117.t1	90	612	1494
CSP34.Sp34_50065300.t1	90	612	1323	1405	1494
CSP38.g2791.t1	160	1064	1216	1323	1405	1494
CSP39.g5754.t1	90	213	684	1566
CSP40.g13894.t1	90	612	1323	1494
CTROP.Csp11.Scaffold629.g13080.t1	90	612	1323	1494
CVIRI.g13248.t1	90	289	789	1064	1323	1494
DCORO.DCO_008659	90	160	289	393	495	612	735	789	911	1002	1064	1216	1323	1405	1494	1572
