CAFRA.g10760.t1	159	288	571	864	1254	1368	1638
CANGA.Cang_2012_03_13_00790.g14164.t3	165	648	665	978	1350
CBREN.CBN01416	189	324	469	1308	1570
CBRIG.CBG19958	171	303	445	1308	1422	1564
CCAST.g1747.t1	165	687	1119	1491
CDOUG.g22833.t1	165	297	442	1281	1395	1543
CELEG.F41H10.4	174	300	448	1290	1404	1567
CJAPO.CJA02291	162	285	382	514	648	744	1131	1245	1384	1509
CKAMA.g8616.t1	168	1542	1683	1852
CLATE.FL83_11828-RA	171	303	939	1026	1140
CMONO.g1141.t1	180	306	367	436	545	681	822	933	1032	1119	1221	1371	1485	1639	1767
CNOUR.g10025.t1	297	583	879	1080	1488	1602	1872
CPLIC.g2963.t1	168	297	436	639	801	900	975	1227	1344	1483	1608
CREMA.FL82_04381-RA	171	303	448	1290	1404
CSINI.Csp5_scaffold_02476.g26663.t1	162	294	439	1374	1488	1627
CSP21.g4335.t1	183	306	400	509	645	795	885	984	1071	1173	1323	1437	1564	1689
CSP26.g7026.t1	165	297	430	1257	1371	1504
CSP28.g3231.t1	297	460	592	885	1002	1410	1524	1669
CSP29.g16751.t1	297	583	879	963	1080	1488	1602
CSP31.g21521.t1	168	294	376	448	601	735	834	1011	1107	1693	1821
CSP32.g3866.t1	159	288	439	571	864	1269	1383	1656
CSP34.Sp34_40332800.t1	171	297	442	1263	1377	1525
CSP38.g213.t1	174	300	735	1167	1281	1554
CSP39.g3616.t1	297	448	580	756	876	1056	1335	1464	1578	1723	1848
CSP40.g1163.t1	165	300	427	1254	1368	1507
CTROP.Csp11.Scaffold494.g2170.t1	171	306	451	1293	1407	1555
CVIRI.g5545.t1	180	306	603	864	963	1302	1416	1680
DCORO.DCO_008813	51	180	312	472	560	645	753	843	927	1029	1182	1296	1426	1554
