CAFRA.g5641.t1	163	289	395
CANGA.Cang_2012_03_13_03763.g18357.t1	126
CBREN.CBN13660	166	292	398
CBRIG.CBG13085	166	292	398
CCAST.g8758.t1	157	283
CDOUG.g844.t1	166	292	398
CELEG.C27H5.1	166	292	398
CJAPO.CJA10254	166	292	398
CKAMA.g1934.t1	166	292	398
CLATE.FL83_09496-RA	166	292	398
CMONO.g6228.t1	186	260	349	475	581
CNOUR.g1143.t1	166	292	398
CPLIC.g13277.t1	77	166	292	398
CREMA.FL82_12335-RA	166	292	398
CSINI.Csp5_scaffold_00758.g15178.t1	166	292	398
CSP21.g2069.t1	74	163	289	395
CSP26.g10213.t1	166	292	398
CSP28.g15734.t1	166	292
CSP29.g10047.t1	166	292	398
CSP31.g18118.t1	163	289	395
CSP32.g6965.t1	163	289	395
CSP34.Sp34_20261510.t1	166	292	398
CSP38.g16076.t1	157	283
CSP39.g10035.t1	166	292	398
CSP40.g8380.t1	166	292	398
CTROP.Csp11.Scaffold485.g1950.t1	166	292
CVIRI.g1849.t1	166	292	398
DCORO.DCO_023423	82	208	314
