CAFRA.g291.t2	52	152	258	360	491	663	789	1108	1313	1473	1635	1717	1794
CANGA.Cang_2012_03_13_00061.g3057.t1	52	363	494	666	792	1072	1161	1277	1437	1599	1752
CBREN.CBN13157	52	152	258	357	491	663	789	1108	1313	1473	1635	1821
CBRIG.CBG01947	52	152	258	360	488	660	786	1105	1310	1470	1632	1785
CCAST.g1694.t1	52	363	494	666	792	1111	1200	1316	1476	1638	1791
CDOUG.g1197.t1	52	152	258	360	494	666	792	1111	1316	1476	1638	1753	1826
CELEG.F19C6.1	52	152	258	360	491	663	789	1108	1313	1473	1635	1788
CJAPO.CJA16065a	52	152	258	360	491	663	789	1108	1313	1473
CKAMA.g9211.t1	52	152	258	360	491	663	789	1108	1313	1473	1635	1788
CLATE.FL83_01414-RA	52	152	258	360	491	663	789	1108	1313	1476	1638	1791
CMONO.g18759.t1	52	152	258	357	488	660	786	853	1015	1105	1194	1280	1440	1602	1755
CNOUR.g15151.t1	52	152	258	360	488	660	786	1105	1310	1470	1632	1785
CPLIC.g7630.t2	90	244	450	552	683	855	981	1048	1300	1389	1505	1668	1830	1983
CREMA.FL82_17269-RA	52	152	258	360	491	663	789	1108	1313	1473	1635	1788
CSINI.Csp5_scaffold_00198.g6826.t1	52	152	258	360	491	663	789	1108	1313	1473	1635	1788
CSP21.g11730.t1	52	152	258	357	488	660	786	853	1105	1194	1470	1632	1785
CSP26.g989.t2	52	158	264	366	497	669	795	1114	1319	1479	1641	1794
CSP28.g14739.t1	132	234	362	534	660	979	1184	1344	1506	1659
CSP29.g12931.t1	52	152	258	360	488	660	732	1051	1256	1416	1578	1731
CSP31.g25044.t1	52	152	258	360	491	663	789	1108	1197	1313	1473	1635	1788
CSP32.g12691.t2	52	152	258	360	491	663	789	1108	1313	1473	1635	1788
CSP34.Sp34_X0063200.t1	52	152	258	360	491	663	789	1108	1313	1473	1635	1788
CSP38.g9445.t1	52	258	360	491	663	789	1108	1197	1313	1473	1635	1788
CSP39.g5706.t1	52	152	258	360	488	660	786	1105	1310	1470	1632	1785
CSP40.g15925.t1	52	152	258	360	491	663	789	1108	1313	1473	1635	1788
CTROP.Csp11.Scaffold629.g13647.t1	52	158	264	366	500	672	798	1117	1322	1482	1644	1797
CVIRI.g8505.t1	52	152	267	369	500	672	798	865	1027	1117	1322
DCORO.DCO_007463	52	152	360	491	663	789	856	1197	1313	1473	1635	1788
