CAFRA.g6966.t1	183	309	443	591	678	971	1209	1323	1379
CANGA.Cang_2012_03_13_00139.g5390.t1	89	318	809	1200	1370
CBREN.CBN32496	95	324	458	606	693	986	1398	1454
CBRIG.CBG09141	83	93	219	353	390	501	588	881	1134	1248
CCAST.g10684.t1	92	195	321	812	1206	1376
CDOUG.g14813.t1	89	318	452	489	600	687	980	1242	1356	1412
CELEG.T20B12.9	86	315	449	486	597	684	977	1263	1377	1433
CJAPO.CJA06715a	111	198	491	741	855	911
CKAMA.g12895.t1	20	123	249	383	420	531	618	911	1167	1281	1337
CLATE.FL83_22442-RA	111	198	491	684	798
CMONO.g81.t1	17	95	198	324	458	495	606	693	815	986	1046	1212	1329	1385
CNOUR.g16029.t1	86	189	315	449	486	597	684	977	1212	1326	1382
CPLIC.g11446.t1	11	195	321	455	690	812	983	1308	1364
CREMA.FL82_20945-RA	129	263	300	411	498	791	1053	1167	1223
CSINI.Csp5_scaffold_01387.g20578.t2	86	189	315	449	486	597	684	711	1004	1269	1383
CSP21.g12581.t1	14	86	189	315	449	486	597	684	806	1037	1206	1329	1385
CSP26.g4002.t1	86	189	315	449	486	597	684	977	1257	1371
CSP28.g13475.t1	86	315	449	486	597	684	977	1215	1329	1385
CSP29.g17946.t1	86	189	315	449	486	597	684	977	1212	1326	1382
CSP31.g10997.t1	17	95	198	324	458	606	693	1242	1356	1412
CSP32.g10569.t1	183	309	443	591	678	971	1209	1323	1379
CSP34.Sp34_30051400.t1	89	318	452	489	600	687	980	1239	1353	1409
CSP38.g19.t1	17	246	417	528	615	737	908	1125	1239	1295
CSP39.g3551.t1	86	189	315	449	486	597	684	977	1218	1332	1388
CSP40.g20174.t1	89	192	318	452	489	600	687	980	1248	1362
CTROP.Csp11.Scaffold629.g12603.t1	89	318	452	600	687	980	1227	1341	1397
CVIRI.g8182.t1	17	95	198	324	458	606	815	986	1230	1344	1400
DCORO.DCO_009873	17	98	201	327	461	609	696	818	906	989	1049	1257	1383	1439
