CAFRA.g2120.t1	41	138	367	600	810	890
CANGA.Cang_2012_03_13_01278.g16140.t1	41	498	600	890	1017
CBREN.CBN01101	367	600	890
CBRIG.CBG20163	41	138	367	600	890
CCAST.g3052.t1	41	498	600	890	1017
CDOUG.g9265.t1	41	138	367	600	810	890
CELEG.R74.6	41	138	367	498	600	810	890
CJAPO.CJA18206	41	138	367	498	600	810	890
CKAMA.g4946.t1	41	138	367	498	600	810	890	1160
CLATE.FL83_07264-RA	41	138	367	600	810	890
CMONO.g517.t1	41	111	225	340	471	573	666	783	863
CNOUR.g21491.t1	41	138	498	600	890
CPLIC.g4932.t1	41	252	367	498	693	890	1017
CREMA.FL82_17517-RA	41	138	367	600	810	890
CSINI.Csp5_scaffold_00374.g10367.t1	41	138	367	600	890
CSP21.g963.t1	41	138	252	367	600	693	810	890	956	1017
CSP26.g11278.t1	41	138	367	600	890
CSP28.g1025.t1	41	138	498	600	890
CSP29.g12139.t1	41	138	498	600	890
CSP31.g11083.t1	41	138	367	498	600	693	810	890
CSP32.g3946.t1	41	138	367	600	810	890
CSP34.Sp34_30029200.t1	29	95	122	219	448	681	891	971
CSP38.g3789.t1	41	498	600	810	890	1017
CSP39.g7390.t1	41	138	498	600	810	890
CSP40.g9850.t1	41	138	367	600	890
CTROP.Csp11.Scaffold629.g11493.t1	41	138	367	600	810	890
CVIRI.g9561.t1	41	252	367	498	600	890
DCORO.DCO_013377	41	138	252	367	498	600	693	810	890	1017	1100
