CAFRA.g7999.t1	90
CANGA.Cang_2012_03_13_00250.g7878.t2	195	413	462	759	1159
CBREN.CBN16731	90	411
CBRIG.CBG18361	90	411
CCAST.g11398.t1	21	129	345	573
CDOUG.g1117.t1	90	411
CELEG.T21C12.2	411	708
CJAPO.CJA17316	90	411
CKAMA.g13011.t1	31	230	348	425	579	673	795	874	1072	1286	1459	1730	1827	2148	2445
CLATE.FL83_11422-RA	90	411
CMONO.g674.t1	3	90	195	294	411	708	762	930	1013	1074
CNOUR.g13048.t1	90	411	708
CPLIC.g1290.t1	3	90	265	375	894	1036	1195
CREMA.FL82_20789-RA	90	411
CSINI.Csp5_scaffold_00128.g5091.t1	90	411
CSP21.g1088.t1	174	408	654	756	910	957	1044	1149	1248	1365	1476	1574	1662	1716	1884	1967
CSP26.g4860.t1	90	411
CSP28.g4752.t1	90
CSP29.g2579.t1	90	411	708
CSP31.g10482.t1	90	195	411	708	930	1074
CSP32.g2623.t1	90
CSP34.Sp34_30125200.t1	411	708
CSP38.g21549.t1	195	411	708
CSP39.g8349.t1	90	411	708
CSP40.g433.t1	90	411
CTROP.Csp11.Scaffold628.g7339.t1	90	411
CVIRI.g15816.t1	87	291	705
DCORO.DCO_012911	3	90	195	294	411	522	620	762	930	1074
