CAFRA.g7091.t1	144	993	1320
CANGA.Cang_2012_03_13_00070.g3339.t1	117	278	459	749	930	1257
CBREN.CBN06788	144	460	990	1317
CBRIG.CBG03423	144	460	990	1317
CCAST.g16496.t1	99	764	945	1272
CDOUG.g1635.t1	144	460	990	1317
CELEG.T04B2.5.1	144	460	1317
CJAPO.CJA14507	261	744	1010	1107	1434
CKAMA.g372.t1	144	460	990	1317
CLATE.FL83_20967-RA	312	628	1158	1485
CMONO.g13266.t1	201	429	602	869	953	1050	1302
CNOUR.g2467.t1	144	680	777	1104
CPLIC.g2313.t1	99	175	327	497	764	848	1110	1197
CREMA.FL82_03641-RA	144	460	990	1317
CSINI.Csp5_scaffold_00074.g3416.t1	144	460	990	1317
CSP21.g10279.t1	99	175	327	503	633	770	854	951	1116	1203	1278
CSP26.g18698.t1	144	990	1317
CSP28.g2383.t1	22	183	932	1356
CSP29.g6728.t1	144	866	963	1290	1380	1518	1670	1989	2084	2271	2373
CSP31.g13682.t1	135	800	981	1308
CSP32.g10249.t1	144	993	1320
CSP34.Sp34_40255500.t1	144	460	1317
CSP38.g15192.t1	99	764	945	1272
CSP39.g5866.t1	150	899	996	1323
CSP40.g13068.t1	144	460	990	1317
CTROP.Csp11.Scaffold585.g4808.t1	144	990	1317
CVIRI.g6360.t1	99	354	654	791	1299
DCORO.DCO_011007	99	175	327	488	621	758	936	1101	1212
