CAFRA.g13976.t1	60	234	315	464	1510	1677	1944	2123	2238
CANGA.Cang_2012_03_13_00127.g5104.t2	163	259	464	585	921	1789	2062	2223	2402	2593
CBREN.CBN09250	60	243	324	473	1368	1585	1746	1899	2013	2192	2307
CBRIG.CBG11198	60	243	324	473	1506	1723	1881	2034	2148	2327	2442
CCAST.g8237.t1	93	330	709	1462	1617	1884	2063
CDOUG.g11887.t1	60	243	324	473	1347	1561	1728	1881	1995	2174	2289
CELEG.C15F1.2	60	243	324	473	1347	1564	1722	1875	1989	2168	2283
CJAPO.CJA03681	81	261	342	491	1359	1561	1734	2001	2180	2295
CKAMA.g1967.t1	54	237	318	467	1272	1468	1626	1779	1893	2072	2187
CLATE.FL83_16954-RA	60	243	324	473	1347	1561	1719	1872	1986	2165	2280
CMONO.g14862.t1	57	136	222	303	473	561	712	993	1054	1110	1203	1284	1363	1414	1575	1722	1836	2009	2124	2195
CNOUR.g13487.t1	66	336	485	1564	1884	1998	2177
CPLIC.g8931.t1	66	234	312	464	625	786	906	1158	1432	1599	1737	1851
CREMA.FL82_12292-RA	60	243	324	473	1347	1564	1722	1875	1989	2168	2283
CSINI.Csp5_scaffold_00267.g8318.t1	60	243	324	473	1344	1558	1716	1869	1983	2162	2277
CSP21.g409.t1	229	303	462	543	692	780	859	910	924	1071	1224	1317	1477	1585	1731	1878	1992	2165	2364	2422	2551	2732	2842	2946
CSP26.g4428.t1	54	237	318	467	1338	1552	1710	1863	1977	2156	2271
CSP28.g15461.t1	258	339	488	1356	1561	1896	2010	2189
CSP29.g7102.t1	66	336	485	1564	1884	1998	2177	2388	2431	2566	2747	2795	2905	3009
CSP31.g6296.t1	57	222	303	452	622	709	1227	1308	1387	1525	1680	1833	1947	2126	2241
CSP32.g10024.t1	60	234	315	464	1507	1674	1941	2120	2235
CSP34.Sp34_20265610.t1	60	243	324	473	1347	1555	1713	1866	1980	2159	2274
CSP38.g3565.t1	108	345	1486	1641	1908	2087
CSP39.g14105.t1	12	274	465	846	1088	1179	1371	1452	1601	2472	2680	3021	3135	3314
CSP40.g8425.t1	54	237	318	467	1338	1555	1707	1860	1974	2153	2268
CTROP.Csp11.Scaffold629.g12128.t1	60	243	324	473	1350	1567	1728	1881	1995	2174	2289
CVIRI.g13765.t1	75	243	324	473	703	966	1245	1531	1707	1860	1974	2153	2268
DCORO.DCO_005481	66	139	228	309	464	552	651	744	828	1026	1105	1161	1290	1371	1444	1572	1638	1776	1890	2063
