CAFRA.g3609.t1	116	213	281	561	827	1095
CANGA.Cang_2012_03_13_00470.g11221.t1	113	210	278	699	1098
CBREN.CBN01471	122	219	287	573	836	1086
CBRIG.CBG03218	122	332	618	881	1134
CCAST.g2314.t1	110	207	275	699	1086
CDOUG.g9521.t1	122	219	287	573	836	1086
CELEG.T21B10.6	119	216	284	570	833	1080
CJAPO.CJA13593b	47	803	1050
CKAMA.g5912.t1	98	195	263	433	549	815	1059
CLATE.FL83_09290-RA	119	216	284	570	833
CMONO.g14957.t1	149	246	314	487	600	723	866	934	1125
CNOUR.g5965.t1	116	213	281	451	567	830	1074
CPLIC.g4165.t1	107	204	272	675	892	1032
CREMA.FL82_05530-RA	119	216	284	570	833	1086
CSINI.Csp5_scaffold_00048.g2496.t1	119	216	284	570	833	1083
CSP21.g13942.t1	101	198	552	675	824	892	1101
CSP26.g12514.t1	119	216	284	570	833	1080
CSP28.g1984.t1	116	213	281	567	830	1080
CSP29.g8269.t1	119	216	284	454	570	833	1077
CSP31.g27307.t1	125	222	290	579	702	845	1089
CSP32.g9376.t1	131	228	296	576	842	1098
CSP34.Sp34_20306910.t1	116	213	281	567	830	1083
CSP38.g9364.t1	98	195	263	684	1068
CSP39.g3328.t1	116	213	281	567	830	1077
CSP40.g1013.t1	119	216	284	570	833	1086
CTROP.Csp11.Scaffold630.g20708.t1	161	258	326	612	875	1134
CVIRI.g4499.t1	35	132	200	486	609	749	969
DCORO.DCO_013493	134	231	299	463	579	702	869	946	1065
