CAFRA.g3602.t1	156	231	316	392
CANGA.Cang_2012_03_13_00342.g9455.t1	162	398	457	547	628	788
CBREN.CBN08391	156	231	316	392	541	622	782
CBRIG.CBG03225	156	316	541	622	782
CCAST.g8165.t1	162	398	547	628	788
CDOUG.g9513.t1	156	231	316	392	541	622	782
CELEG.C18E9.6	156	231	316	392	622	782
CJAPO.CJA08147	231	316	392	541	622	782
CKAMA.g5905.t1	156	316	392	541	622	782
CLATE.FL83_09283-RA	156	231	316	392	541	622	782
CMONO.g7959.t1	157	273	348	433	509	658	739	822	899	984
CNOUR.g5972.t1	156	231	316	392	541	622	782
CPLIC.g780.t1	61	162	398	547	628	711	788
CREMA.FL82_05537-RA	156	231	316	392	541	622	782
CSINI.Csp5_scaffold_00048.g2507.t1	171	246	331	407	556	637	797
CSP21.g8219.t1	64	165	401	550	631	714	791	876
CSP26.g12507.t1	156	231	316	392	541	622	782
CSP28.g1991.t1	156	231	316	541	782
CSP29.g8262.t1	156	231	316	392	541	622	782
CSP31.g20177.t1	162	237	322	398	547	628	788
CSP32.g9368.t1	156	231	316	392
CSP34.Sp34_20306000.t1	156	231	316	392	622	782
CSP38.g21056.t1	162	398	547	628	788
CSP39.g3336.t1	156	231	316	392	541	782
CSP40.g1006.t1	156	231	316	392	541	782
CTROP.Csp11.Scaffold630.g20716.t1	156	231	316	392	541	622	782
CVIRI.g5014.t1	174	334	410	559	723	800
DCORO.DCO_015871	115	216	379	455	604	685	768	930
