CAFRA.g19202.t1	92	706
CANGA.Cang_2012_03_13_00362.g9745.t2	288
CBREN.CBN01543	92	706
CBRIG.CBG17635	92	706
CCAST.g12223.t1	92	567	706
CDOUG.g12082.t1	92	706
CELEG.C06G8.1	92	706
CJAPO.CJA13116	92	706
CKAMA.g18697.t1	92	706
CLATE.FL83_14018-RA	92	706
CMONO.g18842.t1	92	170	294	447	567	706	848
CNOUR.g22692.t1	283	434	649	995	1609
CPLIC.g1255.t1	170	567	706
CREMA.FL82_03018-RA	92	706
CSINI.Csp5_scaffold_00095.g4129.t1	69	179	293	907
CSP21.g6276.t1	92	170	294	567	706
CSP26.g14765.t1	92	706
CSP28.g12496.t1	92	706
CSP29.g3317.t1	92	706
CSP31.g6405.t1	92	567	706	845
CSP32.g13342.t1	92	706
CSP34.Sp34_40095100.t1	92	706
CSP38.g4522.t1	92	567	706
CSP39.g14048.t1	92	706
CSP40.g6652.t1	92	706
CTROP.Csp11.Scaffold630.g17675.t1	92	706
CVIRI.g7352.t1	92	567	706	848
DCORO.DCO_011323	236	329	407	531	684	804	943	1082
