CAFRA.g3754.t1	32	954
CANGA.Cang_2012_03_13_00305.g8887.t1	522	956	1098
CBREN.CBN02666	58	114	732	959	1254
CBRIG.CBG00560	224	851	1146
CCAST.g16530.t1	522	956	1128
CDOUG.g20054.t1	224	851	988	1146
CELEG.F54C9.6a.1	227	854	1149
CJAPO.CJA04708	133	230	1152
CKAMA.g7975.t1	224	851	1146	1299	1426	1566	1761	1931	2155	2310
CLATE.FL83_04608-RA	189	372	711	878	1106	1733	2028
CMONO.g4720.t1	38	161	333
CNOUR.g16499.t1	127	224	698	851	1146
CPLIC.g6124.t1	124	221	383	537	695	848	971	1143
CREMA.FL82_06128-RA	189	372	711	878	1106	1733	2028
CSINI.Csp5_scaffold_01039.g17828.t1	224	851	1146
CSP21.g14191.t1	130	227	389	543	701	854	1149	1322	1434	1596	1800	1858	1924	2043	2151
CSP26.g10701.t1	227	854	1149
CSP28.g1995.t1	218	845	1140
CSP29.g6256.t1	127	224	698	851	1146
CSP31.g16752.t1	124	221	383	537	695	848	971	1143
CSP32.g4253.t1	230	1152
CSP34.Sp34_20247100.t1	227	854	1149
CSP38.g7674.t1	215	965	1137
CSP39.g14210.t1	224	851	1146
CSP40.g12869.t1	227	854	1149
CTROP.Csp11.Scaffold630.g21355.t1	209	836	1131
CVIRI.g12934.t1	130	227	389	543	701	977	1149
DCORO.DCO_010789	181	278	440	594	752	905	1028	1200
