CAFRA.g8705.t1	24	131	248	457	572	821	1028	1176	1297	1876	2025	2375	2477	2685	3030	3114	3269	3392
CANGA.Cang_2012_03_13_00214.g7177.t1	24	149	881	1088	1357	2208	2697	3000	3242
CBREN.CBN21196	32	352	467	716	923	1771	1920	2369	2577	2922	3003	3158	3281
CBRIG.CBG14270	24	131	451	566	1022	1870	2019	2393	2495	2703	3048	3129	3284	3407
CCAST.g2848.t1	24	149	881	1088	1357	2208	2700	3003	3245
CDOUG.g7968.t1	24	131	451	566	815	1022	1870	2019	2468	2676	3021	3102	3257	3380
CELEG.C02F12.7	24	131	451	566	815	1022	1291	1473	1870	2019	2366	2468	2667	3093	3248	3371
CJAPO.CJA18476	24	131	245	454	569	818	1294	1476	1873	2022	2465	2673	3102	3257	3380
CKAMA.g3050.t1	9	99	213	1356	1974	2314	2583	2634	2741	2855	3061	3176	3425	3632	3901	4083	4480	4629	4967	5069	5277	5619	5700	5855	5978
CLATE.FL83_00786-RA	24	131	451	566	815	1022	1291	1870	2019	2366	2468	2676	3021	3102	3257	3380
CMONO.g6055.t2	27	137	251	397	512	642	761	869	1017	1138	1227	1320	1717	1866	1989	2092	2148	2231	2333	2421	2544	2670	2753	2781	2862	3020	3140
CNOUR.g7394.t1	24	131	454	569	818	1025	1173	1294	1476	1873	2022	2375	2685	3045	3126	3281	3404
CPLIC.g459.t1	24	131	439	554	803	1010	1279	2001	2124	2236	2375	2477	2670	2885	3054	3188	3311
CREMA.FL82_00890-RA	32	352	467	716	923	1192	1771	1920	2267	2369	2577	2922	3003	3158	3281
CSINI.Csp5_scaffold_00003.g203.t2	24	131	451	566	815	1022	1084	1234	1813	1908	2255	2357	2565	2910	2991	3146	3269
CSP21.g11414.t1	53	141	239	353	508	623	753	872	1079	1227	1348	1437	1530	1722	1927	2064	2299	2429	2537	2619	2742	2963	3135	3269
CSP26.g12615.t1	24	131	451	566	815	1291	1870	2019	2366	2468	2676	3102	3257	3380
CSP28.g10412.t1	24	131	454	569	818	1025	1173	1294	1476	1873	2420	2522	2730	3090	3171	3326	3449
CSP29.g14650.t1	108	249	378	1278	2032	2322	2465	2552	2604	2771	2872	2987	3236	3443	3591	3712	3894	4297	4446	4799	5109	5469	5550	5705	5828
CSP31.g23364.t1	24	131	245	451	566	696	815	1170	1291	1870	2019	2142	2363	2673	2915	3099	3233	3365
CSP32.g378.t1	32	146	355	470	719	926	1074	1195	1774	1923	2273	2375	2583	2928	3012	3167	3290
CSP34.Sp34_X0266100.t1	24	131	451	566	815	1022	1291	1473	2019	2366	2468	2676	3102	3257	3380
CSP38.g17240.t1	24	149	641	890	1097	1245	1366	2217	2709	3018	3254
CSP39.g20556.t1	24	131	454	569	818	1173	1294	1476	1873	2022	2375	2477	2685	3045	3126	3281
CSP40.g22465.t1	24	131	451	566	815	1022	1291	1870	2019	2366	2468	2676	3021	3102	3257	3380
CTROP.Csp11.Scaffold630.g18214.t1	24	131	451	815	1022	1870	2019	2456	2664	3009	3090	3245	3368
CVIRI.g3249.t1	24	245	463	578	708	1303	2031	2154	2251	2369	2679	2912	3093	3227	3350
DCORO.DCO_003265	24	134	256	385	506	755	962	1110	1320	1491	1725	1968	2091	2244	2327	2505	2628	2897	3096	3218	3341
