CAFRA.g16370.t1	171	233	429	817	912
CANGA.Cang_2012_03_13_00093.g4155.t1	52	150	296	525
CBREN.CBN21621	102	227	429	790	885
CBRIG.CBG19312	11	279	371	564	928	946	1041
CCAST.g724.t1	52	150	293	724	835
CDOUG.g15123.t1	153	275	477	835	930
CELEG.F25B3.2	378	497	699	1066	1161
CJAPO.CJA00956	156	796
CKAMA.g19002.t1	153	236	438	796	891
CLATE.FL83_17924-RA	150	218	402	718	813
CMONO.g732.t2	58	168	236	450	637	712	823	918
CNOUR.g15658.t1	153	245	447	802	897
CPLIC.g3419.t1	76	177	296	667	742	853	948
CREMA.FL82_19209-RA	144	221	405	664	759
CSINI.Csp5_scaffold_00030.g1693.t2	142	303	422	624	988	1083
CSP21.g3045.t1	37	138	296	507	612	715	826	921
CSP26.g15716.t1	153	245	447	814	909
CSP28.g5946.t1	150	263	465	817	912
CSP29.g18995.t1	153	245	447	802	897
CSP31.g25475.t1	67	165	263	838
CSP32.g1955.t1	162	257	462	814	909
CSP34.Sp34_50249900.t1	153	299	501	856	951
CSP38.g4573.t1	58	156	299	483	721	832
CSP39.g1135.t1	153	263	465	820	915
CSP40.g23824.t1	153	242	395	733	828
CTROP.Csp11.Scaffold629.g7720.t1	63	173	375	681
CVIRI.g4276.t1	58	144	242	447	613	688	799	894
DCORO.DCO_014597	94	329	513	709	784	895	990
