CAFRA.g13701.t1	88	256	370
CANGA.Cang_2012_03_13_00276.g8326.t1	82	250	364
CBREN.CBN18786	82	250
CBRIG.CBG08832	82	250
CCAST.g10318.t1	82	151	265
CDOUG.g14605.t1	82	250
CELEG.R02F11.1	82	250
CJAPO.CJA15634	82	253	367
CKAMA.g6260.t1	82	250
CLATE.FL83_05277-RA	82	250
CMONO.g2876.t1	105	229	397	610	616	674	759	980
CNOUR.g17621.t1	82	250	364
CPLIC.g6209.t1	82	256	370	457
CREMA.FL82_13546-RA	82	250
CSINI.Csp5_scaffold_02168.g25206.t1	82	250
CSP21.g13273.t1	88	262	376	463
CSP26.g8682.t1	82	250
CSP28.g16526.t1	107	263	390	503	577	759	886	1054	1168
CSP29.g21111.t1	82	250	364
CSP31.g26242.t1	82	250	451
CSP32.g5268.t1	88	256	370
CSP34.Sp34_50080400.t1	82	250
CSP38.g16972.t1	82	250
CSP39.g21508.t1	82	250	364
CSP40.g23542.t1	82	250
CTROP.Csp11.Scaffold630.g18443.t1	82	250
CVIRI.g3168.t1	253	454
DCORO.DCO_023489	91	265
