CAFRA.g14980.t1	76	169	319	482
CANGA.Cang_2012_03_13_00073.g3466.t1	76	193	485
CBREN.CBN03736	76	169	319	482
CBRIG.CBG14115	76	169	319	536
CCAST.g1653.t1	76	166	458
CDOUG.g4603.t1	76	169	319	373	536
CELEG.Y48D7A.2.1	76	169	319	373	536
CJAPO.CJA10836	76	169	319	482
CKAMA.g1144.t1	76	181	340	394	457	511	674
CLATE.FL83_00909-RA	76	169	319	373	536
CMONO.g13205.t1	76	160	310	427
CNOUR.g6185.t1	76	169	319	482
CPLIC.g7104.t1	76	169	319	473
CREMA.FL82_00757-RA	76	169	319	373	536
CSINI.Csp5_scaffold_00046.g2403.t2	43	127	220	370	424	587	674
CSP21.g8095.t1	73	133	262	326	388	431	535	624	666	829	865	963	1082	1191	1387	1680
CSP26.g18075.t1	76	169	319	373	536
CSP28.g9723.t1	76	169	319	482
CSP29.g11632.t1	76	169	319	482
CSP31.g9208.t1	76	319	479
CSP32.g16708.t1	76	169	319	482
CSP34.Sp34_X0277900.t1	76	169	319	376	485	496	537
CSP38.g9482.t1	76	166	464
CSP39.g19120.t1	76	169	322	379	542
CSP40.g19015.t1	76	169	319	373	536
CTROP.Csp11.Scaffold629.g16550.t1	76	169	319	373	536
CVIRI.g141.t1	76	172	322	485
DCORO.DCO_022329	82	163	243	344	451
