CAFRA.g8720.t1	55	161	259	393	541	1144	1412	1484	1711	1841	1919	2076	2226
CANGA.Cang_2012_03_13_00156.g5811.t1	631	899	971	1559
CBREN.CBN09086	46	152	250	384	532	822	1135	1403	1475	1702	1832	1910	2067	2217
CBRIG.CBG14186	61	119	270	376	657	805	1727	1799	2026	2391	2541
CCAST.g15345.t1	70	176	408	1153	1421	1493	2235
CDOUG.g1579.t1	67	173	271	405	553	843	1156	1424	1496	1723	1853	2088	2238
CELEG.F11D5.3a	67	173	271	405	553	843	1156	1424	1496	1723	1853	1931	2238
CJAPO.CJA16115	43	177	325	928	1196	1268	1860	2010
CKAMA.g14001.t1	32	131	229	363	511	801	1114	1382	1454	1811	1889	2046	2196
CLATE.FL83_00854-RA	13	119	217	351	499	789	1102	1370	1442
CMONO.g18527.t1	55	161	259	393	541	646	736	828	978	1141	1296	1409	1478	1602	1705	1835	1913	2070	2220
CNOUR.g738.t1	58	164	262	396	544	834	1147	1415	1487	1714	1844	1922	2079	2229
CPLIC.g2053.t1	83	181	315	463	658	1063	1322	1394	1621	1751	1829	1986	2136
CREMA.FL82_00813-RA	83	181	315	463	753	1066	1334	1406	1487
CSINI.Csp5_scaffold_00050.g2585.t2	154	260	358	492	640	1243	1511	1583	1810	1940	2175	2325
CSP21.g11735.t1	58	164	262	396	544	739	1141	1290	1400	1469	1696	1826	1904	2061	2211
CSP26.g2857.t1	34	637	905	977	1204	1334	1569	1719
CSP28.g10463.t1	83	181	315	463	753	1066	1334	1406	1633	1763	1841	1998	2148
CSP29.g3853.t1	83	181	315	463	753	1066	1334	1406	1633	1763	1841	1998	2148
CSP31.g9022.t1	64	170	268	402	550	1150	1418	1490	1847	1925	2082	2232
CSP32.g5086.t1	55	161	259	393	541	831	1144	1412	1484	1711	1841	1919	2076	2226
CSP34.Sp34_X0272800.t1	61	167	265	399	547	837	1150	1418	1490	1717	1847	1925	2232
CSP38.g10929.t1	61	167	399	1150	1418	1490	1925	2232
CSP39.g21596.t1	58	164	262	396	544	834	1147	1415	1487	1714	1844	1922	2079	2229
CSP40.g16284.t1	67	173	271	405	553	1156	1424	1496	1723	1853	2088	2238
CTROP.Csp11.Scaffold629.g16490.t2	22	128	226	360	508	798	1114	1382	1454	1681	1811	2046	2196
CVIRI.g6261.t1	61	167	399	547	975	1138	1406	1478	1913	2070	2220
DCORO.DCO_004933	67	173	271	405	553	751	846	1092	1332	1559	1786	1916	1994	2151	2301
