CAFRA.g13857.t1	133	249	333	425	558	846	936	1011	1139	1311	1496
CANGA.Cang_2012_03_13_00221.g7311.t1	136	252	336	428	561	849	939	1314	1413	1499
CBREN.CBN15880	133	249	336	425	558	846	936	1011	1139	1311	1496
CBRIG.CBG14478	133	249	336	428	561	849	939	1014	1142	1314	1499
CCAST.g14293.t1	136	252	336	428	561	849	939	1314	1413	1499
CDOUG.g112.t2	133	249	336	425	558	846	936	1011	1139	1311	1496
CELEG.F46H6.2a.1	133	249	336	425	558	846	936	1011	1139	1311	1496
CJAPO.CJA10640a	133	249	336	428	561	849	939	1014	1142	1314	1499
CKAMA.g3140.t1	133	249	336	425	558	846	936	1011	1139	1311	1496
CLATE.FL83_00660-RA	153	441	531	606	734	906	1091
CMONO.g2498.t1	127	243	330	422	555	699	762	849	939	1014	1142	1244	1314	1413	1499
CNOUR.g5513.t2	133	249	336	428	561	846	936	1011	1139	1311	1496
CPLIC.g6145.t1	127	243	330	422	555	756	843	933	1008	1136	1238	1493	1533	1672
CREMA.FL82_01033-RA	3	291	381	456	584	756	941
CSINI.Csp5_scaffold_00002.g165.t1	45	333	423	498	608	780	965
CSP21.g12008.t1	127	243	330	422	555	696	846	1011	1139	1311	1496
CSP26.g20068.t1	133	249	336	428	561	849	939	1014	1142	1308	1493
CSP28.g9854.t1	3	288	378	453	581	753	938
CSP29.g11500.t1	105	197	330	615	705	780	908	1080	1265
CSP31.g8912.t1	133	249	336	428	561	846	936	1011	1311	1496
CSP32.g8441.t2	133	249	336	428	561	849	939	1014	1142	1314	1499
CSP34.Sp34_X0255200.t1	133	249	336	428	561	849	939	1014	1142	1314	1499
CSP38.g12251.t1	136	252	336	428	561	849	939	1314	1413	1499
CSP39.g26661.t2	70	186	273	365	498	783	873	948	1076	1248	1433
CSP40.g12459.t2	133	249	336	425	558	846	936	1011	1139	1311	1496
CTROP.Csp11.Scaffold622.g6255.t1	3	291	381	456	584	756	941
CVIRI.g2439.t1	127	243	333	425	558	696	759	846	936	1139	1496
DCORO.DCO_008747	124	240	327	416	549	693	756	843	933	999	1130	1232	1401
