CAFRA.g3069.t1	147	276	355	465	628	795
CANGA.Cang_2012_03_13_00225.g7367.t1	
CBREN.CBN23127	123	328	432	595	762
CBRIG.CBG11581	126	331	435	598	765
CCAST.g8964.t1	123	571
CDOUG.g9758.t1	135	340	444	607	774
CELEG.C25D7.5	150	358	462	625	792
CJAPO.CJA02558a	141	270	453	616	783	1005	1119
CKAMA.g7748.t1	138	264	343	447	610	777
CLATE.FL83_21997-RA	135	286	717
CMONO.g15175.t1	120	249	331	426	598	762	883	984
CNOUR.g6929.t1	165	291	370	474	637
CPLIC.g5710.t1	168	318	394	643	810	1032
CREMA.FL82_20957-RA	135	286	717
CSINI.Csp5_scaffold_00006.g446.t1	166	270	433	600
CSP21.g10171.t1	174	303	391	492	655	810	931	1032
CSP26.g17949.t1	135	340	444	607	774
CSP28.g620.t1	24	150	496	663
CSP29.g17271.t1	162	288	367	471	634
CSP31.g1140.t1	129	258	337	444	610	777
CSP32.g17263.t1	132	258	337	450	613	780
CSP34.Sp34_50267900.t1	167	265	348	553	657	820	987
CSP38.g22256.t1	126	562	951
CSP39.g2926.t1	141	267	613	780
CSP40.g4003.t1	76	297	605	733	924	1044	1249	1353	1516	1683
CTROP.Csp11.Scaffold629.g15851.t2	132	337	441	604	771
CVIRI.g3722.t1	90	163	243	406	573	795
DCORO.DCO_014407	123	252	334	429	592	756	877	978
