CAFRA.g1727.t1	46	178	417	641	1217
CANGA.Cang_2012_03_13_00029.g1692.t1	46	178	507	1283
CBREN.CBN06777	46	178	1211
CBRIG.CBG12909	46	178	1205
CCAST.g7369.t1	46	178	507	1283
CDOUG.g23152.t1	178	1202
CELEG.Y113G7B.16	46	178	1214
CJAPO.CJA04492	46	178	417	641	1196
CKAMA.g11227.t1	46	156	470	696	914
CLATE.FL83_19605-RA	46	178	1211
CMONO.g5720.t1	55	187	297	426	516	650	798	916	1011	1113	1220	1283	1392
CNOUR.g7251.t1	46	178	417	641	1217
CPLIC.g3353.t1	46	178	417	507	641	789	916	1011	1220	1283	1392
CREMA.FL82_13042-RA	79	211
CSINI.Csp5_scaffold_02899.g28313.t1	46	178
CSP21.g4010.t1	49	181	291	420	510	644	725	792	907	924	1026	1133	1305	1383	1499	1638	1779
CSP26.g2349.t1	46	178	1211
CSP28.g7533.t1	67	306	530	1106
CSP29.g19767.t1	46	178	417	641	1217
CSP31.g2261.t1	46	178	417	507	641	789	1238
CSP32.g6757.t1	46	178	417	641	1217
CSP34.Sp34_50429000.t1	46	178	1208
CSP38.g11240.t1	46	178	507	1280
CSP39.g20760.t1	46	178	417	641	1217
CSP40.g3810.t1	46	178	1205
CTROP.Csp11.Scaffold629.g14646.t1	46	178	1190
CVIRI.g1418.t1	46	178	641	789	1223
DCORO.DCO_009965	49	181	291	420	510	644	792	916	1008	1110	1217	1280	1389
