CAFRA.g2423.t2	121	245	762	921	1196	1844	1996	3570
CANGA.Cang_2012_03_13_00773.g14040.t1	1115	1556	1814	2267	2720	2849	3042
CBREN.CBN17904	121	245	540	762	921	1196	1463	1740	1844	1996	2435	2628	3513
CBRIG.CBG16677	121	245	540	762	921	1196	1463	1740	1844	1996	2435	2628	3513
CCAST.g14411.t1	245	1196	1844	2291	2420	2613	3042	3372	3507
CDOUG.g1383.t1	73	197	492	714	873	1148	1415	1692	1796	1948	2396	2589	3474
CELEG.C14B9.8	121	245	540	762	921	1196	1463	1740	1844	1996	2435	2628	3513
CJAPO.CJA15388	121	245	540	1196	1463	1740	1844	1996	2429	3510
CKAMA.g6860.t1	288	510	669	944	1211	1488	1592	1744	1969	2186	2379	3267
CLATE.FL83_19658-RA	121	230	525	747	906	1181	1725	1829	1981	2420	2613	3498
CMONO.g18710.t1	59	137	271	354	447	576	735	888	1010	1144	1277	1329	1488	1592	1741	1873	2045	2162	2238	2355	2472
CNOUR.g1302.t2	121	257	552	774	933	1208	1407	1752	1856	2008	2196	2447	2537
CPLIC.g8448.t1	121	245	540	633	762	1196	1463	1581	1740	1844	2122	2291	2411	2604	3204	3366	3501
CREMA.FL82_10271-RA	121	230	525	747	906	1181	1725	1829	1981	2420	2613	3498
CSINI.Csp5_scaffold_00014.g922.t1	121	245	540	762	921	1196	1463	1740	1844	1996	2435	2628	3513
CSP21.g6623.t1	51	225	318	425	564	739	828	964	1088	1300	1383	1601	1764	2039	2173	2297	2415	2678	2953	3140	3263	3456	3663	3922	4065	4227	4362
CSP26.g10984.t1	121	245	540	762	921	1196	1463	1740	1844	1996	2435	2628	3513
CSP28.g4471.t1	510	669	921	1261	1703	1896	2781	2958	3083	3203	3343	3551	3715	3952	5730	5873	6058	6289
CSP29.g3820.t1	121	245	540	762	1037	1236	1581	1685	1837	2025	2273	2466	2973	3339	3460	3653	3823	3912	4042	5790	5915	6103	6334
CSP31.g8713.t1	121	245	457	540	762	921	1074	1196	1463	1740	1996	2134	2306	2429	2505	2622	3222	3519
CSP32.g1777.t2	121	245	465	762	921	1196	1740	1844	1996	2220	2465	3555
CSP34.Sp34_30229200.t1	121	245	540	762	921	1196	1463	1740	1844	1996	2435	2628	3513
CSP38.g17518.t1	245	762	921	1196	1581	1844	2122	2294	2417	2610	3039	3372	3507
CSP39.g12098.t1	121	245	540	762	921	1196	1740	1844	1996	2181	2447	2640
CSP40.g8202.t1	121	245	540	762	921	1196	1463	1740	1844	1996	2444	2637	3528
CTROP.Csp11.Scaffold552.g3639.t1	121	245	540	762	921	1196	1463	1740	1844	2005	2444	2637	3522
CVIRI.g2018.t1	121	245	323	540	762	1196	1463	1581	1844	1996	2315	2438	2631	2748	3228	3390	3525
DCORO.DCO_003101	121	245	321	457	540	633	762	921	1074	1196	1330	1466	1584	1646	1743	1844	1920	1990	2110	2241	2371	2450	2526	2643	2760	2850	3042	3225	3314	3387	3522
