CAFRA.g3548.t1	127	1128
CANGA.Cang_2012_03_13_01995.g16864.t1	121	1137
CBREN.CBN11484	133	630	1155
CBRIG.CBG03302	133	630	1155
CCAST.g12862.t1	121	1041
CDOUG.g15433.t1	133	630	1155
CELEG.T09A5.11.1	133	630	1155
CJAPO.CJA17371	130	627	1158
CKAMA.g8069.t1	133	630	1155
CLATE.FL83_06960-RA	133	630	1155
CMONO.g16421.t1	127	238	420	522	624	779	927	1047	1155	1229
CNOUR.g7589.t1	133	630
CPLIC.g11832.t1	148	259	441	645	797	1068	1176	1267
CREMA.FL82_05591-RA	133	630	1155
CSINI.Csp5_scaffold_01378.g20496.t1	134	532	1057
CSP21.g132.t1	124	235	417	519	618	770	921	1044	1152	1243
CSP26.g9713.t1	133	630	1155
CSP28.g4546.t1	133	630
CSP29.g8214.t1	133	630
CSP31.g9677.t1	133	244	1053	1161
CSP32.g4452.t1	127	1128
CSP34.Sp34_20146900.t1	133	630	1155
CSP38.g3573.t1	121	1044	1243
CSP39.g3622.t1	133	576	678
CSP40.g17084.t1	133	630	1155
CTROP.Csp11.Scaffold531.g3162.t1	133	630
CVIRI.g1063.t1	133	630	782	1161	1252
DCORO.DCO_011631	121	232	414	516	618	758	903	1023	1131
