CAFRA.g7137.t1	85	213	380	505	621	711	828	930	1134	1265	1386	1471	1616	1718
CANGA.Cang_2012_03_13_00253.g7942.t1	142	561	744	1081
CBREN.CBN04064	213	380	505	621	912	1029	1131	1323	1454	1575	1660	1805	1907
CBRIG.CBG23894	85	213	380	505	621	711	828	930	1122	1374	1459	1604	1706
CCAST.g10034.t1	22	441	624	961
CDOUG.g15014.t1	85	213	380	505	621	711	828	930	1122	1253	1374	1459	1604	1706
CELEG.T20B3.1	85	213	380	505	621	711	828	930	1122	1374	1459	1604	1706
CJAPO.CJA03419	85	213	380	505	621	711	828	930	1122	1253	1371	1456	1703
CKAMA.g11118.t1	36	203	352	459	537
CLATE.FL83_02849-RA	85	213	380	505	621	711	828	930	1122	1253	1374	1459	1706
CMONO.g12171.t1	94	222	389	514	627	717	831	1167	1298	1419	1498	1643	1745
CNOUR.g962.t1	85	213	380	505	621	711	828	930	1122	1374	1604	1706
CPLIC.g4724.t1	85	213	505	624	714	831	933	1253	1712
CREMA.FL82_14829-RA	85	213	380	505	621	711	828	930	1122	1283	1404	1489	1702
CSINI.Csp5_scaffold_01019.g17647.t1	85	213	380	505	621	711	828	930	1122	1374	1459	1604	1706
CSP21.g1999.t1	85	213	380	505	618	708	822	924	1014	1110	1241	1362	1589	1691
CSP26.g7641.t1	85	213	380	505	621	711	828	930	1122	1374	1459	1604	1706
CSP28.g7423.t1	213	380	505	621	711	1377	1607	1709
CSP29.g18359.t1	85	213	380	505	621	711	828	930	1122	1374	1604
CSP31.g26925.t1	219	386	511	624	714	831	933	1116	1450	1697
CSP32.g6085.t1	85	213	380	505	621	711	828	930	1122	1253	1374	1459	1604	1706
CSP34.Sp34_50375800.t1	85	213	380	505	621	711	828	930	1122	1253	1374	1459	1604	1706
CSP38.g773.t1	213	380	505	924	1107	1444
CSP39.g1796.t1	85	213	380	505	564	621	711	828	930	1122	1377	1607	1709
CSP40.g24029.t1	85	213	380	505	621	711	828	930	1122	1374	1459	1604	1706
CTROP.Csp11.Scaffold408.g969.t2	109	237	404	529	645	735	852	954	1146	1277	1398	1483	1628	1730
CVIRI.g7698.t1	85	213	380	505	618	708	924	1107	1238	1438	1583	1685
DCORO.DCO_006867	77	187	315	414	482	607	717	804	918	1020	1200	1334	1455	1534	1679	1778
