CAFRA.g10687.t1	58	278	482	558	803	869	1019
CANGA.Cang_2012_03_13_00170.g6141.t1	5	97	317	641	869
CBREN.CBN18811	116	208	632	708	962	1028	1178
CBRIG.CBG14052	116	208	428	632	708	962	1028	1178
CCAST.g15828.t1	5	94	314	509	833	1061
CDOUG.g4566.t1	26	118	338	542	618	872	938	1088
CELEG.AH9.1	116	208	428	632	708	962	1028	1181
CJAPO.CJA16464	58	278	482	558	812	878	1028
CKAMA.g1173.t1	116	208	428	632	962	1028	1178
CLATE.FL83_00952-RA	116	208	428	632	708	962	1028	1178
CMONO.g6686.t1	115	335	527	603	740	857	926	1163	1425	1503	1599	1706	1791	1844	2004	2112	2167	2279
CNOUR.g6138.t1	116	208	428	632	708	965	1031	1181
CPLIC.g13779.t1	58	278	473	549	686	803	1019
CREMA.FL82_00706-RA	116	476	680	756	1010	1076	1226
CSINI.Csp5_scaffold_00202.g6944.t1	116	208	428	632	708	962	1028	1178
CSP21.g7643.t1	201	399	462	556	621	720	792	894	1105	1187	1287	1377	1515	1706	1754	1849	2069	2258	2334	2471	2588	2657	2804
CSP26.g20371.t1	26	118	338	542	618	872	938	1088
CSP28.g9700.t1	116	208	428	632	965	1031	1181
CSP29.g11664.t1	116	208	428	632	708	965	1031	1181
CSP31.g21972.t1	26	118	338	533	609	857	1079
CSP32.g16674.t1	58	278	482	558	812	878	1028
CSP34.Sp34_X0104710.t1	8	100	320	524	600	854	920	1073
CSP38.g17424.t1	26	83	163	383	575	899	1124
CSP39.g19149.t1	26	118	338	542	875	941	1091
CSP40.g18865.t1	26	118	338	542	618	872	938	1088
CTROP.Csp11.Scaffold576.g4469.t1	58	278	482	558	812	962
CVIRI.g12206.t1	306	501	714	831	900	1062
DCORO.DCO_014999	61	155	281	473	549	641	839	1001
