CAFRA.g13622.t1	56	129	375	513	615	741	1107	1219
CANGA.Cang_2012_03_13_00442.g10905.t2	42	194	288	516	625
CBREN.CBN00340	56	129	375	513	615	768	959	1134	1249
CBRIG.CBG16052	56	129	161	174	420	558	660	786	983	1158	1276
CCAST.g11969.t1	5	425	486	638	732	870	1098	1289	1464	1573
CDOUG.g5824.t1	5	78	324	462	564	690	881	1056	1174
CELEG.C43C3.2f	56	129	375	513	834	1028	1203	1315	1425
CJAPO.CJA08149b	56	129	375	513	615	741	932	1107	1219
CKAMA.g6843.t1	56	129	375	513	615	741	932	1107	1219	1332
CLATE.FL83_02199-RA	42	288	426	528	654	845	1020	1132	1245
CMONO.g12051.t1	42	194	288	365	426	528	654	774	836	1011	1239
CNOUR.g22464.t1	56	129	375	513	615	741	932	1107	1219	1332
CPLIC.g12664.t1	152	246	323	384	486	612	732	803	978	1087	1197
CREMA.FL82_15362-RA	42	288	426	528	654	845	1020	1132	1245
CSINI.Csp5_scaffold_00008.g571.t2	56	129	384	522	624	750	950	1125	1240
CSP21.g2381.t1	60	212	306	383	546	672	792	854	1029
CSP26.g9415.t1	246	384	486	612	812	987	1102	1206
CSP28.g13781.t1	5	111	357	495	597	723	1089	1201	1320
CSP29.g14010.t1	23	96	342	480	582	708	899	1074	1186
CSP31.g15369.t1	77	150	302	396	534	636	1128	1240
CSP32.g18172.t1	5	78	324	462	564	690	1056	1168	1266
CSP34.Sp34_X0058400.t1	56	129	375	513	615	741	932	1107	1219	1329
CSP38.g17700.t1	50	117	269	363	501	603	729	920	1095	1204
CSP39.g6240.t1	56	138	384	522	624	750	1228	1383
CSP40.g4731.t1	56	129	375	513	615	741	941	1116	1231	1344
CTROP.Csp11.Scaffold629.g13484.t2	5	78	324	462	564	926	1101	1216	1326
CVIRI.g8784.t1	146	240	378	480	606	726	969	1075	1152
DCORO.DCO_010497	147	299	393	464	531	633	759	882	944	1113	1222
