CAFRA.g3684.t2	91	198	278	385	514	603	2640	2779
CANGA.Cang_2012_03_13_00354.g9641.t2	91	275	388	869	1098	1210	2195	2520
CBREN.CBN01133	283	473	586	675	1925	2712	2848
CBRIG.CBG03206	112	299	343	345	505	577	666	1916	2703	2836
CCAST.g13306.t3	91	275	425	538	1010	1239	1351	2336	2667
CDOUG.g9530.t1	109	296	409	498	1748	2535	2671
CELEG.B0457.1a	109	296	409	495	1748	2535	2671
CJAPO.CJA16988a	115	302	415	507	2547	2595	2737
CKAMA.g5920.t1	118	305	418	510	1440	1760	2550	2689
CLATE.FL83_09299-RA	299	412	507	1760	2547	2686
CMONO.g16656.t1	287	452	565	796	1305	1417	1605	1692	1800	1922	2109	2568	2703	2806
CNOUR.g5957.t1	109	296	409	498	1431	1748	2535	2671
CPLIC.g4039.t1	121	228	311	424	507	1149	1452	1647	1769	2415	2568	2686
CREMA.FL82_05521-RA	109	296	409	501	1754	2541	2686
CSINI.Csp5_scaffold_00010.g732.t2	35	164	277	366	1616	2403
CSP21.g125.t1	76	183	266	379	486	619	804	881	1017	1113	1228	1434	1521	1629	1751	2060	2225	2397	2535	2644
CSP26.g12525.t1	112	299	412	498	1745	2532	2668
CSP28.g1976.t1	64	251	358	371	651	1907	2694	2830
CSP29.g8274.t1	109	296	416	529	618	1551	1868	2655	2791
CSP31.g16934.t2	85	192	275	388	471	616	1095	1389	1584	2180	2352	2496	2623
CSP32.g9385.t2	91	198	278	413	526	615	2652	2794
CSP34.Sp34_20307800.t1	100	207	287	400	480	1730	2517	2650
CSP38.g17991.t3	79	186	263	338	451	926	1155	1267	2252	2577
CSP39.g27952.t1	113	202	1144	1461	2248	2384
CSP40.g22379.t1	103	290	403	489	1739	2526	2662
CTROP.Csp11.Scaffold630.g20698.t1	109	302	415	504	1754	2541	2683
CVIRI.g11044.t1	85	192	275	388	607	869	1098	1210	1401	1718	2192	2364	2496	2626
DCORO.DCO_003485	88	195	287	437	568	796	942	1083	1172	1293	1405	1599	1686	1794	2001	2225	2390	2562	2691	2869
