CAFRA.g6292.t1	108	334	527	738	1176	1431	1563
CANGA.Cang_2012_03_13_00450.g10990.t1	183	311	522	960	1215	1347
CBREN.CBN19236	108	334	527	1176	1431	1563
CBRIG.CBG18052	108	334	527	738	1176	1431	1563
CCAST.g3299.t1	183	331	524	735	1173	1428	1560
CDOUG.g11654.t1	108	334	527	738	1176	1431	1563
CELEG.C07G2.3a.1	108	334	527	738	1176	1431	1563
CJAPO.CJA04634	108	334	527	738	1176	1431	1563
CKAMA.g12902.t1	97	290	501	939	1194	1326
CLATE.FL83_14959-RA	120	858	990
CMONO.g10860.t1	13	111	206	417	549	644	707	855	1110	1191	1242
CNOUR.g7988.t1	108	334	527	738	1176	1431	1563
CPLIC.g5546.t1	108	186	334	432	527	1176	1431	1512	1563	1624	1647
CREMA.FL82_09961-RA	191	402	840	1095	1227
CSINI.Csp5_scaffold_00315.g9269.t2	52	245	894	1149	1281
CSP21.g8470.t1	111	189	337	530	741	873	1179	1434	1515	1566
CSP26.g9113.t1	108	334	527	1176	1431	1563
CSP28.g12814.t1	13	206	417	855	1110	1242
CSP29.g20202.t1	108	334	527	738	1176	1431	1563
CSP31.g24051.t1	105	331	524	735	867	1173	1428	1509	1560
CSP32.g3448.t1	108	334	527	738	1176	1431	1563
CSP34.Sp34_30073010.t1	108	334	527	738	1176	1431	1563
CSP38.g2432.t1	186	334	527	738	1176	1431	1563
CSP39.g1545.t2	108	334	527	738	1176	1431	1563	1624	1669	1728	2002	2895	3012
CSP40.g18626.t1	108	334	527	1176	1431	1563	1622	1686
CTROP.Csp11.Scaffold544.g3432.t1	108	334	527	738	1176	1431	1563
CVIRI.g7479.t1	108	186	334	527	870	1176	1431	1512	1563
DCORO.DCO_008953	51	129	277	375	470	582	681	813	971	1116	1257	1374	1506
