CAFRA.g17223.t1	68	168	526	630	698	788	895	1158	1427
CANGA.Cang_2012_03_13_00368.g9851.t1	99	372	614	947	1074	1337
CBREN.CBN25011	86	186	538	642	710	800	907	1043	1170	1439
CBRIG.CBG12991	86	186	538	642	710	800	1085	1212	1481
CCAST.g18553.t1	71	183	456	698	1031	1158	1421
CDOUG.g25483.t1	68	168	520	605	695	938	1065	1334
CELEG.ZK1290.2a	86	186	538	642	710	800	907	1043	1170	1439
CJAPO.CJA04234	73	176	276	628	732	800	1043	1170	1439
CKAMA.g5963.t1	168	510	578	678	1030	1202	1292	1399	1535	1662	1922
CLATE.FL83_09395-RA	86	186	538	642	710	800	907	1043	1170	1439
CMONO.g4023.t1	171	310	586	967	1070	1314	1458	1525	1629	1697	1787	1894	2030	2157	2301	2435	2502
CNOUR.g1053.t1	68	168	526	630	698	788	895	1031	1158	1427
CPLIC.g5139.t1	68	168	294	606	674	1007	1134
CREMA.FL82_14436-RA	68	168	520	624	692	782	889	1025	1152	1421
CSINI.Csp5_scaffold_00169.g6167.t1	86	186	538	642	710	800	907	1043	1170	1318	1403
CSP21.g12325.t1	65	162	303	508	612	680	770	877	1013	1140	1382	1449
CSP26.g6867.t1	68	168	520	624	692	782	889	1025	1152	1421
CSP28.g15812.t1	68	168	526	630	698	788	1031	1427
CSP29.g9970.t1	168	985	1094	1194	1552	1656	1724	1814	1921	2057	2184	2453
CSP31.g27485.t1	68	177	621	689	779	1149	1412	1479
CSP32.g16833.t1	68	168	526	630	698	788	895	1158	1421
CSP34.Sp34_20252200.t1	68	168	520	624	692	782	889	1025	1152	1421
CSP38.g647.t1	71	183	453	523	695	892	1028	1155	1418
CSP39.g4828.t1	68	168	526	630	698	788	895	1031
CSP40.g17151.t1	68	168	520	624	692	782	889	1025	1152	1421
CTROP.Csp11.Scaffold629.g15036.t3	10	329	494	620	719	827	927	1279	1383	1451	1541	1648	1784	1911	2180
CVIRI.g5007.t1	71	300	683	773	1016	1272	1406
DCORO.DCO_008519	71	183	255	342	486	553	657	725	815	922	1058	1185	1335	1536
