CAFRA.g11915.t1	189	415	598
CANGA.Cang_2012_03_13_00210.g7073.t1	321
CBREN.CBN04210	412	595
CBRIG.CBG04575	21	250	433
CCAST.g6635.t1	400	586	771
CDOUG.g5542.t1	418	601
CELEG.R11H6.5	192	421	604
CJAPO.CJA07051	207	436	619
CKAMA.g252.t1	189	418	601
CLATE.FL83_11944-RA	201	430	613
CMONO.g3447.t1	168	294	397	463	519	580	666	747	921	1024
CNOUR.g249.t1	21	250	433
CPLIC.g7680.t1	279	382	559	918
CREMA.FL82_16019-RA	195	424	607
CSINI.Csp5_scaffold_00380.g10448.t1	192	421	604
CSP21.g13469.t1	156	282	385	451	568	738	803	912	1015
CSP26.g1163.t1	192	421	604
CSP28.g15906.t1	189	418	601
CSP29.g9195.t1	189	418	601
CSP31.g22494.t1	186	312	415	481	598	699	954	1057
CSP32.g5450.t2	189	427	610
CSP34.Sp34_50351100.t1	3	198	427	610
CSP38.g2520.t1	436	502	619	804	978	1081
CSP39.g2800.t1	189	418	526	622
CSP40.g23656.t1	171	400	583
CTROP.Csp11.Scaffold630.g19866.t1	22	451	634
CVIRI.g14242.t1	14	472	655	759	1014	1117
DCORO.DCO_012761	43	153	282	445	562	648	729	859	927	1006	1194
