CAFRA.g12877.t1	156	290	423	1298
CANGA.Cang_2012_03_13_00446.g10953.t1	162	299	432	539	651	910	1161	1304
CBREN.CBN13070	156	290	423	642	1085	1301	1470
CBRIG.CBG02029	159	293	426	645	1088	1304	1473
CCAST.g14910.t1	162	299	432	539	651	1161	1304
CDOUG.g15965.t1	156	290	423	642	1088	1304	1473
CELEG.B0410.2a	156	290	423	642	1085	1304	1473
CJAPO.CJA05416a	125	288	422	555	774	1599
CKAMA.g1242.t1	53	216	350	483	702	1358	1527
CLATE.FL83_01057-RA	156	290	423	642	1085	1473
CMONO.g18529.t1	208	366	503	636	743	855	1000	1071	1173	1280	1359	1502	1572	1671
CNOUR.g6337.t1	162	296	429	1091	1304
CPLIC.g5725.t1	159	290	420	639	784	975	1082	1158	1301	1470
CREMA.FL82_00590-RA	156	290	423	642	1085	1473
CSINI.Csp5_scaffold_00156.g5840.t1	159	293	426	645	1088	1304	1473
CSP21.g1606.t1	162	296	429	536	648	879	978	1158	1301	1470
CSP26.g2296.t1	159	293	426	645	1304	1473
CSP28.g9630.t1	159	293	426	1088	1301
CSP29.g11738.t1	168	302	435	1310
CSP31.g18395.t1	159	426	533	1158	1301
CSP32.g5720.t1	156	290	423	1298
CSP34.Sp34_X0095300.t1	156	290	423	642	1085	1304	1473
CSP38.g18519.t1	162	299	432	539	651	1161	1304
CSP39.g1265.t1	74	207	869	1082
CSP40.g12558.t1	159	293	426	645	1304	1473
CTROP.Csp11.Scaffold582.g4676.t1	156	290	423	642	1088	1304	1473
CVIRI.g12042.t1	165	299	432	539	651	1167	1479
DCORO.DCO_008603	162	299	435	542	654	799	885	990	1097	1182	1325	1494
