CAFRA.g11135.t1	203	510	712
CANGA.Cang_2012_03_13_00133.g5250.t1	
CBREN.CBN15144	197	357	504	706
CBRIG.CBG23956	194	360	507	622
CCAST.g9600.t1	230	390
CDOUG.g2012.t1	197	357	504	629	702
CELEG.K07D4.6	197	357	504	629	706
CJAPO.CJA07238	144	346
CKAMA.g16130.t1	194	354	501	626	703
CLATE.FL83_09518-RA	206	288	369	494	571
CMONO.g974.t1	168	474	621	713	787	904
CNOUR.g5400.t1	203	363	510	635
CPLIC.g10045.t1	190	350	510	657	859	1053
CREMA.FL82_06890-RA	194	354	384	509	586	934
CSINI.Csp5_scaffold_04931.g34068.t1	203	369	516	641	718
CSP21.g14997.t1	218	369	516	641	718	849
CSP26.g9622.t1	93	220	320	461	686	849	996	1121
CSP28.g9033.t1	191	351	498	623	713
CSP29.g1529.t1	203	363	510	635	708
CSP31.g27280.t1	185	342	489	614	691
CSP32.g11405.t1	206	513	715
CSP34.Sp34_20237700.t1	200	360	507	632	709
CSP38.g3097.t1	182	342
CSP39.g1792.t1	124	271	396
CSP40.g11467.t1	206	369	516	641	718
CTROP.Csp11.Scaffold500.g2278.t1	197	357	504	629	706
CVIRI.g8405.t1	185	348	495	620	697	915
DCORO.DCO_015319	73	99	212	363	510	635	712	781	902
