CAFRA.g1014.t2	79	197	310	439	564	737	761	885	999	1324	2097	2376	2720
CANGA.Cang_2012_03_13_04361.g18790.t1	36	922
CBREN.CBN22038	79	197	310	439	555	728	852	966	1291	1466	2064	2343	2681
CBRIG.CBG06635	79	197	310	439	555	728	752	795	873	987	1312	1487	2085	2364	2702
CCAST.g16220.t2	79	197	439	564	737	1339	1514	2400	2466	2741
CDOUG.g5073.t2	79	197	310	439	564	737	761	885	999	1324	1499	2097	2376	2714
CELEG.F16B3.1b	79	197	310	439	564	737	761	885	999	1324	1499	2097	2382	2720
CJAPO.CJA01525	75	248	372	486	811	1584	1866	2201
CKAMA.g2828.t1	79	197	310	439	555	728	752	876	990	1315	1490	2088	2367	2705	2833	2907	3227
CLATE.FL83_08404-RA	79	197	310	439	555	728	752	876	990	1315	1490	2088	2367	2705
CMONO.g4942.t1	108	197	310	439	564	737	767	885	999	1191	1324	1398	1499	1761	1882	2007	2097	2385	2463	2605	2744
CNOUR.g18914.t3	114	182	298	417	580	682	800	913	1042	1167	1340	1364	1497	1936	2709	2988	3329
CPLIC.g5511.t1	79	197	310	439	555	728	846	1152	1285	1359	1460	1590	1722	1843	1968	2217	2337	2412	2548	2675
CREMA.FL82_13303-RA	79	197	310	439	555	728	752	876	990	1315	1490	2088	2367	2705
CSINI.Csp5_scaffold_02231.g25540.t3	79	197	310	439	564	737	861	975	1300	1475	2073	2352	2690
CSP21.g1186.t1	79	197	310	439	564	758	882	996	1176	1309	1383	1484	1614	1746	1867	1992	2082	2241	2364	2439	2578	2714
CSP26.g11621.t1	79	197	310	439	564	737	761	885	999	1324	1499	2097	2376	2714
CSP28.g7851.t1	19	137	250	379	504	677	701	825	1264	2037	2319	2660
CSP29.g2347.t1	79	197	310	369	542	566	690	1129	1902	2181	2519
CSP31.g10603.t1	79	197	310	439	555	728	752	876	990	1315	1490	1752	2088	2367	2572	2705
CSP32.g15081.t1	79	197	310	439	564	737	761	885	999	1324	2097	2376	2720
CSP34.Sp34_50049600.t1	17	130	259	375	548	572	696	810	1135	1310	1908	2187	2525
CSP38.g12087.t2	79	197	310	439	564	737	1393	1568	1951	2457	2523	2798
CSP39.g6937.t2	79	228	352	481	606	779	803	927	1366	2139	2418	2759
CSP40.g2696.t1	170	194	318	432	757	932	1530	1809	2150
CTROP.Csp11.Scaffold629.g7682.t1	170	294	408	733	908	1759	2093
CVIRI.g6223.t1	79	197	310	439	564	737	888	1002	1333	1508	1770	1891	2106	2723
DCORO.DCO_004053	79	197	310	439	552	725	843	957	1149	1282	1331	1356	1457	1587	1719	1840	2055	2214	2343	2415	2563	2750
