CAFRA.g4552.t1	51	222	1261	1749
CANGA.Cang_2012_03_13_02823.g17544.t1	51
CBREN.CBN00561	51	657	1749
CBRIG.CBG13493	51	657	1749
CCAST.g5827.t1	51	1252	1419	1680	1743
CDOUG.g20557.t1	51	657	1758
CELEG.T07A9.9a.1	51	657	1815
CJAPO.CJA17980	51	657	1261	1749
CKAMA.g7583.t1	222	657	1011	1114	1533
CLATE.FL83_12153-RA	51	657	1652	1849	2338	2397
CMONO.g15195.t1	51	222	326	462	651	801	933	993	1123	1290	1461	1548	1611
CNOUR.g15057.t1	51	1267	1755
CPLIC.g502.t1	51	326	657	1255	1422	1593	1743
CREMA.FL82_07649-RA	51	657	1652	1849	2193	2325	2492
CSINI.Csp5_scaffold_01688.g22532.t1	623	1727
CSP21.g13229.t1	51	222	326	509	657	873	1005	1264	1602	1752
CSP26.g14291.t1	51	657	1752
CSP28.g2472.t1	51	1267	1755
CSP29.g6809.t1	42	1258	1746
CSP31.g6396.t1	51	222	326	1261	1428	1686	1749
CSP32.g13996.t1	51	222	1261	1749
CSP34.Sp34_40019800.t1	51	338	504	1608
CSP38.g20417.t1	51	326	873	1249	1416	1674	1737
CSP39.g8309.t1	1051	1539
CSP40.g16194.t1	51	657	1752
CTROP.Csp11.Scaffold629.g10694.t1	51	657	1749
CVIRI.g2852.t1	302	1240	1407	1578	1728
DCORO.DCO_006617	51	222	326	509	657	807	873	1005	1128	1237	1404	1575	1662	1803	1883
