CAFRA.g15698.t1	485	1231	1352	1571
CANGA.Cang_2012_03_13_00560.g12238.t1	60	243	657	992	1355	1574
CBREN.CBN12860	482	847	986	1228	1349	1568
CBRIG.CBG03824	479	844	983	1225	1346	1565
CCAST.g4299.t1	60	243	657	992	1355	1574
CDOUG.g10434.t1	392	769	908	1150	1271	1490
CELEG.T23D8.1b	473	844	983	1225	1346	1565
CJAPO.CJA18366	482	847	986	1228	1568
CKAMA.g8823.t1	473	838	977	1219	1340	1559
CLATE.FL83_21884-RA	476	992
CMONO.g8108.t1	78	258	299	494	660	856	995	1162	1237	1358	1453	1574
CNOUR.g8975.t1	476	841	1222	1562
CPLIC.g7430.t1	54	284	868	1174	1253
CREMA.FL82_16694-RA	476	992	1234	1355	1574
CSINI.Csp5_scaffold_00070.g3293.t1	479	844	983	1225	1565
CSP21.g14624.t1	66	240	281	503	663	859	1165	1361	1456	1577
CSP26.g7305.t1	479	856	995	1237	1577
CSP28.g804.t1	485	1231	1571
CSP29.g13151.t1	476	841	1222	1562
CSP31.g26842.t1	78	299	509	687	883	1264	1385	1604
CSP32.g8155.t1	485	1231	1352	1571
CSP34.Sp34_10188900.t1	488	853	992	1234	1355	1574
CSP38.g9515.t1	60	243	657	992	1355	1574
CSP39.g3760.t1	559	1305	1645
CSP40.g20233.t1	392	769	908	1150	1490
CTROP.Csp11.Scaffold629.g10911.t1	392	757	896	1138	1259	1478	1637
CVIRI.g7877.t1	54	278	645	841	980	1222	1343	1562
DCORO.DCO_007893	117	252	344	533	663	859	998	1240	1361	1456	1589
