CAFRA.g5557.t1	19	292	1683	3474
CANGA.Cang_2012_03_13_00131.g5187.t1	73	376	1203	1408	1695	1978	2809	4335
CBREN.CBN24577	19	298	1689	2856	3474
CBRIG.CBG00996	340	1728	2895
CCAST.g2555.t1	19	322	1149	1354	2877
CDOUG.g11148.t1	19	289	1680	2844	3462
CELEG.C08H9.2a	19	289	1680	2847	3465
CJAPO.CJA15132	72	166	436	1827	2994	3612
CKAMA.g11862.t1	19	289	1680	2847	3465
CLATE.FL83_04703-RA	19	292	1683	2850	3468
CMONO.g4771.t1	87	205	345	564	783	930	1143	1407	1692	1851	2011	2154	2313
CNOUR.g14369.t1	19	289	1680	2850	3468
CPLIC.g3020.t1	19	301	1128	1333	2844	3465
CREMA.FL82_20262-RA	19	292	1683	2850	3468	3656
CSINI.Csp5_scaffold_00520.g12392.t1	30	136	406	1386	1743	2910	3528
CSP21.g4647.t1	22	310	480	633	774	963	1137	1342	1482	1701	1920	2325	2874	3492
CSP26.g5095.t1	81	187	457	1845	3012	3630
CSP28.g14187.t1	19	289	1680	2847	3465
CSP29.g6614.t1	19	289	1680	2850	3468
CSP31.g27013.t1	19	301	957	1695	2583	2862	3480
CSP32.g11612.t1	19	289	1680	3471
CSP34.Sp34_20170310.t1	19	289	1680	2844	3462
CSP38.g11410.t1	19	310	963	1137	1342	2859	3477
CSP39.g855.t1	19	292	756	1638	1683	2370	2850	3468
CSP40.g2294.t1	19	289	1677	2844	3438
CTROP.Csp11.Scaffold629.g14842.t1	19	289	1680	2838	3456
CVIRI.g9383.t1	19	286	1318	1458	1677	2844	3160	3462
DCORO.DCO_003069	165	264	529	687	828	1020	1194	1399	1539	1647	1758	1884	2124	2246	2340	2578	2732	2934	3093	3253	3396	3552	3712
