CAFRA.g76.t1	109	232	333	481	549	675	842
CANGA.Cang_2012_03_13_00539.g12001.t3	292
CBREN.CBN07832	112	213	361
CBRIG.CBG07008	235	336	484
CCAST.g13340.t1	112
CDOUG.g15765.t1	112	235	336
CELEG.F23F1.2	112	235	484
CJAPO.CJA37825	112	235	484	552
CKAMA.g4956.t1	112	235	484
CLATE.FL83_05899-RA	112	188	273	421
CMONO.g14420.t1	115	238	339	487
CNOUR.g10254.t1	112	235	336	552
CPLIC.g14289.t1	103	226	475	549
CREMA.FL82_05133-RA	118	241	342	490
CSINI.Csp5_scaffold_03569.g30604.t1	115	238	339
CSP21.g13009.t1	70	193	294
CSP26.g16563.t1	115	238	339
CSP28.g17253.t1	112	235
CSP29.g7762.t1	86	609	678	809	964	1320	1476	1610	2130	2280	2414	2479	2558	3096	3240	3374	3492	3631	3754	4071
CSP31.g26533.t1	112	235	336	552
CSP32.g13451.t1	109	232	333	481	549
CSP34.Sp34_20008000.t1	112	235	484
CSP38.g7580.t1	70
CSP39.g7195.t1	112	235	552
CSP40.g22570.t1	106	229	478
CTROP.Csp11.Scaffold605.g5556.t1	58	159
CVIRI.g1679.t1	112	235	484
DCORO.DCO_020085	124	247	348	496
