CAFRA.g8717.t1	129	206	323	451	596
CANGA.Cang_2012_03_13_00156.g5813.t2	105	176	293	566
CBREN.CBN25465	138	215	332	460	605
CBRIG.CBG14192	135	212	329	457
CCAST.g15342.t1	105	176	293	566
CDOUG.g1583.t1	135	212	329	457	602	768
CELEG.ZK816.4	120	197	314	442	587
CJAPO.CJA17597	132	209	326	454	602
CKAMA.g13997.t1	135	212	329	457	602
CLATE.FL83_00850-RA	135	212	329	457	602
CMONO.g8182.t1	126	194	311	439	581	654
CNOUR.g734.t1	129	206	323	451	596
CPLIC.g5824.t1	81	155	272	400	545
CREMA.FL82_00817-RA	135	212	329	457	602
CSINI.Csp5_scaffold_00050.g2590.t1	132	209	326	454	599
CSP21.g4718.t1	120	182	299	427	569
CSP26.g2853.t1	132	209	326	454	599	765
CSP28.g10460.t1	129	206	323	451	596
CSP29.g3849.t1	129	206	323	451	596
CSP31.g9018.t1	126	203	320	448	593
CSP32.g5082.t1	129	206	323	451	596
CSP34.Sp34_X0272500.t1	132	209	326	454
CSP38.g10932.t1	96	167	284	557
CSP39.g21593.t1	129	206	323	451	596
CSP40.g16280.t1	132	209	326	454	599
CTROP.Csp11.Scaffold629.g16485.t2	41	158	286
CVIRI.g934.t1	117	194	311	439	584
DCORO.DCO_018483	132	231	427	496	563
