CAFRA.g11355.t1	90	199	360
CANGA.Cang_2012_03_13_00872.g14675.t1	90	199	360
CBREN.CBN04183	90	199	360
CBRIG.CBG20581	90	199	360
CCAST.g11041.t1	90	199	360
CDOUG.g19552.t1	74	165	274	435
CELEG.C26F1.7b	74	165	274	435
CJAPO.CJA00953	90	199	360
CKAMA.g6204.t1	90	199	360
CLATE.FL83_22397-RA	71	162	271	432
CMONO.g15465.t1	12	132	241	402	514
CNOUR.g4967.t1	74	165	274	435
CPLIC.g14107.t1	90	199	360	472
CREMA.FL82_13608-RA	90	199	360
CSINI.Csp5_scaffold_00552.g12769.t1	98	189	298	459
CSP21.g9855.t1	84	193	354	466
CSP26.g2898.t1	86	177	286	447
CSP28.g16463.t1	199	360
CSP29.g21178.t1	170	261	370	531
CSP31.g18608.t1	86	177	286	447
CSP32.g6260.t1	90	199	360
CSP34.Sp34_50088900.t1	74	165	274	435
CSP38.g8248.t1	49	250	411
CSP39.g1424.t2	199	360	444
CSP40.g3746.t1	89	180	289	450
CTROP.Csp11.Scaffold630.g20434.t1	74	165	274	435
CVIRI.g17091.t1	90	199	360
DCORO.DCO_020531	49	144	253	378	547
