CAFRA.g4491.t1	108	439	531	771
CANGA.Cang_2012_03_13_00442.g10910.t1	108	225	675
CBREN.CBN00982	108	225	439	531	753
CBRIG.CBG16691	108	225	439	531	753
CCAST.g11965.t1	108	225	439	675
CDOUG.g259.t1	108	225	439	531	756
CELEG.C01C10.4	108	225	439	531	753
CJAPO.CJA14504	108	225	439	531	762
CKAMA.g3429.t1	90	155	256	397	492	640	753	870	1084	1176	1398
CLATE.FL83_00176-RA	108	225	439	531	753
CMONO.g12812.t1	108	225	295	439	531	675	741
CNOUR.g4752.t1	108	225	531	762
CPLIC.g7012.t2	114	231	445	537	672	741
CREMA.FL82_01467-RA	108	225	439	531	753
CSINI.Csp5_scaffold_00158.g5900.t3	108	278	505	597	819
CSP21.g1609.t1	108	225	295	439	531	699	756
CSP26.g11407.t1	108	225	439	531	753
CSP28.g3312.t1	108	225	531	762
CSP29.g4213.t1	108	225	531	762
CSP31.g20517.t2	108	225	295	439	531	750
CSP32.g1734.t1	108	439	531	765
CSP34.Sp34_X0205000.t1	108	225	439	531	750
CSP38.g6123.t1	108	225	295	439	531	660	750
CSP39.g16059.t1	108	225	531	753
CSP40.g21232.t1	108	225	439	531	753
CTROP.Csp11.Scaffold629.g12463.t1	108	225	439	531	753
CVIRI.g1949.t1	108	225	295	439	531	732
DCORO.DCO_016791	108	225	295	439	531	696	783
