CAFRA.g12808.t1	45	210	387	480	618	756	832	959
CANGA.Cang_2012_03_13_00054.g2800.t1	94	221
CBREN.CBN09340	45	210	387	480	618	756	832	959
CBRIG.CBG17313	42	207	384	477	615	753	826	956
CCAST.g658.t1	33	198	817	944
CDOUG.g2065.t1	45	210	387	480	618	756	832	959
CELEG.F29G6.2	45	210	387	480	618	756	832	959
CJAPO.CJA06610c	72	249	342	480	618	694	821
CKAMA.g1282.t1	45	210	387	480	618	756	832	959
CLATE.FL83_01109-RA	45	210	387	480	618	756	832	962
CMONO.g5015.t1	51	216	393	483	621	759	844	971
CNOUR.g6842.t1	45	210	387	480	618	756	832	959
CPLIC.g5964.t1	48	213	486	624	762	853	980
CREMA.FL82_00539-RA	45	210	387	480	618	756	832	962
CSINI.Csp5_scaffold_00026.g1513.t2	45	210	387	480	618	694	820	950
CSP21.g9161.t1	45	210	387	474	612	750	832	959
CSP26.g1846.t1	45	210	387	480	618	756	829	956
CSP28.g9587.t1	45	210	387	480	618	756	832	959
CSP29.g11780.t1	45	210	387	480	618	756	832	962
CSP31.g10041.t1	45	210	477	615	838	965
CSP32.g2876.t1	45	210	387	480	618	756	832	959
CSP34.Sp34_X0089900.t1	45	201	378	471	609	747	823	950
CSP38.g5463.t1	33	198	468	766	893
CSP39.g28771.t1	45	120	297	390	528	666	742	869
CSP40.g12608.t1	45	210	387	480	618	756	829	956
CTROP.Csp11.Scaffold553.g3675.t1	45	210	387	480	618	694	821
CVIRI.g10536.t1	48	213	483	759	847	974
DCORO.DCO_013195	39	204	381	504	642	780	856	983
