CAFRA.g7753.t1	72	449
CANGA.Cang_2012_03_13_00364.g9801.t1	449
CBREN.CBN24643	72	153	251
CBRIG.CBG15265	72	270	351	449
CCAST.g18285.t1	449
CDOUG.g13794.t1	72	270	351	449
CELEG.T19C3.4	72	270	351	449
CJAPO.CJA05695	72	270	351	449
CKAMA.g2236.t1	72	270	351	449
CLATE.FL83_19063-RA	72	270	351	380
CMONO.g2858.t1	72	270	351	449
CNOUR.g1444.t1	72	270	351	449
CPLIC.g6759.t1	72	270	351	449
CREMA.FL82_11667-RA	72	270	351	380
CSINI.Csp5_scaffold_07897.g38244.t2	12	210	291	389
CSP21.g12980.t1	69	267	348	446
CSP26.g11177.t1	72	270	351	449
CSP28.g14940.t1	72	153	251
CSP29.g528.t1	72	270	351	449
CSP31.g15119.t1	72	270	351	449
CSP32.g6762.t1	72	449
CSP34.Sp34_30327600.t1	72	270	351	449
CSP38.g10680.t1	72	270	351	449
CSP39.g18551.t1	72	270	351	449
CSP40.g6860.t1	72	270	351
CTROP.Csp11.Scaffold630.g16640.t1	72	270	351	449
CVIRI.g16949.t1	72	270	351	449
DCORO.DCO_019407	72	108	270	351	449	534	683
