CAFRA.g8035.t1	83	170	591	857	1032
CANGA.Cang_2012_03_13_02270.g17011.t2	186	461	833
CBREN.CBN20296	83	170	591	857	1032
CBRIG.CBG15324	83	170	591	687	761	936
CCAST.g5230.t1	402	677
CDOUG.g26028.t1	116	203	624	890	1065
CELEG.Y48A6B.1	83	170	588	684	854	1032
CJAPO.CJA15191	414	668	843
CKAMA.g12914.t1	83	170	591	687	860	1035
CLATE.FL83_19346-RA	101	188	609	672	842	1017
CMONO.g7595.t1	89	182	311	467	576	672	806
CNOUR.g15101.t1	83	170	588	684	854	1029	1197	1256	1358	1529	1737	1950	2102	2366	2532
CPLIC.g6555.t1	122	278	402	653	828
CREMA.FL82_17019-RA	101	188	609	705	875	1050
CSINI.Csp5_scaffold_04093.g32052.t1	83	170	591	687	857	1032
CSP21.g4597.t1	83	170	305	461	585	681	824	990
CSP26.g15277.t1	83	170	519	615	785	960
CSP28.g9489.t1	83	170	588	854	1038	1206	1265	1367	1538	1746	1959	2111	2375	2541
CSP29.g10809.t1	83	170	588	684	854	1029	1197	1256	1358	1529	1737	1950	2102	2366	2532
CSP31.g20916.t1	83	170	669	836	1005
CSP32.g17641.t2	83	170	591	857	1032
CSP34.Sp34_30037730.t1	83	170	591	687	857	1032
CSP38.g1815.t2	3	80	200	287	681	965	1063
CSP39.g25420.t2	83	170	582	678	848	1023	1191	1250	1358	1529	1737	1950	2102	2366	2532
CSP40.g13164.t1	83	170	591	687	857	1032
CTROP.Csp11.Scaffold629.g12807.t1	411
CVIRI.g9157.t1	83	170	305	461	576	672	833	999
DCORO.DCO_013347	86	173	305	461	570	666	824	916	1061
