CAFRA.g12494.t1	681	1345
CANGA.Cang_2012_03_13_00688.g13446.t1	899	982
CBREN.CBN01807	276	681	1345
CBRIG.CBG06199	276	681	1345
CCAST.g5802.t1	899	1345
CDOUG.g8932.t1	276	681	1345
CELEG.ZK829.4.1	276	681	1345
CJAPO.CJA12511	276	681	1345
CKAMA.g9066.t1	276	681	1345
CLATE.FL83_04888-RA	276	681	1345
CMONO.g18782.t1	93	147	288	426	911	1149	1238	1357	1455	1581
CNOUR.g4047.t1	279	684	1348
CPLIC.g7415.t1	132	678	1342	1440
CREMA.FL82_03799-RA	276	681	1345
CSINI.Csp5_scaffold_00015.g985.t1	276	681	1345
CSP21.g12742.t1	141	282	420	687	905	1232	1351	1449
CSP26.g13470.t1	276	681	1345
CSP28.g9268.t1	684	1348
CSP29.g3648.t1	279	684	1348
CSP31.g6477.t1	276	681	899	1226	1345
CSP32.g10118.t1	681	1345
CSP34.Sp34_40234610.t1	174	579	1243
CSP38.g4477.t1	899	1226	1345
CSP39.g14355.t1	279	684	1348
CSP40.g17595.t1	276	681	1345
CTROP.Csp11.Scaffold629.g15590.t1	276	681	1345
CVIRI.g84.t1	276	1226	1345
DCORO.DCO_008635	84	138	279	417	573	684	813	902	1014	1140	1200	1446	1572
