CAFRA.g13114.t1	99	351	648
CANGA.Cang_2012_03_13_00204.g6941.t1	99	351	594	648
CBREN.CBN13512	99	351	648
CBRIG.CBG12349	99	351	648
CCAST.g3347.t1	99	351	594	648
CDOUG.g24254.t1	99	351	648
CELEG.C36B1.4.1	99	351	648
CJAPO.CJA36753	135	387
CKAMA.g10050.t1	99	351	648
CLATE.FL83_05058-RA	99	351	648
CMONO.g15478.t1	99	226	351	474	594	648
CNOUR.g1992.t1	99	351	648
CPLIC.g7788.t1	99	226	351	454	594	648
CREMA.FL82_15625-RA	99	351	648
CSINI.Csp5_scaffold_00281.g8632.t1	99	351	648
CSP21.g14490.t1	99	226	648
CSP26.g10163.t1	99	351	648
CSP28.g6882.t1	99	351	648
CSP29.g18466.t1	99	351	648
CSP31.g7748.t1	99	351	454	648
CSP32.g988.t1	99	351	648
CSP34.Sp34_10247020.t1	99	351	648
CSP38.g8729.t1	99	351	454	594	648
CSP39.g22113.t1	99	351	648
CSP40.g24262.t1	99	351	648
CTROP.Csp11.Scaffold630.g20521.t1	35	354	651
CVIRI.g4368.t1	99	351	594	648
DCORO.DCO_018411	99	182	226	351	474	594	648	705
