CAFRA.g2783.t1	243	306	493	699
CANGA.Cang_2012_03_13_00377.g9990.t1	183	321	508	787
CBREN.CBN03021	126	189	376	582
CBRIG.CBG23136	138	201	388	594
CCAST.g16139.t1	129	192	379	718
CDOUG.g7753.t1	126	189	376	582
CELEG.K10D6.4b	142	216	372	435	622	828
CJAPO.CJA06870b	72	135	322	528
CKAMA.g7199.t1	147	210	397	603
CLATE.FL83_16505-RA	23	177	240	427	633
CMONO.g16959.t1	105	168	352	471	555	639	691	812
CNOUR.g15605.t1	26	78	240	303	490	699
CPLIC.g81.t1	126	189	376	579	715
CREMA.FL82_09309-RA	192	255	442	648
CSINI.Csp5_scaffold_00249.g7952.t1	147	210	397	603
CSP21.g8297.t1	84	295	414	582
CSP26.g10836.t1	138	201	388	594
CSP28.g5897.t1	165	228	415	624
CSP29.g18949.t1	162	225	412	621
CSP31.g25444.t1	153	216	403	606
CSP32.g10350.t1	153	216	403	609	680
CSP34.Sp34_50315520.t1	159	222	409	615
CSP38.g20788.t1	153	397	736
CSP39.g1687.t1	165	228	415	624
CSP40.g3530.t1	66	153	291	354	541	747
CTROP.Csp11.Scaffold519.g2792.t1	138	325	531
CVIRI.g13401.t1	123	186	373	576
DCORO.DCO_015763	96	159	262	337	540	679
