CAFRA.g8108.t1	70	398
CANGA.Cang_2012_03_13_00647.g13119.t1	67	164
CBREN.CBN07332	70	398
CBRIG.CBG20679	70	398
CCAST.g4881.t1	67	164
CDOUG.g8301.t1	70	398
CELEG.Y51H1A.3b.1	446
CJAPO.CJA29174	70	398
CKAMA.g7598.t1	70	398
CLATE.FL83_06827-RA	70	398
CMONO.g14421.t1	67	164	218	321	395	501
CNOUR.g22306.t1	70	398
CPLIC.g6873.t1	67	164	321	395	501
CREMA.FL82_05728-RA	70	398	584	655	727	831	1323
CSINI.Csp5_scaffold_00129.g5118.t2	70	398
CSP21.g5760.t1	67	398	504
CSP26.g10566.t1	70	398
CSP28.g1804.t1	70	398
CSP29.g6976.t1	70	398	596	658	834	1335	1589	1899
CSP31.g27257.t1	67	164	321	395
CSP32.g3593.t1	70	398
CSP34.Sp34_20075800.t1	7	335
CSP38.g20566.t1	67	164
CSP39.g7551.t1	70	398	596	658	834	1332	1583	1890
CSP40.g5523.t1	70	398
CTROP.Csp11.Scaffold629.g11320.t1	70	398
CVIRI.g3754.t1	67	164	395
DCORO.DCO_027633	308	418	487	584	741	815	924	972
