CAFRA.g612.t1	153	380	999
CANGA.Cang_2012_03_13_00824.g14393.t1	152
CBREN.CBN29972	168	392	552	1011	1091
CBRIG.CBG09318	150	368	522	972	1052
CCAST.g3871.t1	344	443	1031
CDOUG.g8965.t1	153	377	537	993	1073
CELEG.ZC250.2	150	374	534	987	1067
CJAPO.CJA11170	150	365	522	1061
CKAMA.g7153.t1	51	129	342	495	722	813	1161	1241
CLATE.FL83_21716-RA	48	126	324	548	708	1158	1238
CMONO.g3197.t1	69	175	273	353	491	596	663	741	832	946	1107	1187	1273	1364
CNOUR.g9589.t1	156	389	549	999	1079
CPLIC.g8908.t1	45	246	321	471	695	794	855	963	1045	1385	1565
CREMA.FL82_15551-RA	150	374	534	984	1018
CSINI.Csp5_scaffold_00678.g14322.t1	150	368	522	972	1052
CSP21.g13499.t1	49	150	224	365	470	531	630	718	832	978	1058	1144	1235
CSP26.g911.t1	150	368	522	972	1052
CSP28.g23.t1	48	126	339	578	738	1271
CSP29.g2223.t1	164	324	774	854
CSP31.g9307.t1	9	260	867	947	1036
CSP32.g15607.t1	153	380	996
CSP34.Sp34_50201200.t1	150	374	534	990	1070
CSP38.g15443.t1	344	443	1013
CSP39.g3018.t1	159	404	564	1100
CSP40.g24584.t1	150	368	522	972	1052
CTROP.Csp11.Scaffold536.g3287.t1	164	276	732	812
CVIRI.g5771.t1	33	248	589	846	1106
DCORO.DCO_010807	70	168	245	383	491	552	736	850	1008	1088	1174
