CAFRA.g18666.t2	44	378	1151	1250	1401	1569
CANGA.Cang_2012_03_13_00117.g4834.t1	44	137	387	1160	1259	1410	1578
CBREN.CBN15310	116	456	1229	1328	1479	1647
CBRIG.CBG07722	110	450	1223	1322	1473	1641
CCAST.g5375.t1	64	137	230	480	1253	1352	1503	1671
CDOUG.g24223.t1	119	459	1232	1331	1482	1650
CELEG.C02C6.2a	59	399	1178	1277	1428	1596
CJAPO.CJA01167	38	375	1148	1247	1398	1566
CKAMA.g9621.t1	38	378	1154	1253	1404	1572
CLATE.FL83_01799-RA	116	459	1232	1331	1482	1650
CMONO.g4103.t1	182	269	350	474	591	1301	1400	1551	1716
CNOUR.g4465.t1	16	95	432	1205	1304	1455	1623
CPLIC.g10845.t1	38	131	264	1259	1410	1578
CREMA.FL82_02380-RA	119	462	1235	1334	1485	1653
CSINI.Csp5_scaffold_00153.g5780.t2	113	453	1226	1325	1476	1644
CSP21.g8043.t2	50	176	297	414	648	1202	1301	1452	1620
CSP26.g17209.t1	110	450	1223	1322	1473	1641
CSP28.g11723.t1	30	803	902	1053	1221
CSP29.g881.t1	19	98	164	330	1103	1202	1353	1521
CSP31.g13780.t2	101	191	441	1214	1313	1464	1620
CSP32.g13183.t1	49	128	465	1238	1337	1488	1656
CSP34.Sp34_X0131900.t1	110	450	1223	1322	1473	1641
CSP38.g13253.t1	58	131	236	486	1259	1358	1509	1677
CSP39.g9056.t1	30	800	899	1050	1218
CSP40.g8891.t1	44	384	1157	1256	1407	1575
CTROP.Csp11.Scaffold629.g14804.t1	110	450	1223	1322	1473	1641
CVIRI.g15277.t1	38	131	381	1151	1250	1401	1569
DCORO.DCO_008139	38	128	303	420	558	807	1105	1190	1437	1596
