CAFRA.g16238.t1	90	206	1450	1548	1665	2147	2262	2335	2461	2564	2631
CANGA.Cang_2012_03_13_00007.g604.t2	333	1052	1278	1425	1566
CBREN.CBN00271	90	206	324
CBRIG.CBG10828	90	324
CCAST.g6338.t1	333	908	1089	1236	1377
CDOUG.g23272.t1	90	206	324
CELEG.Y110A7A.8	90	203	321
CJAPO.CJA10350	90	206	324
CKAMA.g8807.t1	90	206	324	654	1152	1411	1653	1770	2040	2210	2290	2416	2519
CLATE.FL83_12386-RA	90	206	324	999
CMONO.g10457.t1	78	191	309	474	615	711	881	984	1209	1350
CNOUR.g8352.t1	90	206	324
CPLIC.g8369.t1	90	203	321	486	627
CREMA.FL82_08849-RA	90	206	324	1044
CSINI.Csp5_scaffold_01012.g17570.t1	90	324
CSP21.g3189.t1	75	306	612	708	881	1062	1209	1362
CSP26.g14602.t1	90	324
CSP28.g2888.t1	90	206	324	1517	1683	1800	2282	2400	2467	2593	2696	2763	2907	3168	3396
CSP29.g17362.t1	90	206	324
CSP31.g8446.t1	87	893	1221	1362	1501	1633	1731	1848	2160	2336
CSP32.g15359.t1	90	206	1514	1671	1788	2270	2385	2458	2584	2687	2754
CSP34.Sp34_10258300.t1	90	206	324
CSP38.g12988.t1	327	902	1083	1230	1371
CSP39.g14343.t1	90	206	324	1517	1665	1782	2264	2385	2452	2578	2681	2748	2892	3381
CSP40.g11819.t1	90	324
CTROP.Csp11.Scaffold629.g14845.t1	87	318
CVIRI.g3762.t1	209	327	1083	1493	1573	1671	2100	2276
DCORO.DCO_009751	72	173	288	453	594	747	863	966	1063	1191	1335
