CAFRA.g16060.t1	33	109	241	366	484	708	792	929	1073	1200	1380	1473	1646	1710	1941	2098	2161	2372	2452	2643	2791
CANGA.Cang_2012_03_13_00206.g6983.t1	285	630	845	2220	2411
CBREN.CBN20687	60	136	271	396	514	741	825	962	1106	1233	1413	1506	1679	1743	1974	2125	2188	2399	2479	2670
CBRIG.CBG14312	36	112	244	369	487	717	801	938	1082	1209	1479	1764	1995	2516	2596	2784	2932	3089
CCAST.g12740.t1	159	504	719	2149	2340
CDOUG.g10321.t1	27	103	235	360	478	705	789	926	1070	1197	1377	1470	1643	1707	1938	2086	2149	2360	2440	2631	2782
CELEG.T19D2.1	39	115	247	372	490	717	801	938	1082	1209	1389	1482	1655	1719	1950	2101	2164	2369	2449	2634	2779
CJAPO.CJA09518a	52	184	309	427	651	735	872	1143	1323	1416	1589	1653	1884	2038	2101	2312	2442
CKAMA.g3077.t1	33	109	241	366	484	708	792	929	1073	1200	1380	1473	1646	1710	1941	2092	2155	2366	2446	2637	2788
CLATE.FL83_00754-RA	33	109	244	369	487	714	798	935	1206	1383	1476	1649	1713	1944	2095	2158	2369	2449	2640	2785	2942
CMONO.g3843.t1	39	115	244	378	496	593	720	804	941	1085	1212	1290	1392	1429	1589	1653	1778	1878	2017	2080	2176	2251	2288	2371	2547	2686
CNOUR.g7368.t1	70	195	313	537	621	758	1029	1209	1302	1475	1770	1927	1990	2201	2281	2472	2617
CPLIC.g3246.t1	112	209	336	420	557	701	1008	1338	1702	1861	1930	1970	2050	2191	2394	2518
CREMA.FL82_00927-RA	33	109	244	369	487	714	798	935	1206	1386	1479	1652	1716	1947	2098	2161	2372	2452	2547	2594	2739
CSINI.Csp5_scaffold_00336.g9643.t1	33	109	241	366	484	711	795	932	1076	1203	1383	1476	1649	1713	1944	2095	2158	2363	2443	2634	2782
CSP21.g10108.t1	27	103	232	360	478	575	702	786	923	1067	1194	1368	1461	1634	1698	1829	1929	2059	2122	2218	2315	2398	2598	2716
CSP26.g16595.t1	33	109	241	366	484	711	795	932	1076	1203	1383	1476	1649	1713	1944	2095	2158	2369	2449	2640	2788
CSP28.g10387.t1	117	235	459	543	680	951	1131	1224	1397	1692	1852	1915	2126	2206	2317	2474
CSP29.g14674.t1	33	109	241	366	484	708	792	929	1200	1380	1473	1646	1941	2101	2164	2375	2455	2646	2728	2930
CSP31.g15978.t1	48	121	250	369	487	714	798	935	1206	1479	1652	1716	2107	2381	2464	2655
CSP32.g354.t1	33	109	241	366	484	708	792	929	1073	1200	1380	1473	1646	1710	1941	2098	2161	2372	2452	2643	2788
CSP34.Sp34_X0263600.t1	109	234	352	576	660	797	941	1068	1248	1341	1514	1578	1809	1957	2020	2231	2311	2502	2647
CSP38.g8362.t1	366	711	926	2347	2535
CSP39.g26585.t1	33	109	244	369	487	711	795	932	1203	1383	1476	1649	1944	2104	2167	2378	2458	2649	2794
CSP40.g20943.t1	33	109	241	366	484	711	795	932	1076	1203	1383	1476	1649	1713	1944	2095	2158	2369	2449	2640	2788
CTROP.Csp11.Scaffold630.g18246.t3	33	109	241	366	484	717	801	938	1082	1209	1386	1479	1652	1716	1947
CVIRI.g5616.t1	36	112	241	366	484	708	792	929	1473	2101	2164	2378	2655	2797
DCORO.DCO_003561	31	120	211	346	483	613	909	1046	1320	1461	1500	1593	1769	1967	2010	2350	2629	3073
