CAFRA.g1830.t1	201	620	1189	1435	1548
CANGA.Cang_2012_03_13_00004.g345.t2	30	631	769	1003	1124
CBREN.CBN23123	204	632	1261	1501	1911
CBRIG.CBG20923	623	1240	1342	1593
CCAST.g6065.t1	634	739	877	1107
CDOUG.g9669.t1	201	629	1267	1372	1510	1623
CELEG.Y57A10A.20	204	632	952	1252	1354	1605
CJAPO.CJA14563	204	313	623	759	909	1198	1300	1438
CKAMA.g11602.t1	207	635	934	1270	1372	1510	1623	1908	2116	2465	2654	2774	2957	3092	3299	3409	3512	3842	3886	4017	4438
CLATE.FL83_09839-RA	629	1249	1351	1489
CMONO.g12439.t2	90	237	378	446	585	679	770	1823	2073	2162	2229	2366	2454	2554	2654	2802	2888	2937	3059	3202	3310	3442	3565	3706	3834	3957
CNOUR.g15256.t1	201	620	1300	1438	1551
CPLIC.g5154.t1	90	446	716	1079	1190	1284	1481	1709	1758	1883	2551	2787	2952	3046	3160
CREMA.FL82_14539-RA	583	1171	1243	1342	1455
CSINI.Csp5_scaffold_00821.g15795.t1	201	620	1237	1339	1590
CSP21.g2945.t1	104	186	283	380	522	608	657	709	782	919	1027	1180	1255	1390	1497	1620
CSP26.g4177.t1	204	623	1240	1342
CSP28.g15302.t1	201	620	1198	1306	1851	2059	2106
CSP29.g12756.t1	201	620	1297	1435	1548	1842	2050
CSP31.g23477.t1	198	620	669	794	928	1297	1435
CSP32.g552.t1	201	620	1189	1435	1548
CSP34.Sp34_20054500.t1	201	629	1237	1339	1477	1590
CSP38.g11442.t1	110	198	298	540	626	675	934	1210	1315	1453	1692
CSP39.g4208.t2	153	572	780	1222	1330	1468	1581
CSP40.g5740.t1	201	620	1234	1336	1587
CTROP.Csp11.Scaffold602.g5488.t1	201	629	1255	1357	1495	1608	1931
CVIRI.g1864.t1	110	198	623	919	1027	1183	1288	1426	1662
DCORO.DCO_007395	101	280	381	510	596	705	767	913	1021	1141	1273	1356	1438	1536	1659
