CAFRA.g2057.t2	3	89	300	588	733	1316	1926
CANGA.Cang_2012_03_13_00010.g820.t2	31	216	453	558	704	1071	1458	1710	1863	2135	2883
CBREN.CBN00816	47	273	1289	1899
CBRIG.CBG05109	44	276	709	1292	1902
CCAST.g16400.t1	44	342	447	1005	1277	2025
CDOUG.g22880.t1	47	270	703	1286	1896
CELEG.Y65B4BL.5c	65	279	712	1295	1905
CJAPO.CJA15111	533	1143
CKAMA.g8320.t1	44	255	336	543	688	1271	1584	1881
CLATE.FL83_06339-RA	44	273	706	1289	1899
CMONO.g10033.t1	44	264	345	552	697	1008	1091	1287	1404	1575	1842
CNOUR.g2454.t2	121	612	826	893	1110	1191	1398	1543	2126	2439	2736
CPLIC.g9238.t1	44	258	444	546	691	1274	1470	1587	1884
CREMA.FL82_16178-RA	44	273	706	1289	1899
CSINI.Csp5_scaffold_01753.g22929.t1	44	300	733	1316	1926
CSP21.g15281.t1	47	142	261	552	697	852	1008	1280	1593	1764	2031
CSP26.g22124.t1	44	282	715	1298	1908
CSP28.g3925.t1	47	267	348	555	700	1283	1596	1893
CSP29.g17654.t1	44	261	342	549	694	1277	1590	1887
CSP31.g14489.t2	130	216	588	808	878	1089	1170	1377	1522	2105	2715	2853
CSP32.g6612.t1	3	86	297	585	730	1313	1923
CSP34.Sp34_10253400.t1	44	261	694	1277	1887
CSP38.g2309.t1	44	264	345	450	1008	1280	2031
CSP39.g18630.t2	124	609	817	884	1101	1182	1389	1534	2117	2430	2727
CSP40.g16660.t1	44	294	727	1310	1920
CTROP.Csp11.Scaffold629.g9926.t1	47	270	1286	1896
CVIRI.g5319.t1	44	255	336	999	1094	1271	2022
DCORO.DCO_005911	35	228	414	516	661	840	1070	1247	1338	1443	1571	1731	1794	1998
