CAFRA.g11594.t1	39	206	480	1007
CANGA.Cang_2012_03_13_00516.g11757.t2	81	147	192	477	630	1157
CBREN.CBN15888	158	279	432	959
CBRIG.CBG01722	158	279	432	959
CCAST.g12597.t1	39	324	477	1004
CDOUG.g8136.t1	39	206	327	480	1007
CELEG.F29B9.4c	39	206	327	480	1007
CJAPO.CJA15343	158	279	959
CKAMA.g4386.t1	39	206	327	480	1007
CLATE.FL83_16068-RA	39	206	327	480	1007
CMONO.g8870.t1	79	158	279	432	533	629	719	823	959	1139
CNOUR.g19936.t1	158	432	959
CPLIC.g1164.t1	45	133	212	333	486	683	1184
CREMA.FL82_03462-RA	39	206	327	480	1007
CSINI.Csp5_scaffold_00085.g3793.t2	272	393	546	1073
CSP21.g734.t1	79	158	279	432	533	629	823	959	1136
CSP26.g13746.t1	39	327	480	1007
CSP28.g12181.t1	81	147	293	452	531	698	819	972	1499
CSP29.g3093.t1	39	206	480	1007
CSP31.g21574.t1	39	127	206	327	480	1007	1184
CSP32.g14502.t1	39	206	480	1007
CSP34.Sp34_40126800.t1	39	206	327	480	1007
CSP38.g20349.t2	39	136	215	336	489	1016	1202
CSP39.g3095.t1	39	206	327	480	1007
CSP40.g9992.t1	39	327	480	1007
CTROP.Csp11.Scaffold589.g4981.t1	158	279	432
CVIRI.g767.t1	39	127	327	581	677	1184
DCORO.DCO_011217	84	239	360	513	614	670	822	907	1043	1223
