CAFRA.g12424.t1	213	363	736	865
CANGA.Cang_2012_03_13_00428.g10734.t1	274	403
CBREN.CBN03984	204	354	736
CBRIG.CBG21024	733	862
CCAST.g6206.t1	186	339	727	856
CDOUG.g9703.t1	207	357	739	868
CELEG.Y17G7B.4	213	363	745	874
CJAPO.CJA10038	391	520
CKAMA.g7912.t1	198	348	730	859
CLATE.FL83_09782-RA	210	742	871
CMONO.g3502.t1	81	204	351	485	632
CNOUR.g21514.t1	222	754	883
CPLIC.g9346.t1	210	354	552	638	736	865	1002
CREMA.FL82_14484-RA	81	556	685
CSINI.Csp5_scaffold_00624.g13690.t1	748	877
CSP21.g15520.t1	180	327	461	611	709	918
CSP26.g12010.t1	736	865	1023
CSP28.g16011.t1	138	309	770	1011	1161	1543	1672	1892	2021	2085
CSP29.g6557.t1	219	369	490	619
CSP31.g27111.t1	204	357	641	739
CSP32.g3113.t1	204	354	727	856
CSP34.Sp34_20061100.t1	204	354	646	775
CSP38.g9768.t1	186	339	721	850
CSP39.g4197.t1	216	366	748	877
CSP40.g5695.t1	730	859
CTROP.Csp11.Scaffold630.g19529.t1	204	354	736	865
CVIRI.g7983.t1	198	345	543	629	727	993
DCORO.DCO_013749	96	219	366	500	650	810	957	1014
