CAFRA.g19080.t1	115	174	282
CANGA.Cang_2012_03_13_00997.g15291.t1	115	174	282	390
CBREN.CBN17522	174	282
CBRIG.CBG11539	174	282
CCAST.g10210.t1	115	174	282
CDOUG.g9311.t1	174	282
CELEG.C50B8.1	174	282
CJAPO.CJA38932	115	174
CKAMA.g14687.t1	46	222	330
CLATE.FL83_03796-RA	174	282
CMONO.g18455.t1	115	174	282
CNOUR.g20891.t1	115	174	282
CPLIC.g842.t1	115	282
CREMA.FL82_10913-RA	174	282
CSINI.Csp5_scaffold_00119.g4833.t1	174	282
CSP21.g622.t1	115	174	282
CSP26.g537.t1	174	282
CSP28.g16312.t1	115	174	282
CSP29.g19619.t1	115	174	282
CSP31.g12079.t1	118	177	285
CSP32.g12960.t1	115	174	282
CSP34.Sp34_50162210.t1	174	282
CSP38.g7214.t1	115	174	282
CSP39.g28149.t1	115
CSP40.g7729.t1	174	282
CTROP.Csp11.Scaffold524.g2985.t1	174	282
CVIRI.g6597.t1	115	174	282
DCORO.DCO_023725	145	204	312
