CAFRA.g11851.t1	55	213	408	780	918	1053
CANGA.Cang_2012_03_13_00267.g8163.t1	148	306	498	1146	1234
CBREN.CBN05867	58	216	411	551	795	930	1168
CBRIG.CBG22761	58	216	411	551	789	924	1074	1162
CCAST.g13193.t1	139	297	489	1137	1225
CDOUG.g3581.t1	58	216	411	551	795	930	1080	1168
CELEG.F08F1.5	58	216	411	551	789	924	1074	1162
CJAPO.CJA11533b	64	222	417	551	786	921	1071	1162
CKAMA.g13147.t1	34	129	358	418	576	771	911	1149	1299	1387
CLATE.FL83_02015-RA	58	216	411	551	789	924	1074	1162
CMONO.g7501.t1	97	183	387	521	643	774	909	1053	1141	2602
CNOUR.g11408.t1	58	216	414	554	792	1077	1165
CPLIC.g8540.t1	82	240	432	563	804	939	1089	1168
CREMA.FL82_02180-RA	58	216	411	551	789	924	1074	1162
CSINI.Csp5_scaffold_00097.g4166.t1	58	216	411	551	789	924	1074	1162
CSP21.g3026.t1	64	222	429	560	670	936	1086
CSP26.g724.t1	58	216	411	551	789	924	1074	1162
CSP28.g10141.t1	58	216	356	594	729	879	967
CSP29.g7669.t1	58	216	414	554	792	1077	1165
CSP31.g19038.t1	58	216	411	545	780	915	1065	1153
CSP32.g12254.t1	55	213	408	548	780	918	1053
CSP34.Sp34_X0164400.t1	55	213	408	542	780	915	1065	1153
CSP38.g1656.t1	127	285	477	1125	1213
CSP39.g16259.t1	64	222	447	825	960	1198
CSP40.g2634.t1	58	216	411	789	924	1074	1162
CTROP.Csp11.Scaffold629.g11022.t1	58	216	411	551	789	924
CVIRI.g4931.t1	52	210	405	771	909	1059	1147
DCORO.DCO_011191	52	216	356	435	566	667	801	936	1089	1180
