CAFRA.g12574.t1	158	263	1100	1175
CANGA.Cang_2012_03_13_00345.g9513.t1	161	266	1418
CBREN.CBN19090	164	269	1202	1277
CBRIG.CBG14746	164	269	1118	1193
CCAST.g6457.t1	161	266	1400
CDOUG.g5572.t1	164	269	1121	1196
CELEG.C54H2.3	164	269	1142	1217
CJAPO.CJA05447	56	1019	1094
CKAMA.g3582.t1	164	269	1088	1163
CLATE.FL83_00467-RA	137	242	1034	1109
CMONO.g9546.t1	146	254	464
CNOUR.g13212.t1	164	269	1127	1202
CPLIC.g13842.t1	128	233	614	695
CREMA.FL82_01818-RA	137	242	1049	1124
CSINI.Csp5_scaffold_00027.g1554.t1	164	278	1178	1253
CSP21.g8762.t1	119	227	467
CSP26.g7762.t1	164	269	1139	1214
CSP28.g10536.t1	164	269	1133	1208
CSP29.g3938.t1	164	269	1121	1196
CSP31.g16017.t1	167	272	752	830
CSP32.g170.t1	158	263	1088	1163
CSP34.Sp34_X0234800.t1	164	269	1121	1196
CSP38.g10425.t1	56	1394	1460
CSP39.g7949.t1	164	269	1136	1211
CSP40.g17622.t1	164	269	1205	1280
CTROP.Csp11.Scaffold626.g6572.t2	35	959
CVIRI.g2604.t1	167	272	983	1055
DCORO.DCO_021403	134	275	431
