CAFRA.g13530.t1	108	255	354
CANGA.Cang_2012_03_13_00024.g1488.t1	108	255	357
CBREN.CBN06671	108	255	354
CBRIG.CBG14207	108	264	363
CCAST.g17235.t1	135	282	384
CDOUG.g6831.t1	108	255	354
CELEG.ZK813.4a	108	411
CJAPO.CJA42928	108	255	354
CKAMA.g19186.t1	66	213	312
CLATE.FL83_00834-RA	108	255	354
CMONO.g19472.t1	108	255	357
CNOUR.g4807.t1	108	255	354
CPLIC.g5258.t1	108	255	357
CREMA.FL82_00833-RA	108	255	354
CSINI.Csp5_scaffold_01673.g22440.t1	53	174	333	432
CSP21.g12910.t1	108	255	357
CSP26.g3875.t1	108	267	366
CSP28.g10445.t1	108	255	354
CSP29.g16254.t1	108	255	354
CSP31.g9002.t1	108	255	357
CSP32.g5065.t1	108	255	354
CSP34.Sp34_X0270200.t1	108	255	354
CSP38.g15616.t1	150	297	399
CSP39.g25459.t1	108	255	354
CSP40.g16265.t1	108	267	366
CTROP.Csp11.Scaffold630.g18170.t1	108	255	354
CVIRI.g10490.t1	108	255	357
DCORO.DCO_022517	108	255	357
