CAFRA.g7906.t1	128	291	363	629	752	1110	1293	1407	1668	1814	1937
CANGA.Cang_2012_03_13_00587.g12532.t1	51	120	635	837	1134
CBREN.CBN00528	297	369	797	1155	1338	1452	1713
CBRIG.CBG05214	134	297	369	803	1164	1347	1461	1722
CCAST.g6820.t1	207	294	363	890	1092	1389	1650
CDOUG.g7208.t1	291	363	797	1155	1338	1452	1713	1859
CELEG.R02F2.2	128	291	363	785	1143	1326	1440	1701	1847	2043	2162	2328	2516	2991	3319	3447
CJAPO.CJA01653	263	507	929	1290	1473	1587
CKAMA.g18369.t1	128	291	363	794	1152	1335	1449	1710	1856
CLATE.FL83_13548-RA	71	279	351	782	1140	1323	1437	1698	1844	2040	2159	2325	2513	2988	3316	3444
CMONO.g11162.t1	146	213	297	369	499	623	728	884	1083	1188	1266	1380	1454	1554	1626	1766	1849
CNOUR.g2575.t1	128	291	363	785	1143	1326	1440	1514	1701
CPLIC.g2318.t1	297	372	520	779	935	1061	1137	1320	1434	1608	1695	1844	1927
CREMA.FL82_16764-RA	125	288	360	791	1149	1332	1446	1707	1853	2049	2168	2334	2522	2997	3325	3453
CSINI.Csp5_scaffold_00580.g13110.t1	128	189	261	686	1044	1227	1341	1602
CSP21.g11012.t1	170	246	339	417	547	665	779	935	1058	1134	1317	1431	1497	1578	1665	1811	1891	2004	2123	2215	2289	2376	2477	2561	2654	2725	2821	2895	2967	3139	3295	3408
CSP26.g6138.t1	125	288	360	782	1140	1323	1437	1698	1844
CSP28.g4870.t1	128	291	360	614	737	1098	1281	1395	1469	1802
CSP29.g2498.t1	128	291	363	617	740	1098	1281	1395	1469	1656	1885
CSP31.g22374.t1	128	198	291	363	508	758	914	1116	1299	1413	1587	1674	1820
CSP32.g15935.t1	128	291	363	794	1152	1335	1449	1710	1856
CSP34.Sp34_30129710.t1	128	291	363	791	1149	1332	1446	1707	1853	2049	2168	2334	2522	2997	3325	3456
CSP38.g2671.t1	207	294	363	938	1443	1704	1803
CSP39.g12951.t1	128	291	363	611	734	1092	1275	1389	1463	1650	1796	1879	1992
CSP40.g19715.t1	128	291	363	788	1329	1443	1704	1850
CTROP.Csp11.Scaffold628.g7478.t2	291	363	794	1377	1491	1752
CVIRI.g6024.t1	131	201	294	375	620	917	1119	1416	1677	1823
DCORO.DCO_003229	161	321	384	511	644	773	917	1110	1215	1293	1407	1581	1668	1770	1906	2019	2138	2304	2391	2492	2648	2718	2812	2886	3041	3130	3286	3399
