CAFRA.g16935.t1	111	268	371	509	622
CANGA.Cang_2012_03_13_01229.g16033.t1	111	371	509	731
CBREN.CBN01042	111	268	371	509	622
CBRIG.CBG18997	111	268	371	509	622
CCAST.g14602.t1	108	368	506	728	812
CDOUG.g18257.t1	111	268	371	509	622	815
CELEG.W02F12.2	111	268	371	509	622
CJAPO.CJA13443	111	268	371	509	622
CKAMA.g6489.t1	111	268	371	509	622	744	868
CLATE.FL83_10827-RA	111	268	371	509	622
CMONO.g8138.t1	35	173
CNOUR.g1487.t1	111	268	509	622	815
CPLIC.g5674.t1	105	262	365	503	725
CREMA.FL82_18854-RA	111	268	371	509	622	815
CSINI.Csp5_scaffold_02563.g27026.t1	111	268	371	509	622	815
CSP21.g15544.t1	114	271	374	512	625	731	815
CSP26.g4799.t1	111	268	371	509	622	815
CSP28.g6470.t1	111	268	371	509	622	815
CSP29.g21020.t1	111	268	509	622	815
CSP31.g11222.t1	108	265	368	506	619	728	812
CSP32.g14654.t1	111	268	371	509	622	815
CSP34.Sp34_50219400.t1	26	144	301	404	542	655	848
CSP38.g12502.t1	111	268	371	509	731	815
CSP39.g21019.t1	111	268	371	509	622	815
CSP40.g21570.t1	111	268	371	509	622	815
CTROP.Csp11.Scaffold601.g5435.t2	111	268	371	508	607
CVIRI.g10287.t1	108	265	368	506	728	812
DCORO.DCO_017751	111	180	268	371	622	731
