CAFRA.g13335.t1	45	131	395	1301	1422
CANGA.Cang_2012_03_13_00243.g7756.t1	57	194
CBREN.CBN30282	179	447	847	1358	1479
CBRIG.CBG01700	45	131	395	790	1301	1422
CCAST.g2023.t1	45	1158	1295
CDOUG.g8155.t1	45	131	395	790	1301	1422
CELEG.ZK180.3a	42	128	392	787	1298	1419
CJAPO.CJA09395	131	395	1301	1422
CKAMA.g4400.t1	45	131	395	790	1301	1422
CLATE.FL83_19297-RA	45	131	381	634	1145	1266
CMONO.g18680.t1	45	131	239	395	522	647	778	915	1060	1158	1295	1416
CNOUR.g19957.t1	45	131	395	1301	1422
CPLIC.g8433.t1	45	131	395	522	644	1286	1407
CREMA.FL82_03444-RA	45	131	381	634	1145	1266
CSINI.Csp5_scaffold_00099.g4247.t1	45	131	395	790	1301	1422
CSP21.g10382.t1	45	131	239	395	522	635	766	897	1042	1277	1398
CSP26.g21234.t1	131	395	790	1301	1422
CSP28.g12195.t1	21	107	371	766	1277	1398
CSP29.g3111.t1	53	317	1223	1344
CSP31.g25999.t1	45	131	239	392	519	772	903	1146	1283	1384
CSP32.g14522.t1	45	131	395	1301	1422
CSP34.Sp34_40124200.t1	45	131	395	790	1301	1422
CSP38.g17900.t1	45	395	644	1158	1295	1416
CSP39.g2266.t2	45	131	269	425	504	673	987	1229	1350	1407
CSP40.g12797.t1	53	317	712	1223	1344
CTROP.Csp11.Scaffold589.g4959.t1	45	131	395	790	1301	1422
CVIRI.g4550.t1	45	239	395	641	772	888	1131	1268	1389
DCORO.DCO_010771	62	218	351	470	601	732	877	975	1112	1236
