CAFRA.g10918.t1	85	570	810	1080
CANGA.Cang_2012_03_13_00239.g7663.t2	192	339	432	717
CBREN.CBN06349	85	570	717	810	1080
CBRIG.CBG00182	85	570	717	810	1080
CCAST.g1113.t1	8	100	585	732	825	1077
CDOUG.g10192.t1	85	570	717	810	1080
CELEG.B0563.6a	23	112	597	747	840	1110
CJAPO.CJA12876	85	570	810	1056
CKAMA.g5317.t1	85	570	717	810	1080
CLATE.FL83_03460-RA	85	570	717	810	1080
CMONO.g3888.t1	567	714	807	1059
CNOUR.g22089.t2	23	112	597	744	837	1107
CPLIC.g8378.t1	82	567	714	807	1062
CREMA.FL82_01948-RA	85	570	717	810	1080
CSINI.Csp5_scaffold_00527.g12472.t1	82	567	714	807	1077
CSP21.g11687.t1	82	567	714	807	1059	1153
CSP26.g20955.t1	82	476	534	627	897
CSP28.g5408.t1	85	570	717	810	1056
CSP29.g6420.t1	23	112	597	744	837	1107	1295	1389	1487	1543
CSP31.g21386.t1	85	570	717	810	1056
CSP32.g17310.t1	85	570	810	1056
CSP34.Sp34_X0184700.t1	85	570	717	810	1056	1196
CSP38.g111.t1	88	573	720	813	1089
CSP39.g22451.t2	82	567	714	1077
CSP40.g18020.t2	85	570	717	810	1080
CTROP.Csp11.Scaffold630.g18738.t1	23	112	597	744	837	1107
CVIRI.g7126.t2	260	352	837	1077	1347
DCORO.DCO_012291	246	585	735	828	1098
