CAFRA.g3172.t1	68	179
CANGA.Cang_2012_03_13_00187.g6560.t1	110
CBREN.CBN10551	68	306
CBRIG.CBG22717	237
CCAST.g18067.t1	68	179
CDOUG.g4277.t1	68	306
CELEG.M60.4a	68	179	306
CJAPO.CJA16888	110	237
CKAMA.g13174.t1	110	237
CLATE.FL83_01972-RA	68	179	306
CMONO.g17459.t1	18	116	227	354	465
CNOUR.g4505.t1	68	179	306
CPLIC.g9971.t1	110	348
CREMA.FL82_02054-RA	68	179	306
CSINI.Csp5_scaffold_00093.g4056.t2	65	176	303
CSP21.g10917.t1	62	173	300
CSP26.g15150.t1	65	303
CSP28.g6754.t1	68	179	306
CSP29.g847.t1	68	179	306
CSP31.g11986.t1	65	176	303	414
CSP32.g3923.t1	68	179
CSP34.Sp34_X0159600.t1	68	179	306
CSP38.g9024.t1	65	176
CSP39.g9088.t1	68	179	306
CSP40.g2672.t1	65	303
CTROP.Csp11.Scaffold629.g10174.t1	237
CVIRI.g4968.t1	68	179	306
DCORO.DCO_023149	110	201	299
