CAFRA.g9184.t1	75	252	508
CANGA.Cang_2012_03_13_00506.g11660.t1	98	360	556
CBREN.CBN01070	75	252	508
CBRIG.CBG10044	75	252	508
CCAST.g9899.t1	98	360	616
CDOUG.g13384.t1	90	267	523
CELEG.C48B4.3.1	75	252	508
CJAPO.CJA10628	252	508
CKAMA.g4239.t1	75	252	508
CLATE.FL83_07372-RA	75	252	508
CMONO.g10989.t1	12	95	177	354	510	601
CNOUR.g14180.t1	75	252	508
CPLIC.g1308.t1	15	104	186	363	522	619
CREMA.FL82_15068-RA	75	252	508
CSINI.Csp5_scaffold_00091.g4005.t1	75	252	508
CSP21.g10631.t1	12	92	174	333	483	610
CSP26.g13030.t1	75	252	508
CSP28.g16258.t1	75	252	508
CSP29.g1925.t1	75	252	508
CSP31.g12816.t1	177	342	436
CSP32.g10780.t1	75	252	508
CSP34.Sp34_30195700.t1	93	270	417	481
CSP38.g1712.t1	104	366	516	601
CSP39.g5422.t1	75	252	407	490
CSP40.g3401.t1	75	252	508
CTROP.Csp11.Scaffold630.g18358.t1	75	252	508
CVIRI.g18230.t1	3	71	153	330	489	583
DCORO.DCO_018721	33	198	357	516	616
