CAFRA.g12082.t1	243	359	696	814	1052
CANGA.Cang_2012_03_13_00274.g8298.t1	483	775	1013
CBREN.CBN29189	243	359	519	817	1055
CBRIG.CBG04624	237	353	513	811	1049
CCAST.g310.t1	495	784	1022
CDOUG.g5501.t1	243	359	519	696	817	1055
CELEG.C15H11.2a	240	356	516	693	814	1052
CJAPO.CJA40847c	332	492	669	790
CKAMA.g224.t1	231	347	507	684	808	1046
CLATE.FL83_22363-RA	222	338	498	675	739	977
CMONO.g678.t1	297	413	573	750	862	1100
CNOUR.g17984.t1	228	344	681	1040
CPLIC.g14105.t2	138	254	414	591	760	890	998
CREMA.FL82_15981-RA	222	338	498	675	796	980
CSINI.Csp5_scaffold_00004.g239.t1	243	359	519	696	817	1055
CSP21.g10321.t1	252	368	528	826	956	1064
CSP26.g5414.t1	228	344	504	681	802	1040
CSP28.g3989.t1	311	648	1007
CSP29.g5678.t1	228	344	681	1040
CSP31.g10631.t1	222	338	675	805	1043
CSP32.g14040.t1	222	338	675	778	1016
CSP34.Sp34_50360900.t1	240	356	516	693	814	1052
CSP38.g10554.t1	228	344	504	808	938	1046
CSP39.g2020.t1	264	642	1004
CSP40.g4597.t1	243	359	519	696	817	1055
CTROP.Csp11.Scaffold630.g19890.t1	228	344	504	681	802	1040
CVIRI.g2267.t1	225	341	501	681	1043
DCORO.DCO_013533	90	228	344	504	687	832	953	1061
