CAFRA.g8744.t1	105	411	549	653	813	960	1088	1275	2115	2631
CANGA.Cang_2012_03_13_00116.g4793.t1	156	405	543	951	1079	1266	1674	1957	2607
CBREN.CBN02487	279	405	543	951	1079	1266	1458	2106	2206	2416	2628
CBRIG.CBG14653	93	273	399	537	641	942	1070	1257	1449	2197	2407	2622
CCAST.g11840.t1	156	405	543	951	1079	1266	1674	1957	2319	2607
CDOUG.g490.t1	102	282	408	546	650	954	1082	1269	1461	2109	2209	2419	2625
CELEG.F32A6.3c	282	408	546	650	954	1082	1269	1461	2109	2209	2419	2631
CJAPO.CJA39328	111	291	417	659	819	1281	2121	2221	2431	2637
CKAMA.g3243.t1	294	420	662	966	1094	1281	2121	2221	2431	2637
CLATE.FL83_00532-RA	56	171	297	383	468	580	734	905	1009	1149	1455	1593	1697	2001	2132	2319	2511	3159	3259	3469	3681
CMONO.g12505.t1	60	117	240	366	504	608	759	903	1031	1131	1218	1314	1367	1411	1515	1632	1798	1938	2038	2160	2357	2445
CNOUR.g771.t1	96	402	1076	1263	1455	2103	2413	2619
CPLIC.g10430.t1	87	144	267	393	537	641	801	948	1076	1173	1215	1626	1743	1909	2049	2149	2271	2468
CREMA.FL82_01181-RA	56	171	297	383	468	580	734	905	1009	1149	1455	1593	1697	2001	2132	2319	2511	3159	3259	3469	3681
CSINI.Csp5_scaffold_00012.g805.t1	279	405	543	647	948	1076	1263	1455	2103	2203	2413	2628
CSP21.g15456.t1	75	168	225	348	474	612	716	876	1020	1148	1248	1335	1446	1527	1657	1752	1869	2035	2175	2275	2397	2472	2594	2679
CSP26.g17798.t1	276	402	540	644	954	1082	1269	1461	2109	2209	2419	2634
CSP28.g10484.t1	56	171	297	468	580	734	905	1100	1212	1392	1518	1656	1920	2192	2379	3219	3319	3529	3735
CSP29.g3881.t1	99	405	1079	1266	1458	2359	2565
CSP31.g9045.t1	53	162	288	374	459	564	676	830	1001	1089	1242	1371	1497	1635	1739	1899	2043	2171	2271	2358	3058	3298	3508	3714
CSP32.g15858.t1	111	417	555	659	819	966	1094	1281	2121	2637
CSP34.Sp34_X0241400.t1	276	402	540	644	951	1079	1278	1470	2112	2212	2419	2631
CSP38.g10899.t1	132	381	519	783	927	1055	1242	1564	1650	1933	2295	2583
CSP39.g21622.t1	111	291	417	555	819	1091	1278	1470	2118	2218	2428	2634
CSP40.g17681.t1	270	396	534	638	939	1067	1254	1446	2094	2194	2404	2619
CTROP.Csp11.Scaffold527.g3101.t1	102	282	408	546	650	954	1082	1269	1461	2109	2209	2419	2622
CVIRI.g15786.t1	44	351	479	666	858	988	1095	1212	1378	1618	1828	2034
DCORO.DCO_004265	59	231	354	480	606	731	900	1071	1181	1281	1368	1479	1617	1690	1782	1899	2065	2205	2305	2427	2624	2709
