CAFRA.g16164.t1	93	273	330	537	693	806	903	1125	1181	1276	1413
CANGA.Cang_2012_03_13_00174.g6219.t1	102	276	389	764	1008
CBREN.CBN01681	93	270	327	534	690	803	900	963	1122	1178	1273	1404
CBRIG.CBG16329	93	279	336	543	732	845	942	1005	1164	1220	1315	1446
CCAST.g19298.t2	102	273	330	537	693	806	1181	1422
CDOUG.g9950.t1	93	270	327	534	690	803	900	963	1122	1178	1273	1404
CELEG.T21F2.1a	93	270	327	534	690	803	900	963	1122	1178	1273	1404
CJAPO.CJA05997a	87	200	360	519	575	670	801
CKAMA.g9156.t1	189	375	563	600	783	960	1020	1227	1383	1496	1593	1656	1815	1871	1966	2097
CLATE.FL83_02340-RA	82	300	480	537	744	900	1013	1110	1173	1332	1388	1483	1614
CMONO.g4657.t1	93	279	336	543	699	812	909	972	1074	1131	1187	1249	1392
CNOUR.g19440.t1	93	273	330	537	693	806	1125	1181	1276	1407
CPLIC.g8010.t1	93	273	330	537	693	806	903	1068	1125	1181	1276	1404
CREMA.FL82_15489-RA	345	525	582	846	1002	1115	1212	1275	1434	1490	1585	1716
CSINI.Csp5_scaffold_00682.g14369.t1	93	270	327	534	747	860	957	1179	1235	1330	1371	1413
CSP21.g3477.t1	93	291	348	411	555	711	824	921	984	1143	1223	1312	1455	1541
CSP26.g9761.t1	93	270	327	534	690	803	900	963	1122	1178	1273	1404
CSP28.g1056.t1	93	273	330	537	693	806	903	1125	1181	1276	1407
CSP29.g1665.t1	49	106	694	798	1005	1185	1242	1449	1605	1718	2037	2093	2188	2319
CSP31.g24589.t1	93	270	327	534	690	803	900	1065	1122	1178	1273	1437
CSP32.g17047.t2	93	273	330	537	693	806	903	1125	1181	1276	1413
CSP34.Sp34_X0045200.t1	93	270	327	534	690	803	900	963	1122	1178	1270	1401
CSP38.g19617.t1	93	273	333	540	696	809	1184	1428
CSP39.g26813.t1	93	273	330	537	693	806	1125	1181	1276	1407
CSP40.g10918.t1	93	270	327	534	690	803	900	1122	1178	1273	1404
CTROP.Csp11.Scaffold629.g13286.t2	93	150	357	470	630	789	845	940	1071
CVIRI.g660.t1	93	279	339	546	702	815	912	975	1077	1134	1190	1285	1416
DCORO.DCO_008227	96	330	390	567	753	866	963	1087	1185	1399	1581	1634
