CAFRA.g8168.t1	205	293	373	439	543	690	825	1081	1236
CANGA.Cang_2012_03_13_00714.g13634.t1	232	320	400	466	717	1108	1263
CBREN.CBN19235	181	269	349	415	519	657	792	921	1048	1203
CBRIG.CBG01866	196	284	364	430	534	672	807	936	1063	1218
CCAST.g5558.t1	217	305	385	451	702	1093	1248
CDOUG.g16761.t1	34	119	316	404	484	550	654	801	936	1065	1192	1347
CELEG.R09G11.2a.1	190	278	358	424	543	690	825	954	1081	1236
CJAPO.CJA13458a	80	487	575	655	721	825	972	1107	1236	1363	1518
CKAMA.g13261.t1	196	284	364	430	534	672	807	936	1063	1218	1303	1410	1599	1769	1944
CLATE.FL83_01493-RA	193	281	361	427	531	678	813	942	1069	1224
CMONO.g13319.t1	178	266	346	412	519	657	792	921	1048	1203
CNOUR.g17375.t1	253	299	368	568	656	736	802	906	1053	1188	1317	1444	1599
CPLIC.g631.t1	163	251	331	397	501	639	903	1030	1185
CREMA.FL82_21070-RA	193	281	363	501	636	765	892	1047	1196	1371
CSINI.Csp5_scaffold_00488.g12019.t2	154	242	322	426	564	699	828	955	1110
CSP21.g2117.t3	175	263	343	409	513	684	819	948	1075	1230
CSP26.g926.t2	214	302	382	448	567	714	849	978	1105	1260
CSP28.g8247.t1	211	299	379	445	549	684	813	940	1095	1180	1287	1476	1646	1821
CSP29.g15460.t1	217	305	385	489	627	762	891	1018	1173	1258	1365	1554	1724	1899
CSP31.g8667.t1	208	296	376	442	546	684	819	948	1075	1230
CSP32.g13801.t2	202	290	370	436	540	687	822	1078	1233
CSP34.Sp34_X0030600.t1	3	20	211	299	379	445	549	687	822	951	1078	1233
CSP38.g11661.t2	57	272	360	440	506	757	1148	1303
CSP39.g7500.t1	223	311	391	457	561	708	843	972	1099	1254
CSP40.g20087.t2	202	290	370	436	555	702	837	966	1248	1333	1440	1629	1799	1974
CTROP.Csp11.Scaffold629.g13584.t2	214	302	382	448	552	699	834	963	1090	1245
CVIRI.g13132.t1	202	290	370	436	540	678	813	942	1069	1224
DCORO.DCO_010243	72	196	289	377	457	550	654	792	927	1056	1183	1338
