CAFRA.g2573.t1	108	288	379	554	780
CANGA.Cang_2012_03_13_00596.g12611.t1	93	273	542	711
CBREN.CBN29496	135	315	409	587	804
CBRIG.CBG04065	120	300	394	572	792
CCAST.g1871.t1	93	273	536	705
CDOUG.g16980.t1	132	312	406	584	801
CELEG.C32F10.4	129	309	403	578	810
CJAPO.CJA08932	90	270	542	735
CKAMA.g2730.t1	114	294	388	560	783
CLATE.FL83_14291-RA	117	297	391	569	789
CMONO.g7844.t1	45	225	328	376	491	711	836
CNOUR.g2098.t1	99	279	373	545	768
CPLIC.g2247.t1	93	273	530	678
CREMA.FL82_07908-RA	117	297	391	569	789
CSINI.Csp5_scaffold_00851.g16094.t1	132	312	406	584	801
CSP21.g6141.t1	45	225	328
CSP26.g2009.t1	147	327	421	599	810
CSP28.g2584.t1	114	294	388	563	786
CSP29.g17821.t1	99	279	373	545	768
CSP31.g4007.t1	96	276	424	542	759
CSP32.g15533.t1	102	282	376	554	780
CSP34.Sp34_10296100.t1	96	276	370	548	765
CSP38.g437.t1	93	273	530	693
CSP39.g17278.t1	117	297	391	563	780
CSP40.g19847.t1	132	312	406	584	801
CTROP.Csp11.Scaffold630.g17054.t1	132	312	406	584	801
CVIRI.g10282.t1	87	267	361	421	539
DCORO.DCO_017431	45	228	376	491
