CAFRA.g7758.t1	134	264	336	633
CANGA.Cang_2012_03_13_01623.g16592.t1	134	264	633
CBREN.CBN15867	134	264	336	633
CBRIG.CBG15250	134	264
CCAST.g3769.t1	134	264	633
CDOUG.g10207.t1	134	264
CELEG.W06E11.4	134	264	336
CJAPO.CJA29324a	107	237	438	610	910
CKAMA.g2229.t1	134	264	336	633
CLATE.FL83_19056-RA	173	299	429	798
CMONO.g20175.t1	134	263	345	461	591	663	792	960	1005	1117	1401	1473
CNOUR.g1440.t1	134	336	633
CPLIC.g4101.t1	134	264	336	633
CREMA.FL82_11656-RA	134	264	633
CSINI.Csp5_scaffold_01014.g17589.t1	134	264
CSP21.g6616.t1	62	192	264	393	561
CSP26.g11186.t1	134	264	633
CSP28.g14959.t1	11	213	510
CSP29.g524.t1	134	336	633
CSP31.g20866.t1	134	264	633
CSP32.g6767.t1	134	264	336	633
CSP34.Sp34_30328500.t1	134	264	336
CSP38.g8926.t1	134	264	633
CSP39.g10700.t1	134	336	633
CSP40.g6878.t1	134	264	633
CTROP.Csp11.Scaffold630.g16647.t1	134	264
CVIRI.g9662.t1	134	264	633
DCORO.DCO_018399	134	264	336	465	633
