CAFRA.g13113.t1	123	258	384	644	733
CANGA.Cang_2012_03_13_07421.g20896.t1	86	344
CBREN.CBN14407	123	258	381	629	718
CBRIG.CBG12350	123	258	378	626	715
CCAST.g3346.t1	123	381	718
CDOUG.g24255.t1	123	258	381	629	718
CELEG.C36B1.3	123	258	384	632	721
CJAPO.CJA10381	123	258	384	641	730
CKAMA.g10051.t1	123	258	393	641	730	854	1004	1056
CLATE.FL83_05059-RA	30	165	288	536	625
CMONO.g15479.t1	123	258	381	510	709
CNOUR.g1991.t1	123	258	384	638	727
CPLIC.g7791.t1	258	626	712
CREMA.FL82_15626-RA	123	258	381	629	718
CSINI.Csp5_scaffold_00281.g8631.t1	123	258	381	632	721
CSP21.g14491.t1	123	258	387	519	727
CSP26.g10162.t1	123	258	381	629	718
CSP28.g6881.t1	123	384	638	727
CSP29.g18467.t1	123	258	384	638	727	851	982	1061
CSP31.g7747.t1	123	258	378	626	712	747	899	951
CSP32.g989.t1	123	258	384	644	733
CSP34.Sp34_10247100.t1	123	258	384	632	721
CSP38.g8728.t1	123	378	629	715
CSP39.g22114.t1	123	258	384	638	727
CSP40.g24261.t1	123	258	381	629	718
CTROP.Csp11.Scaffold630.g20522.t1	123	258	381	629	718
CVIRI.g4367.t1	123	258	712
DCORO.DCO_017505	123	258	381	709
