CAFRA.g13402.t1	245	316	587	873	1425	1674	1829	4452	4542	4655	4803
CANGA.Cang_2012_03_13_00001.g30.t2	257	328	599	1156	1383	1672	2576	2837	4266	4695	4956	5217
CBREN.CBN10982	248	319	590	876	1004	1437	1686	1841	2162	2861	3762	4114	4371	4470	4560	4673	4821
CBRIG.CBG06966	251	322	595	894	1904	3870	4222	4479	4578	4668	4998
CCAST.g4706.t1	90	174	348	419	734	805	1076	1881	2285	3305	4569	4998	5259
CDOUG.g10093.t1	254	325	596	1010	1341	1590	2066	2765	3660	4012	4269	4368	4458	4719
CELEG.F48A11.1c	87	276	347	418	689	975	1103	1527	1776	1931	2252	2951	4207	4464	4563	4653	4766	4914
CJAPO.CJA03504	306	3423
CKAMA.g4992.t1	230	301	572	858	986	1407	1656	1811	2132	2831	4084	4341	4440	4530	4643	4791
CLATE.FL83_05860-RA	216	443	746	1035	1512
CMONO.g13662.t1	242	313	481	645	727	798	870	998	1103	1240	1299	1383	1632	1787	1881	2006	2160	2294	2448	2667	2810	2906	3071	3255	3516	3612	3690	3959	4095	4242	4326	4512	4625	4773	4880
CNOUR.g10295.t1	209	280	551	837	965	1383	2807	4389	4479	4740
CPLIC.g8596.t1	89	160	328	1248	3257	3516	3909	4272	4638	4736
CREMA.FL82_05103-RA	260	331	602	888	1016	1247	1550	1839	2405	2616	3207	3539
CSINI.Csp5_scaffold_00305.g9077.t1	245	316	587	873	1431	1835	3199	3705	4057	4314	4413	4503	4616	4764
CSP21.g1331.t1	66	174	257	328	496	660	813	885	1013	1118	1255	1410	1530	1814	1908	2030	2184	2318	2538	2691	2768	2864	3029	3213	3347	3543	3621	3872	4155	4239	4338	4646	4784
CSP26.g17294.t1	197	268	539	825	1383	1787	3711	4063	4320	4419	4509	4622	4770
CSP28.g13115.t1	206	277	548	834	962	1383	2807	4395	4485	4746
CSP29.g7792.t1	87	246	317	434	505	776	1062	1190	1608	3032	4614	4704	4965
CSP31.g25655.t1	227	298	569	712	855	1380	1784	2000	2804	3663	4311	4410	4613	4758
CSP32.g863.t1	248	319	590	876	1428	1677	1832	4455	4545	4658	4806
CSP34.Sp34_20003200.t1	84	291	447	518	589	860	1146	1274	1698	1947	2102	2423	4398	4581	4770	4883	5031
CSP38.g7344.t1	242	313	584	727	1395	1799	2819	4083	4512	4773
CSP39.g2704.t1	239	310	581	867	995	1410
CSP40.g22524.t1	197	268	539	825	1383	1787	4063	4419	4509	4622	4770
CTROP.Csp11.Scaffold605.g5595.t1	209	280	551	837	965	1395	1644	1799	2120	2819	3720	4072	4329	4428	4518	4631	4779
CVIRI.g15642.t1	242	313	481	584	727	1404	1653	2024	2828	3534	3696	4104	4533	4646
DCORO.DCO_002527	257	328	496	660	742	885	1013	1143	1323	1416	1536	1665	1820	2039	2193	2327	2481	2692	2788	2930	3104	3288	3506	3663	3815	3995	4131	4298	4362	4548	4661	4815
