CAFRA.g15896.t1	309	575
CANGA.Cang_2012_03_13_00073.g3448.t1	191	270	407	606	786	971
CBREN.CBN04240	309	575
CBRIG.CBG12088	312	578
CCAST.g10745.t1	192	372	557
CDOUG.g4082.t1	309	575
CELEG.R12E2.11	315	581
CJAPO.CJA12395	312	578
CKAMA.g16487.t1	
CLATE.FL83_08261-RA	309	575
CMONO.g10893.t1	102	195	294	379	468	548
CNOUR.g20551.t1	309	575
CPLIC.g4411.t1	78	171	270	351	456
CREMA.FL82_12784-RA	45	191	270	585	851
CSINI.Csp5_scaffold_00212.g7156.t1	312	578
CSP21.g3798.t1	63	156	255	336	441	521
CSP26.g14807.t1	312	578
CSP28.g1260.t1	309	575
CSP29.g16700.t1	309	575
CSP31.g8413.t1	120	213	312	393	578
CSP32.g4458.t1	309	575
CSP34.Sp34_10178100.t1	321	587
CSP38.g13398.t1	183	282	363	548
CSP39.g6692.t1	309	575
CSP40.g16394.t1	312	578
CTROP.Csp11.Scaffold627.g6671.t1	309	575
CVIRI.g14221.t1	210	309	390	495
DCORO.DCO_019597	96	189	288	474	554
