CAFRA.g3604.t1	16	93	179	633	993	1547
CANGA.Cang_2012_03_13_00470.g11216.t1	19	161	443	546	743
CBREN.CBN28567	3	89	534	813
CBRIG.CBG03223	114	200	639	924	1406
CCAST.g2306.t1	19	161	443	546	740
CDOUG.g9515.t3	16	93	179	621	885	1409
CELEG.C18E9.3a	196	273	359	807	1116	1730
CJAPO.CJA15734a	16	93	179	639	933	1331
CKAMA.g5907.t1	16	93	179	624	879	1322
CLATE.FL83_09286-RA	16	84	170	615	906	1457
CMONO.g4778.t1	25	99	188	290	404	501	660	744	854
CNOUR.g5970.t1	16	93	176	609	906	1556
CPLIC.g4679.t1	19	176	600	840	895	983	1174
CREMA.FL82_05535-RA	101	571	639	725	1170	1461	2009
CSINI.Csp5_scaffold_00048.g2505.t1	16	93	179	615	876	1421
CSP21.g7671.t1	19	78	161	233	297	401	555	717	854	955
CSP26.g12509.t1	16	179	615	900	1424
CSP28.g1989.t1	16	84	167	615	927	1526
CSP29.g8264.t1	9	92	525	819	1481
CSP31.g27313.t1	19	87	206	408	648	1062	1471	1565	1729
CSP32.g9370.t2	16	84	170	630	963	1520
CSP34.Sp34_20306300.t1	54	103	168	254	699	1032	1646
CSP38.g9370.t1	19	173	431	552	654	748	815	925
CSP39.g3334.t3	16	93	176	624	915	1484
CSP40.g1008.t2	16	93	179	615	906	1409
CTROP.Csp11.Scaffold630.g20714.t1	67	135	221	666	951	1295
CVIRI.g6375.t1	16	203	609	873	1045	1267
DCORO.DCO_013473	22	108	206	414	512	567	714	911	1066
