CAFRA.g2744.t1	92	262	384	509	669	930
CANGA.Cang_2012_03_13_00132.g5220.t1	95	298	417	551	711	972
CBREN.CBN22276	86	259	384	506	666	927
CBRIG.CBG24145	86	259	384	506	666	927
CCAST.g6884.t1	95	286	405	536	696	957
CDOUG.g6709.t1	86	265	390	512	672	933
CELEG.B0361.4	86	262	387	509	669	930
CJAPO.CJA15244	158	318	579
CKAMA.g7361.t1	225	353	513	774
CLATE.FL83_21905-RA	92	265	390	515	675	936
CMONO.g2955.t1	113	241	366	491	651	788	915
CNOUR.g12985.t1	86	253	378	506	666	927
CPLIC.g12532.t1	81	212	633
CREMA.FL82_16372-RA	107	280	405	524	684	894
CSINI.Csp5_scaffold_00625.g13699.t1	207	332	492	753
CSP21.g15719.t1	107
CSP26.g18513.t1	86	259	387	512	672	933
CSP28.g4811.t1	86	253	378	506	666	927
CSP29.g2638.t1	86	253	378	506	666	927
CSP31.g25777.t1	104	274	402	554	714	848	975
CSP32.g1211.t1	211	333	461	621	882
CSP34.Sp34_30033200.t1	190	315	434	594	855
CSP38.g18373.t1	92	387	515	675
CSP39.g15049.t1	128	288	549
CSP40.g1467.t1	89	265	393	524	684	945
CTROP.Csp11.Scaffold629.g10330.t1	29	152	312	573
CVIRI.g16341.t1	125	271	431	565
DCORO.DCO_015965	95	223	351	473	633	770	900
