CAFRA.g14340.t1	157	720
CANGA.Cang_2012_03_13_00292.g8630.t1	157	324	720
CBREN.CBN04894	157	720
CBRIG.CBG02223	157	720
CCAST.g4571.t1	157	324	720
CDOUG.g27616.t1	164	441	669	862	1425
CELEG.F59C6.5	157	720
CJAPO.CJA14218	157	720
CKAMA.g7510.t1	157	720
CLATE.FL83_05213-RA	157	720
CMONO.g15279.t1	66	157	258	324	390	720
CNOUR.g16139.t1	157	720
CPLIC.g12955.t1	157	258	324	390	561
CREMA.FL82_15780-RA	157	720
CSINI.Csp5_scaffold_04216.g32376.t1	157	720
CSP21.g2247.t1	68	167	264	579	645	802	903	1035	1134	1206	1365
CSP26.g14124.t1	157	720
CSP28.g11976.t1	157
CSP29.g13704.t1	157	720
CSP31.g6780.t1	157	258	324	390	561
CSP32.g4541.t1	157	720
CSP34.Sp34_10215200.t1	157	720
CSP38.g18570.t1	157	324	390	720
CSP39.g25608.t1	157
CSP40.g15173.t1	157	720
CTROP.Csp11.Scaffold547.g3515.t1	157	720
CVIRI.g1798.t1	160	261	327
DCORO.DCO_018195	157	258	324	486	561	621	720
