CAFRA.g7954.t1	49	187	326
CANGA.Cang_2012_03_13_00280.g8411.t1	193
CBREN.CBN22644	46	184	323
CBRIG.CBG24611	46	184
CCAST.g18534.t1	193	329
CDOUG.g11046.t1	46	184	323
CELEG.T07A5.6c	46	184	323
CJAPO.CJA01422	49	187
CKAMA.g733.t1	46	184	323
CLATE.FL83_13494-RA	46	184	323
CMONO.g16219.t1	55	190	326
CNOUR.g2529.t1	46	184	323
CPLIC.g4574.t1	46	184	323
CREMA.FL82_20828-RA	46	184	323
CSINI.Csp5_scaffold_00332.g9569.t1	205	343
CSP21.g7270.t1	58	196	335
CSP26.g14955.t1	46	184	323
CSP28.g4826.t1	46	184	323
CSP29.g2535.t1	46	184
CSP31.g2661.t1	49	187	326
CSP32.g15889.t1	49	187	326
CSP34.Sp34_30119300.t1	46	184	320
CSP38.g3087.t1	46	184	320
CSP39.g22519.t1	46	184	323
CSP40.g476.t1	46	184	323
CTROP.Csp11.Scaffold628.g7395.t1	46	184
CVIRI.g4090.t1	46	184	323
DCORO.DCO_024041	64	202
