CAFRA.g17027.t1	72	297	396	507	632	764	1092	1437
CANGA.Cang_2012_03_13_00065.g3179.t1	192	291	527	659	789	1111
CBREN.CBN13976	72	297	396	507	632	764	894	1080	1407
CBRIG.CBG16865	72	297	396	507	632	764	1080	1407
CCAST.g16927.t1	72	297	396	632	764	894	1216
CDOUG.g38.t1	17	90	315	414	525	650	782	912	1098
CELEG.F45E1.7b	17	90	315	414	525	650	782	912	1098	1437
CJAPO.CJA06797	72	297	396	507	632	764	1419
CKAMA.g1012.t1	72	297	408	533	665	795	981	1320
CLATE.FL83_00054-RA	14	87	333	432	543	668	800	930	1119	1452
CMONO.g14034.t2	122	195	306	420	519	630	755	887	1017	1173	1270	1420	1488
CNOUR.g15202.t1	72	297	396	507	632	764	894	1422
CPLIC.g7710.t1	72	183	297	396	507	632	764	894	1189	1327
CREMA.FL82_01347-RA	14	87	312	411	522	647	779	909	1098	1431
CSINI.Csp5_scaffold_00226.g7478.t1	72	297	396	507	632	764	894	1080	1413
CSP21.g8530.t2	72	183	297	396	507	573	698	830	960	1113	1252	1396	1464
CSP26.g10880.t1	72	297	396	507	632	764	894	1080	1413
CSP28.g14724.t1	72	297	396	507	632	764	894	1422
CSP29.g12912.t1	72	297	396	507	632	764	894	1422
CSP31.g21786.t1	72	297	396	507	632	764	894	1077	1419
CSP32.g4041.t1	72	297	396	507	632	764	1092	1431
CSP34.Sp34_X0214800.t1	17	90	315	414	525	650	782	912	1098	1437
CSP38.g6011.t1	17	90	201	315	414	525	650	782	912	1222	1369
CSP39.g5721.t1	99	324	423	534	659	791	921	1446
CSP40.g8300.t1	17	90	315	414	525	650	782	912	1098	1431
CTROP.Csp11.Scaffold630.g18902.t1	72	297	396	507	632	764	894	1080	1413
CVIRI.g16345.t1	72	297	396	507	632	764	894	1089
DCORO.DCO_010157	17	93	204	318	417	528	653	785	915	993	1086	1180	1342	1410
