CAFRA.g14300.t1	90	192	518	787	915	1105	1212	1335	1831	1911
CANGA.Cang_2012_03_13_00009.g746.t1	93	416	748	861	1084	1390	1470
CBREN.CBN12796	275	502	633	823	939	1167	1585	1665
CBRIG.CBG21942	90	192	518	742	873	1063	1299	1404	1828	1908
CCAST.g6288.t1	93	748	1317	1540	1852	1932
CDOUG.g12978.t1	99	201	527	754	885	1075	1416	1837	1917
CELEG.C01H6.2	90	192	509	736	867	1057	1170	1293	1398	1816	1896
CJAPO.CJA07989	90	192	518	745	1066	1179	1305	1813	1893
CKAMA.g18557.t1	126	241	322	556	636	738	1064	1294	1425	1615	1728	1848	1953	2329	2409
CLATE.FL83_10365-RB	260	487	519	709	822	945	1050	1459	1539	1628	1684
CMONO.g8548.t1	93	192	335	512	638	733	870	956	1057	1173	1308	1413	1545	1627	1751	1843	1923
CNOUR.g8437.t1	90	192	518	748	879	1069	1182	1305	1410	1908
CPLIC.g988.t1	93	338	524	656	1209	1651	1852	1932
CREMA.FL82_08392-RA	90	192	401	628	699	889	1002	1125	1230	1651	1731
CSINI.Csp5_scaffold_02186.g25299.t1	90	192	518	745	858	1048	1158	1269	1374	1801	1881
CSP21.g6714.t1	93	189	332	515	647	745	879	965	1179	1305	1410	1533	1745	1831	1911
CSP26.g6254.t1	90	192	518	742	873	1063	1173	1299	1404	1825	1905
CSP28.g2816.t1	90	192	512	739	870	1173	1278	1342	1788
CSP29.g17443.t1	90	192	518	748	879	1069	1182	1287	1791
CSP31.g97.t1	87	189	518	739	870	1057	1284	1389	1870	1950
CSP32.g15442.t1	90	192	518	748	879	1069	1176	1299	1801	1881
CSP34.Sp34_10085200.t1	90	192	518	745	876	1066	1179	1302	1407	1825	1905	1997	2114	2125	2238	2375
CSP38.g5659.t1	93	745	876	1314	1849	1929
CSP39.g18356.t1	90	192	518	748	879	1069	1182	1305	1923
CSP40.g14861.t1	272	428	514	645	835	948	1071	1176	1600	1680
CTROP.Csp11.Scaffold629.g9961.t1	27	548	571	720	942	1339
CVIRI.g8927.t1	93	195	521	653	748	879	1066	1314	1419	1873	1953
DCORO.DCO_006165	99	242	283	422	646	792	881	982	1113	1245	1350	1479	1567	1745	1873	1953
