CAFRA.g14221.t1	15	547	671	924
CANGA.Cang_2012_03_13_01269.g16125.t1	158
CBREN.CBN01775	309	532	656	909	981
CBRIG.CBG21892	318	541	765	918	990
CCAST.g10874.t1	186	492	839	1164
CDOUG.g25586.t1	309	532	909	981
CELEG.F13G3.7a	15	333	556	680	780	933	1005
CJAPO.CJA14037	15	324	671	924	996
CKAMA.g18536.t1	27	336	559	683	783	936	1008	1082	1176	1341	1428
CLATE.FL83_15383-RA	309	547	671	781
CMONO.g15310.t1	105	318	445	541	665	741	894	966
CNOUR.g8501.t2	15	330	553	677	777	930
CPLIC.g1763.t1	433	978
CREMA.FL82_08444-RA	324	547	671	741
CSINI.Csp5_scaffold_00741.g15024.t1	309	532	756	909	981
CSP21.g639.t1	54	267	394	490	614	714	867	939
CSP26.g7453.t1	294	517	741	894	966
CSP28.g13513.t1	15	324	671	771	924	996
CSP29.g17503.t1	15	324	671	771	924
CSP31.g22266.t1	9	318	541	665	765	918	990
CSP32.g11542.t1	15	547	671	924
CSP34.Sp34_10090200.t1	15	324	547	671	771	924	996
CSP38.g8903.t1	97	186	477	592	819	1047	1167	1188	1494	1941	2166
CSP39.g1661.t1	15	324	547	671	771	924	996	1070
CSP40.g16753.t1	354	577	801	954	1026
CTROP.Csp11.Scaffold630.g17286.t1	318	541	665	765	918	990
CVIRI.g8502.t1	100	183	613	709	833	933	1086	1158
DCORO.DCO_014325	81	195	294	421	517	641	741	894	966
