CAFRA.g6652.t1	27	144	561	804	997	1086	1203	1299	1487	1704	1791
CANGA.Cang_2012_03_13_00943.g15052.t3	399	783	921	1134	1399	1518
CBREN.CBN26375	63	480	723	916	1009	1125	1221	1409	1629	1716
CBRIG.CBG05891	63	480	723	834	922	1185	1281	1469	1695	1739	1993	2107	2389	2464	2785	2899	3025	3148	3277	3342
CCAST.g4266.t1	21	555	1080	1293	1558	1686
CDOUG.g13717.t1	27	144	561	804	997	1086	1203	1299	1487	1710	1797	1812	2056	2170	2452	2527	2848	2962	3088	3391	3456	3611	3879	3975	4081	4209	4338
CELEG.F55G1.15	27	144	561	804	997	1086	1203	1299	1487	1707	1794
CJAPO.CJA17651	63	723	916	1005	1122	1218	1626
CKAMA.g1661.t1	27	144	561	804	997	1086	1203	1299	1487	1716	1842	2083	2197	2479	2554	2875	2989	3115	3238	3367	3432	3587	3855	3951	4057	4185	4314
CLATE.FL83_18750-RA	27	144	561	804	997	1086	1203	1299	1487	1710	1797	2041	2155	2437	2512	2833	2947	3073	3196	3325	3390	3545	3813	3909	4015	4143	4272
CMONO.g3562.t1	69	186	301	335	522	603	707	846	947	1039	1128	1182	1245	1341	1372	1460	1716	1809
CNOUR.g21020.t1	27	144	561	804	997	1086	1203	1299	1487	1707	1797
CPLIC.g418.t1	81	207	488	648	845	887	933	1136	1268	1371	1486	1788	2132	2224	2313	2430	2626	2714	2791	2964	3051
CREMA.FL82_04075-RA	27	144	561	804	997	1086	1203	1299	1487	1704	1791	2020	2134	2416	2491	2812	2926	3052	3175	3304	3369	3524	3825	3921	4027	4155	4284
CSINI.Csp5_scaffold_00440.g11407.t2	27	144	561	804	997	1086	1203	1299	1487	1704	1791
CSP21.g14531.t1	27	144	259	480	561	682	804	1086	1203	1299	1399	1487	1788
CSP26.g18817.t1	27	144	561	804	997	1086	1203	1299	1487	1704	1791
CSP28.g9084.t1	27	144	561	804	997	1086	1203	1299	1716	1803	2047	2329	2404	2737	2851	3100	3229	3294	3449	3717	3813	3919	4176
CSP29.g3462.t1	27	144	561	804	997	1086	1203	1299	1487	1716	1806	2050	2164	2446	2521	2854	2968	3217	3346	3411	3566	3834	3930	4036	4164	4293
CSP31.g17062.t1	27	144	561	804	997	1086	1203	1299	1399	1487	1779
CSP32.g16334.t1	27	144	561	804	997	1086	1203	1299	1487	1698	1785
CSP34.Sp34_40300000.t1	27	144	561	804	997	1086	1203	1299	1487	1698	1785
CSP38.g11109.t1	21	138	555	1293	1689
CSP39.g3901.t1	27	144	997	1086	1203
CSP40.g19439.t1	27	144	561	804	997	1086	1203	1299	1487	1704	1791
CTROP.Csp11.Scaffold630.g21189.t1	63	480	723	916	1005	1122	1218	1406	1626	1713
CVIRI.g4979.t1	27	144	259	804	905	997	1086	1203	1299	1564	1710	1800
DCORO.DCO_007083	36	153	268	489	613	674	691	813	917	1009	1098	1215	1311	1411	1499	1607	1710	1809
