CAFRA.g4620.t1	29	187	255	819	1191	1278	1425	1593	2745
CANGA.Cang_2012_03_13_00134.g5271.t3	195	282	429	534	698	1164
CBREN.CBN10712	210	359	768	1143	1230	1377	1545	2736
CBRIG.CBG12245	157	225	374	771	1152	1239	1389	1557	2760
CCAST.g2868.t1	211	279	428	795	1143	1230	1377	2237	2703
CDOUG.g29034.t1	63	210	378	1569
CELEG.ZK112.2b	26	184	252	401	804	1182	1269	1416	1584	2484	2772
CJAPO.CJA05972a	78	227	621	996	1083	1230	1398	2610
CKAMA.g448.t1	327	414	561	729	1386	1611	1899
CLATE.FL83_16643-RA	90	239	642	1029	1116	1263	2328	2616
CMONO.g4919.t1	124	192	341	507	684	861	948	1095	1263	1449	1839	1919	2097	2241	2385
CNOUR.g22029.t2	26	184	252	401	801	1158	1245	1392	1560	2760
CPLIC.g5810.t1	23	318	467	2045	2223	2511
CREMA.FL82_20910-RA	17	420	807	894	1041	2106	2394
CSINI.Csp5_scaffold_01585.g21894.t3	157	225	374	822	1203	1290	1437	1634	1713	1881	2793	3081
CSP21.g11202.t1	29	169	228	377	564	747	933	1020	1167	1335	2009	2187	2331	2475
CSP26.g11937.t1	157	225	374	819	1194	1281	1428	1596	2511	2799
CSP28.g4324.t1	145	213	362	759	1134	1221	1368	1536	2742
CSP29.g2094.t1	148	216	365	756	1113	1200	1347	1515	2715
CSP31.g1398.t2	32	193	261	390	539	876	1227	1314	1461	1629	2490	2778
CSP32.g11591.t1	148	216	365	783	1158	1245	1392	2424	2712
CSP34.Sp34_30040500.t1	148	216	365	1134	1221	1368	1536	2445	2733
CSP38.g4695.t1	190	258	407	762	1107	1194	1341	2210	2676
CSP39.g14980.t1	
CSP40.g17481.t1	172	240	389	819	1182	1269	1416	1584	2784
CTROP.Csp11.Scaffold630.g17212.t1	12	576	957	1044	1191	1359	2565
CVIRI.g4818.t1	160	228	377	702	1044	1278	1446	2292	2436	2580
DCORO.DCO_004355	20	89	172	240	342	398	462	588	741	837	1011	1098	1245	1382	1506	1599	1728	1838	1989	2069	2136	2247	2394	2538
