CAFRA.g485.t1	45	1248
CANGA.Cang_2012_03_13_00836.g14490.t1	51	156	277	438	534	615	827	996	1292	1564	1709	1818
CBREN.CBN03233	45	994	1248
CBRIG.CBG21516	45	994	1248
CCAST.g11722.t1	165	461	733	878	987
CDOUG.g21421.t1	994	1248
CELEG.Y57G11C.10b	1039	1293
CJAPO.CJA18841	45	994	1248
CKAMA.g8549.t1	45	357	711	994	1248
CLATE.FL83_15901-RA	994	1248
CMONO.g13561.t1	45	348	513	711	840	994	1139	1248
CNOUR.g21695.t1	45	994	1248
CPLIC.g9697.t1	45	257	348	840	994	1248
CREMA.FL82_04917-RA	994	1248
CSINI.Csp5_scaffold_00908.g16656.t1	45	357	994	1248
CSP21.g2972.t1	45	121	357	513	840	994	1139	1248
CSP26.g9470.t1	45	357	994	1248
CSP28.g7750.t1	102	222	333	454	615	801	885	1834	2088
CSP29.g2735.t1	45	994	1248
CSP31.g15841.t1	45	257	348	1139	1248
CSP32.g650.t1	45	1248
CSP34.Sp34_40182600.t1	45	711	1248
CSP38.g8311.t1	257	426	994	1248
CSP39.g25165.t1	45	994	1248
CSP40.g22217.t1	294	931	1185
CTROP.Csp11.Scaffold630.g21259.t1	45	994	1248
CVIRI.g4190.t1	45	994	1248
DCORO.DCO_011349	45	118	212	419	632	711	840	994	1139	1248
