CAFRA.g19133.t1	94	354
CANGA.Cang_2012_03_13_00575.g12388.t1	100	303
CBREN.CBN14826	91	348
CBRIG.CBG17716	40	154	411
CCAST.g2148.t1	103	306
CDOUG.g1672.t1	94	351
CELEG.F20D12.7	94	351
CJAPO.CJA05587b	211	474
CKAMA.g18636.t1	40	141	292	440	544	801
CLATE.FL83_15999-RA	40	141	255	342	418	675
CMONO.g16108.t1	97	223	291	351
CNOUR.g3476.t1	94	354
CPLIC.g4571.t1	88	214	279	339
CREMA.FL82_23108-RA	40	141	255	342	418	675
CSINI.Csp5_scaffold_03570.g30610.t1	94	351
CSP21.g2700.t1	97	223	288	348
CSP26.g12581.t1	94	351
CSP28.g13937.t1	94	354
CSP29.g3253.t1	94	354
CSP31.g21607.t1	88	214	348
CSP32.g14749.t1	94	354
CSP34.Sp34_40103900.t1	91	348
CSP38.g21675.t1	103	306
CSP39.g904.t1	94	354
CSP40.g6567.t1	94	351
CTROP.Csp11.Scaffold629.g12795.t1	94	351
CVIRI.g10264.t1	220	297
DCORO.DCO_022157	106	232	360
