CAFRA.g488.t1	123	511
CANGA.Cang_2012_03_13_00836.g14488.t1	123	315	440	511
CBREN.CBN19002	123	511
CBRIG.CBG21511	123	511
CCAST.g14521.t1	123	315	440	511
CDOUG.g21425.t1	123	511
CELEG.Y57G11C.13	123	511
CJAPO.CJA35527b	123	511
CKAMA.g8552.t1	123	511
CLATE.FL83_15904-RA	123	511
CMONO.g13557.t1	123	204	315	440	511
CNOUR.g21698.t1	123	511
CPLIC.g9701.t1	123	204	315	440	511
CREMA.FL82_04920-RA	123	511
CSINI.Csp5_scaffold_00908.g16652.t1	123	511
CSP21.g14756.t1	123	204	315	511
CSP26.g9467.t1	123	511
CSP28.g7748.t1	123	511
CSP29.g2738.t1	123	511	686	877	1128	1224
CSP31.g15837.t1	123	204	440	511
CSP32.g654.t1	123	511
CSP34.Sp34_40182300.t1	123	511
CSP38.g8308.t1	123	315	440	511
CSP39.g6575.t1	123	511
CSP40.g22213.t1	123	511
CTROP.Csp11.Scaffold630.g21262.t1	123	511
CVIRI.g4186.t1	123	204	440	511
DCORO.DCO_021189	156	204	315	440	511
