CAFRA.g19151.t1	126	267	519	900	1011
CANGA.Cang_2012_03_13_00011.g853.t1	120	347	713
CBREN.CBN21515.1	126	353	519	1011
CBRIG.CBG17689	126	267	353	1011
CCAST.g14510.t1	239	513	715	852	1079	1445
CDOUG.g1691.t1	126	267	353	519	1011
CELEG.C06A6.5	129	270	522	1014
CJAPO.CJA04168	123	264	350	1008
CKAMA.g18654.t1	126	267	353	519	1011
CLATE.FL83_19194-RA	126	267	353	519	1011
CMONO.g5152.t1	135	276	362	528	648	719	909	1020	1146
CNOUR.g3458.t1	132	273	1017
CPLIC.g2299.t1	117	258	624	695	804	996	1113
CREMA.FL82_02961-RA	126	267	353	519	1011
CSINI.Csp5_scaffold_00067.g3169.t1	126	267	353	519	1011
CSP21.g7050.t1	117	344	510	627	680	870	981	1159	1280	1514	1724	1877	1953	2091	2157	2272
CSP26.g14934.t1	126	267	1011
CSP28.g13917.t1	273	906	1017
CSP29.g3271.t1	132	273	1017
CSP31.g3659.t1	126	267	353	710
CSP32.g14730.t1	126	267	519	900	1011
CSP34.Sp34_40101500.t1	126	267	519	1011
CSP38.g8332.t1	123	350	710
CSP39.g8463.t2	273	321	954	1065
CSP40.g6586.t1	126	267	353	519	1011
CTROP.Csp11.Scaffold629.g7535.t1	99	240	326	492	984
CVIRI.g5115.t1	267	519	710	1011
DCORO.DCO_012047	129	270	356	522	642	713	822	1014	1161
