CAFRA.g1750.t1	222	501	832
CANGA.Cang_2012_03_13_00494.g11514.t1	292	408	730	808
CBREN.CBN00046	225	513	832
CBRIG.CBG12542	225	513	829
CCAST.g465.t1	231	507	826	904
CDOUG.g17657.t1	225	513	829
CELEG.D1081.2	225	513	841
CJAPO.CJA08385	219	504
CKAMA.g11525.t1	222	510	841	980	1032	1195	1277	1386	1489	1558	1700	1806	1992	2125
CLATE.FL83_07011-RA	225	507	764
CMONO.g237.t1	127	216	373	459	607	760	856	960
CNOUR.g7230.t1	222	507	841
CPLIC.g7498.t1	391	492	664	817	898
CREMA.FL82_17809-RA	225	507	688
CSINI.Csp5_scaffold_00675.g14286.t1	225	654	970
CSP21.g10072.t1	130	376	495	732	799	901
CSP26.g3836.t1	225	513	835
CSP28.g7515.t1	225	513	850
CSP29.g19788.t1	222	507	841
CSP31.g2239.t1	234	391	498	774	847	928
CSP32.g9948.t1	219	498	829
CSP34.Sp34_10317400.t1	228	516	844
CSP38.g17498.t1	234	510	838	916
CSP39.g2608.t1	225	513	847
CSP40.g9379.t1	225	513	832
CTROP.Csp11.Scaffold630.g20413.t1	225	513	835
CVIRI.g49.t1	237	394	498	765	829	925
DCORO.DCO_013511	133	222	379	501	721	883	994	1092
