CAFRA.g4688.t1	371	433	2499
CANGA.Cang_2012_03_13_00025.g1511.t1	124	371	433	530	916	1560	2109	2490	2631
CBREN.CBN03219	371	433	530	1153	1254	2499	2634
CBRIG.CBG12004	371	433	530	1153	2679
CCAST.g17530.t1	124	371	433	530	916	1560	2109	2490	2631
CDOUG.g10561.t1	371	433	530	1153	1254	2499	2634
CELEG.C32E8.8	433	530	1153	1254	2499	2634
CJAPO.CJA17609	159	883	2128	2266
CKAMA.g13366.t1	97	720	821	2066	2204
CLATE.FL83_08182-RA	371	433	530	1153	1254	2499	2634
CMONO.g7797.t1	124	282	371	433	503	657	766	889	994	1126	1227	1433	1533	1772	1995	2085	2226
CNOUR.g5703.t1	371	433	530	1153	2499	2640
CPLIC.g7438.t1	124	282	371	530	916	1254	1799	1917	2493	2628
CREMA.FL82_12718-RA	371	433	530	1153	1254	2499	2634
CSINI.Csp5_scaffold_00111.g4618.t1	197	569	631	728	1351	1452	2697	2832
CSP21.g3159.t1	285	374	533	1021	1153	1466	1566	1805	2028	2268	2499	2619
CSP26.g4282.t1	371	433	530	1153	1254	2499	2634
CSP28.g1189.t1	371	433	530	1153	2499	2637
CSP29.g16626.t1	371	433	530	1153	2499	2640
CSP31.g13343.t1	282	371	433	530	793	1662	1917	2499	2634
CSP32.g13437.t1	371	433	1254	2499
CSP34.Sp34_10163310.t1	433	530	1153	1254	2499	2634
CSP38.g338.t1	124	371	433	530	916	1563	1920	2112	2493	2631
CSP39.g9879.t1	433	530	1153	2499	2640
CSP40.g16460.t1	371	433	530	1153	1254	2499	2634
CTROP.Csp11.Scaffold627.g6742.t1	371	433	530	1153	1254	2499	2634
CVIRI.g3122.t1	124	282	371	433	530	684	1021	1662	2025	2496	2634
DCORO.DCO_003689	229	387	476	538	635	789	898	1021	1126	1258	1359	1464	1595	1695	1797	1934	2058	2154	2244	2394	2625	2772
