CAFRA.g13801.t1	139	277
CANGA.Cang_2012_03_13_00769.g14012.t1	312
CBREN.CBN22781	139	277
CBRIG.CBG23451	139	277
CCAST.g81.t1	381
CDOUG.g6951.t1	70	208
CELEG.R04F11.5	139	277
CJAPO.CJA10141	139	277	417
CKAMA.g6684.t1	139	277
CLATE.FL83_13013-RA	30	169	307	581	1492
CMONO.g12761.t1	139	277	381	493	563	879	945	1076	1168	1318	1374
CNOUR.g6999.t1	139	277
CPLIC.g11968.t1	139	381
CREMA.FL82_11216-RA	139	277	551	561	662	1570
CSINI.Csp5_scaffold_01272.g19755.t1	70	208
CSP21.g10932.t1	157	295	399
CSP26.g13771.t1	139	277
CSP28.g13184.t1	139	277
CSP29.g17206.t1	139	277
CSP31.g1452.t1	139	277	381
CSP32.g426.t1	139	277
CSP34.Sp34_50127700.t1	139	277
CSP38.g5006.t1	381
CSP39.g5503.t1	139	277
CSP40.g24428.t1	70	208
CTROP.Csp11.Scaffold600.g5399.t1	70	208
CVIRI.g470.t1	139	277	381
DCORO.DCO_020909	83	157	295	399	518
