CAFRA.g10670.t1	148	202	372	447	924	1092	1214	1305
CANGA.Cang_2012_03_13_00536.g11964.t1	159	234	451	711	858	983	1074	1163
CBREN.CBN00418	148	202	372	447	880	924	1095	1217	1308
CBRIG.CBG02128	148	202	372	447	880	924	1113	1238	1329
CCAST.g1258.t1	157	181	235	405	480	697	957	1104	1232	1323	1412
CDOUG.g21439.t1	148	202	372	447	880	924	1071	1193	1284
CELEG.T24D8.1	163	217	387	462	895	939	1107	1229	1320
CJAPO.CJA10286b	28	213	288	721	933	1058	1149
CKAMA.g1188.t1	148	202	372	447	924	1071	1193	1263
CLATE.FL83_00976-RA	148	202	372	447	880	924	1017	1139	1230
CMONO.g7777.t1	157	181	235	405	453	526	670	773
CNOUR.g6157.t1	148	172	226	396	471	904	948	1113	1235	1326
CPLIC.g7101.t1	163	217	387	462	535	679	782	895	939	1107	1235	1326
CREMA.FL82_00677-RA	148	202	372	447	880	924	1017	1139	1230
CSINI.Csp5_scaffold_00062.g2986.t1	148	202	372	447	924	1092	1214	1305
CSP21.g3336.t3	91	115	169	339	414	487	631	734	847	1059	1187	1278	1367
CSP26.g7166.t2	148	202	372	447	924	1071	1193	1284
CSP28.g9683.t1	148	202	372	447	880	924	1074	1196	1287	1376	1504	1653	1697	1782	1932	2097	2345
CSP29.g11681.t1	148	202	372	447	880	924	1068	1185	1307	1398
CSP31.g21986.t1	154	178	232	402	477	550	954	1101	1229	1320	1409
CSP32.g16658.t2	148	202	372	447	924	1092	1214	1305
CSP34.Sp34_X0102600.t1	148	172	226	396	471	904	948	1095	1217	1308
CSP38.g14167.t1	118	142	196	366	441	658	918	1086	1211	1302	1391
CSP39.g19167.t1	148	172	226	396	471	904	948	1122	1244	1335
CSP40.g18884.t1	148	172	226	396	471	948	1116	1238	1329
CTROP.Csp11.Scaffold576.g4450.t1	148	202	372	447	880	924	1092	1214	1305
CVIRI.g145.t1	157	181	235	405	480	553	697	913	1104	1229	1320	1409
DCORO.DCO_026395	172	196	294	386	420	495	568	712	815	867	928	989	1026	1113	1188	1352	1422
