CAFRA.g13965.t1	130	537
CANGA.Cang_2012_03_13_00689.g13459.t1	707	971
CBREN.CBN25272	130	537
CBRIG.CBG11211	130	537
CCAST.g4753.t1	707	971	1092	1143	1353
CDOUG.g853.t1	130	537
CELEG.ZK1127.5	130	537
CJAPO.CJA01484	130	349
CKAMA.g1958.t1	130	349	537	1072	1197
CLATE.FL83_16968-RA	130	537	1104	1170	1713
CMONO.g930.t1	127	346	450	588	701	861
CNOUR.g7297.t1	130	349	537
CPLIC.g9542.t1	202	349	537	704	864
CREMA.FL82_12310-RA	130	537	1104	1170	1731
CSINI.Csp5_scaffold_00302.g9033.t2	130	537	1104	1170	1635
CSP21.g10514.t1	133	352	456	540	707	867	971
CSP26.g4418.t1	130	537
CSP28.g15449.t1	130	537
CSP29.g7112.t1	130	349	537
CSP31.g6306.t1	133	265	369	453	620	884	1020	1149	1372	1483	1585	1687	1765	1858	1963	2151	2262	2400
CSP32.g10013.t1	130	537
CSP34.Sp34_20264620.t1	130	537
CSP38.g21357.t1	707	971
CSP39.g8915.t1	109	516
CSP40.g8415.t1	130	537
CTROP.Csp11.Scaffold629.g12141.t1	130	537
CVIRI.g2965.t1	130	349	453	704	968	1114	1191	1395	1575	2190
DCORO.DCO_013597	130	202	349	453	537	704	864	968
