CAFRA.g14143.t1	135	264	428
CANGA.Cang_2012_03_13_22012.g26777.t1	
CBREN.CBN09652	138	267
CBRIG.CBG16135	141	270
CCAST.g19268.t1	147	288
CDOUG.g2378.t1	138	267
CELEG.ZK899.1	138	267	431
CJAPO.CJA34905	141	270
CKAMA.g9892.t1	138	267
CLATE.FL83_02249-RA	141	270	434
CMONO.g2603.t1	144	273
CNOUR.g12505.t2	138	279	479
CPLIC.g12219.t1	141	273	440
CREMA.FL82_15404-RA	141	270	434
CSINI.Csp5_scaffold_00011.g756.t1	138	267
CSP21.g13957.t2	114	243
CSP26.g143.t1	138	267	431
CSP28.g8020.t1	138	276
CSP29.g1805.t1	138	267
CSP31.g15332.t1	141	267	431
CSP32.g7084.t1	135	264	428
CSP34.Sp34_X0054900.t1	138	267	431
CSP38.g5443.t1	141	270	437
CSP39.g5778.t1	138	200	267	467
CSP40.g4770.t1	138	267	431
CTROP.Csp11.Scaffold629.g13440.t1	138
CVIRI.g253.t1	138	267	434
DCORO.DCO_022615	153	276	398
