CAFRA.g5860.t1	27	141	261
CANGA.Cang_2012_03_13_00444.g10920.t1	261
CBREN.CBN14345	27	141	261
CBRIG.CBG11702	27	141	261
CCAST.g7911.t1	261
CDOUG.g13117.t1	27	141	261
CELEG.Y22D7AL.10.1	27	141	261
CJAPO.CJA05897	27	141	261
CKAMA.g13773.t1	27	141	261
CLATE.FL83_08972-RA	27	141	261
CMONO.g10780.t1	27	141	261	315
CNOUR.g12805.t1	27	141	261
CPLIC.g11458.t1	27	141	261
CREMA.FL82_24194-RA	27	141	261
CSINI.Csp5_scaffold_00474.g11846.t1	27	141	261
CSP21.g5728.t1	27	261
CSP26.g1294.t1	27	141	261
CSP28.g1553.t1	27	141	261
CSP29.g781.t1	27	141	261
CSP31.g10979.t1	27	141	261
CSP32.g5831.t1	27	141	261
CSP34.Sp34_30314400.t1	27	141	261
CSP38.g8992.t1	141	261
CSP39.g2468.t1	27	141	261
CSP40.g12213.t1	27	141	261
CTROP.Csp11.Scaffold528.g3116.t1	27	141	261
CVIRI.g12814.t1	27	141	261
DCORO.DCO_024217	27	141	261
