CAFRA.g3730.t1	52	163	454	943	1137	1263	1394	1528	1669	1838
CANGA.Cang_2012_03_13_00029.g1682.t1	46	597	715	937	1657	1826
CBREN.CBN11505	133	244	535	1024	1218	1344	1449	1522	1672	2027
CBRIG.CBG00705	49	160	451	940	1134	1260	1356	1525	1702	1895
CCAST.g3715.t1	46	597	937	1645	1808
CDOUG.g17002.t1	52	163	454	943	1137	1263	1394	1528	1910
CELEG.M195.3	52	163	454	943	1137	1263	1394	1522	1660	1865
CJAPO.CJA06062	52	163	454	943	1137	1268	1402	1600	1781
CKAMA.g1878.t1	52	73	184	475	964	1158	1284	1415	1549	1702	1901
CLATE.FL83_08704-RA	115	226	517	1006	1200	1326	1457	1591	1774	1991
CMONO.g4138.t1	46	157	347	516	597	715	803	937	1131	1257	1388	1528	1690	1832	1989
CNOUR.g16559.t1	52	163	454	943	1137	1263	1394	1528	1666	1814
CPLIC.g9685.t1	34	145	335	504	585	791	925	1119	1245	1376	1498	1606	1715
CREMA.FL82_06057-RA	115	562	1051	1245	1371	1502	1636	1825	2033
CSINI.Csp5_scaffold_00788.g15474.t1	70	181	472	961	1155	1281	1412	1540	1714	1940
CSP21.g552.t1	49	160	350	519	600	718	806	940	1031	1134	1260	1391	1510	1612	1739
CSP26.g4275.t1	55	166	457	946	1140	1266	1397	1525	1699	1907
CSP28.g1889.t1	52	163	454	943	1263	1394	1528	1672
CSP29.g6203.t1	52	163	454	943	1137	1263	1394	1528	1666	1814
CSP31.g16819.t1	52	163	353	454	809	943	1137	1263	1394	1531	1705	1838
CSP32.g2028.t1	52	163	454	943	1137	1263	1394	1528	1669	1838
CSP34.Sp34_20135200.t1	10	301	790	984	1110	1241	1375	1510	1685
CSP38.g9273.t1	46	448	597	715	937	1131	1257	1651	1853
CSP39.g4363.t1	52	163	454	943	1137	1263	1394	1528	1826
CSP40.g19367.t1	55	166	946	1140	1266	1397	1525	1702	1925
CTROP.Csp11.Scaffold630.g22149.t1	91	202	493	982	1176	1302	1433	1567	1835
CVIRI.g3082.t1	52	353	454	721	943	1137	1263	1394	1528	1639	1787
DCORO.DCO_005427	43	154	275	344	436	585	703	733	925	1119	1245	1376	1531	1847	2067
