CAFRA.g14230.t1	63	189	354
CANGA.Cang_2012_03_13_00012.g905.t1	123	288
CBREN.CBN03847	63	189
CBRIG.CBG11959	123
CCAST.g4125.t1	63	189	354
CDOUG.g5736.t1	63	189
CELEG.D2030.5	63	189
CJAPO.CJA01875	63	189	354
CKAMA.g4643.t1	63	189
CLATE.FL83_12310-RA	63	189	454
CMONO.g9155.t1	24	150	246	315
CNOUR.g8511.t1	63	189	354
CPLIC.g14659.t1	63	189	354
CREMA.FL82_08255-RA	63	189
CSINI.Csp5_scaffold_00873.g16329.t1	60	186
CSP21.g2597.t1	54	180	276	345
CSP26.g4735.t1	60	186
CSP28.g13520.t1	63	189	354
CSP29.g17511.t1	63	189	336
CSP31.g17153.t1	66	192	357
CSP32.g11551.t1	63	189	354
CSP34.Sp34_10098400.t1	63	189	310
CSP38.g8831.t1	51	177	342
CSP39.g9649.t1	63	189	354	373
CSP40.g5917.t1	66	192
CTROP.Csp11.Scaffold630.g21012.t1	18
CVIRI.g13700.t1	63	189	354
DCORO.DCO_022299	54	180	276	345
