CAFRA.g5606.t1	39	210	338	423	507	720	845	927
CANGA.Cang_2012_03_13_00043.g2349.t1	39	210	338	423	507	591	720	835
CBREN.CBN22343	39	210	338	720	927
CBRIG.CBG12820	39	210	338	423	720	845	927
CCAST.g14727.t1	39	210	338	423	507	591	720
CDOUG.g12571.t1	39	210	338	423	720	845	927
CELEG.B0205.7	39	210	338	423	720	845	927
CJAPO.CJA13713	39	210	338	423	507	591	720	845	927
CKAMA.g2991.t1	78	249	377	462	759	884	966
CLATE.FL83_13402-RA	39	210	338	423	720	845	873
CMONO.g14252.t1	39	153	210	294	378	462	591	716	798	918	1017	1111	1246	1336	1477	1644
CNOUR.g11204.t1	39	210	338	423	507	591	845	927
CPLIC.g2636.t1	39	153	338	423	507	591	720	927
CREMA.FL82_12450-RA	120	291	419
CSINI.Csp5_scaffold_00397.g10738.t1	39	210	338	423	720	845	927
CSP21.g12189.t1	39	153	338	507	591	720	845	927
CSP26.g4988.t1	39	210	338	720	845	927
CSP28.g14536.t1	39	338	423	591	927
CSP29.g10697.t1	39	210	338	423	507	591	845	927
CSP31.g12595.t1	39	210	338	423	507	591	720	845	927
CSP32.g1979.t1	39	210	338	423	507	720	845	927
CSP34.Sp34_10345300.t1	39	210	338	423	720	845	927
CSP38.g9554.t1	39	210	338	423	507	591	720
CSP39.g4712.t1	39	210	338	423	591	720	845	927
CSP40.g15434.t1	39	210	338	845	927
CTROP.Csp11.Scaffold629.g8997.t1	144	315	443	825	950	1032
CVIRI.g12147.t1	39	210	338	423	507	591	927
DCORO.DCO_011055	124	253	297	411	596	681	849	978	1103	1185	1356
