CAFRA.g19371.t1	55	148	373
CANGA.Cang_2012_03_13_00029.g1709.t1	49	142	358
CBREN.CBN28988	46	139	367
CBRIG.CBG23496	52	145	228
CCAST.g7393.t1	49	142	364
CDOUG.g6972.t1	49	142	364
CELEG.C54D10.10	46	139	352
CJAPO.CJA06886	49	142	361
CKAMA.g9346.t1	10	103	298
CLATE.FL83_19922-RA	52	145	367
CMONO.g17834.t1	43	145	277	391
CNOUR.g20716.t1	52	145	346
CPLIC.g12258.t1	52	145	349	466
CREMA.FL82_11179-RA	52	145	367
CSINI.Csp5_scaffold_00388.g10566.t1	52	145	376
CSP21.g14703.t1	43	139	277	394
CSP26.g18878.t1	52	145	370
CSP28.g6121.t1	52	145	349
CSP29.g19187.t1	52	145	346
CSP31.g1071.t1	52	145	331	448
CSP32.g1459.t1	49	142	358
CSP34.Sp34_50172100.t1	58	151	355
CSP38.g1686.t1	49	142	352
CSP39.g1966.t1	52	145	355
CSP40.g18440.t1	52	145	367
CTROP.Csp11.Scaffold417.g1117.t1	67	160	382
CVIRI.g4813.t1	52	145	340
DCORO.DCO_030308	31	121	271	385	424
