CAFRA.g17041.t1	87	324	761	932	1050
CANGA.Cang_2012_03_13_00117.g4818.t1	191	327	543	875	993
CBREN.CBN11866	87	191	324	722	893	1011
CBRIG.CBG16845	87	191	324	722	893	1011
CCAST.g5394.t1	191	327	543	875	993
CDOUG.g26.t1	78	182	315	716	887	1005
CELEG.C39D10.11	87	191	776	947	1065
CJAPO.CJA00877	87	191	324	752	923	1041
CKAMA.g1001.t1	27	131	264	653	824
CLATE.FL83_00070-RA	87	191	327	716	887	1005
CMONO.g19827.t1	87	191	324	447	585	746	911	1029
CNOUR.g15213.t1	87	191	324	713	884	1002
CPLIC.g10984.t1	216	374	545	663
CREMA.FL82_01367-RA	87	191	324	713	884	1002
CSINI.Csp5_scaffold_00251.g7966.t1	87	191	324	725	896	1014
CSP21.g10559.t1	87	194	330	441	564	669	732	893	1061	1194
CSP26.g10865.t1	87	191	324	722	893	1011
CSP28.g14715.t1	87	200	333	740	911	1029
CSP29.g12902.t1	87	191	324	713	884	1002
CSP31.g21743.t1	87	191	327	444	564	725	896	1014
CSP32.g4052.t1	87	324	728	899	1017
CSP34.Sp34_X0212900.t1	87	191	324	713	884	1002
CSP38.g13236.t1	191	327	540	701	872	990
CSP39.g5735.t1	87	191	324	734	905	1023
CSP40.g8283.t1	87	191	324	728	899	1017
CTROP.Csp11.Scaffold630.g18917.t1	87	191	324	534	656	827	945
CVIRI.g14766.t1	87	191	327	444	600	764	935	1053
DCORO.DCO_012237	123	224	360	480	589	737	879	1005
