CAFRA.g18381.t1	307
CANGA.Cang_2012_03_13_00564.g12284.t2	87	196	340	605	764	1066	1138
CBREN.CBN31160	61	262
CBRIG.CBG20965	181	307	391
CCAST.g8865.t1	100	301	566	955
CDOUG.g7537.t1	181	307	508
CELEG.Y57A10C.6	184	310	511
CJAPO.CJA01573	307	508
CKAMA.g7890.t1	181	508	1128
CLATE.FL83_23118-RA	181	307	508	1185	1281	1368
CMONO.g2023.t1	100	301	414	502	566	653	748	955	1063	1159	1311	1404	1515
CNOUR.g15931.t1	184	310
CPLIC.g8578.t1	100	414	502	566	1159
CREMA.FL82_14580-RA	181	265
CSINI.Csp5_scaffold_00080.g3608.t1	184	511
CSP21.g3272.t1	100	175	301	396	484	548	635	730	858	931	1039	1135
CSP26.g20471.t1	184	511
CSP28.g13382.t1	184	310
CSP29.g9274.t1	184	310	511
CSP31.g14452.t1	175	301
CSP32.g2260.t1	310
CSP34.Sp34_20052600.t1	181	307	508
CSP38.g15912.t1	100	566	955
CSP39.g1623.t1	184	310
CSP40.g13651.t1	184	511
CTROP.Csp11.Scaffold629.g14573.t1	184	310	511
CVIRI.g4652.t1	175	301	955
DCORO.DCO_011473	68	193	394	510	598	662	749	844	978	1051	1162	1258
