CAFRA.g8564.t1	42	258	1412	2226	2727
CANGA.Cang_2012_03_13_00446.g10945.t1	87	228	1041	1215	2295	2799
CBREN.CBN09502	99	321	843	1355	1487	2307	2409	2820
CBRIG.CBG16308	96	267	483	1077	1580	1718	2541	2643	3048
CCAST.g14900.t1	90	231	1041	1221	2301	2805
CDOUG.g16003.t1	99	267	489	1038	1481	1619	2439	2541	2946
CELEG.R03E1.1.1	102	276	492	1032	1535	1673	2490	2592	3009
CJAPO.CJA17220	87	162	375	771	1277	1415	2220	2721
CKAMA.g2105.t1	93	246	462	993	1502	1607	2415	2517	2925
CLATE.FL83_15308-RA	96	264	486	1098	1598	1736	2559	2661	3093
CMONO.g15296.t1	96	234	441	558	648	761	839	1122	1389	1538	1676	1815	1961	2130	2292	2478	2580	2729	2862	2964
CNOUR.g1553.t1	120	303	1673	2487	2988
CPLIC.g2163.t1	126	276	474	791	954	1107	1281	1433	1571	1960	2280	2373	2475	2624	2877	2984	3160	3267	3521	3864
CREMA.FL82_18931-RA	96	264	486	1098	1585	1676	2499	2601	3033
CSINI.Csp5_scaffold_01986.g24225.t1	588	1070	1208	2028	2130	2541
CSP21.g14065.t1	78	195	393	495	707	1029	1200	1478	1775	1861	2040	2133	2384
CSP26.g9927.t1	96	261	480	1050	1544	1682	2505	2607	3018
CSP28.g11818.t1	18	198	1439	1577	2391	2892
CSP29.g6087.t1	120	303	1673	2487	2988
CSP31.g24614.t1	126	267	833	999	1365	1517	2032	2696	2946
CSP32.g729.t1	114	279	495	1640	2454	2955
CSP34.Sp34_X0028300.t1	102	279	501	688	885	1388	1526	2343	2859
CSP38.g18500.t1	84	222	1032	1209	2289	2540	2793
CSP39.g19353.t1	117	306	513	1550	1688	2502	3003
CSP40.g1114.t1	96	261	480	1026	1526	1664	2487	2589	3000
CTROP.Csp11.Scaffold628.g7096.t1	102	237	459	987	1463	1601	2421	2523	2934
CVIRI.g683.t1	129	276	480	1296	1442	1960	2373	2874
DCORO.DCO_003667	186	240	343	432	585	674	878	987	1173	1272	1550	1682	1860	2006	2205	2367	2460	2553	2655	2804	2937	3018
