CAFRA.g121.t1	117	200	333	486
CANGA.Cang_2012_03_13_00476.g11282.t1	123	206	339
CBREN.CBN09594	120	336	489
CBRIG.CBG12498	120	336	489
CCAST.g10281.t1	123	206	339
CDOUG.g2144.t1	120	336	489
CELEG.F43G9.9.1	120	336
CJAPO.CJA03272a	120	203	336	486
CKAMA.g8849.t1	120	336	489
CLATE.FL83_07068-RA	129	345
CMONO.g15696.t1	17	135	218	351
CNOUR.g209.t1	120	203	486
CPLIC.g4476.t1	114	197	330
CREMA.FL82_17752-RA	129	345
CSINI.Csp5_scaffold_07640.g37993.t1	120	336	489
CSP21.g9871.t1	114	197	330	483
CSP26.g12426.t1	120	336	489
CSP28.g16924.t1	120	203	336
CSP29.g998.t1	120	203	486
CSP31.g8268.t1	120	203	336	489
CSP32.g7689.t1	117	200	333	486
CSP34.Sp34_10313300.t1	120	336	489
CSP38.g10751.t1	123	206	339
CSP39.g2441.t1	120	203	336	486
CSP40.g24325.t1	120	336	489
CTROP.Csp11.Scaffold630.g20464.t1	120	336	489
CVIRI.g2799.t1	120	203	336
DCORO.DCO_021109	108	191	324	474
