CAFRA.g15644.t1	64	218	442	562	645	755	930	984
CANGA.Cang_2012_03_13_00105.g4459.t1	198	364
CBREN.CBN28080	140	198	300	499	582	692	867	958	1104
CBRIG.CBG07369	25	179	237	403	523	606	716	891	982	1128
CCAST.g13804.t2	198	364	484	852	943	1095
CDOUG.g971.t2	82	236	294	460	580	663	773	948	997	1188
CELEG.F19D8.1b	82	236	294	460	580	663	773	948	1039	1185
CJAPO.CJA18019	25	179	237	336	403	523	606	716
CKAMA.g8406.t1	145	299	357	456	643	726	836	1011
CLATE.FL83_01560-RA	82	236	294	460	580	663	773	948	997	1143
CMONO.g11292.t2	76	230	288	391	511	594	704	743	879	970	1122
CNOUR.g3712.t1	142	296	354	453	520	640	723	833	1008	1074	1197
CPLIC.g5577.t1	140	198	297	364	484	567	677	716	852	943	1095
CREMA.FL82_02638-RA	82	236	294	460	580	663	714	805	951
CSINI.Csp5_scaffold_00192.g6682.t2	157	311	369	535	655	738	848	1023	1114	1266
CSP21.g4176.t2	148	302	360	459	526	646	729	839	878	1014	1105	1257
CSP26.g12754.t1	140	198	364	484	567	677	855	946	1098
CSP28.g4223.t1	76	230	387	574	657	767	942	1033	1179
CSP29.g7596.t1	139	293	351	450	517	637	720	830	1005	1287
CSP31.g11177.t2	25	179	237	336	403	523	606	755	891	982	1134
CSP32.g7587.t1	127	281	505	625	708	818	993
CSP34.Sp34_X0119700.t1	127	281	339	505	625	708	818	993	1084	1143
CSP38.g10445.t2	64	218	276	372	439	559	642	791	927	1018	1170
CSP39.g26189.t1	79	233	390	457	577	660	770	945	1036	1182
CSP40.g10961.t1	58	212	270	436	556	639	749	924	1015	1161
CTROP.Csp11.Scaffold630.g22033.t1	140	364	484	567	852
CVIRI.g14035.t1	236	294	393	460	580	773	948	1039	1191
DCORO.DCO_010971	124	278	336	435	502	622	708	850	993	1084	1230
