CAFRA.g13343.t1	145	280	354	617	976
CANGA.Cang_2012_03_13_00009.g711.t1	277	578	889	1100
CBREN.CBN11156	166	301	375	635	991	1202
CBRIG.CBG01687	247	321	581	940	1151
CCAST.g19543.t1	271	554	850	1061
CDOUG.g11004.t1	66	175	255	515	871	1082
CELEG.M01H9.2	151	286	363	626	955	1166
CJAPO.CJA12526	254	830
CKAMA.g4408.t1	163	298	399	665	1024
CLATE.FL83_19286-RA	175	310	384	644	1000	1211
CMONO.g1956.t1	72	517	649	740	823	935	1014	1147	1258	1299	1469	1569
CNOUR.g19969.t1	172	307	381	641	997	1208
CPLIC.g4279.t1	157	286	622	948
CREMA.FL82_03434-RA	175	310	384	644	1000	1211
CSINI.Csp5_scaffold_00099.g4235.t1	178	313	387	647	1006	1217
CSP21.g7767.t1	157	292	467	520	608	680	907	1018	1059	1229
CSP26.g21224.t1	169	304	378	638	1000	1211
CSP28.g12206.t1	172	307	375	635	907	1118
CSP29.g3122.t1	172	307	378	641	997	1208
CSP31.g26007.t1	169	304	396	644	991	1202
CSP32.g14532.t1	154	289	363	620	982
CSP34.Sp34_40123020.t1	73	135	398	576	740
CSP38.g19651.t1	151	274	551	838	1049
CSP39.g816.t1	172	307	375	638	1217
CSP40.g12787.t1	178	313	387	647	1003	1214
CTROP.Csp11.Scaffold589.g4952.t2	233	845
CVIRI.g3676.t1	163	421	550	1333	1544
DCORO.DCO_014819	142	187	300	396	497	601	709	838	917	955
