CAFRA.g14846.t1	82	128	240	350	460	504	603	789	892	972	1062	1110
CANGA.Cang_2012_03_13_01380.g16339.t2	147	257	367	411	516	702	805	885	975	1023
CBREN.CBN20104	82	128	240	350	460	504	603	789	892	972	1062	1110
CBRIG.CBG15930	82	128	257	367	411	510	696	799	879	969
CCAST.g13232.t1	243	353	463	507	606	792	895	975	1065	1113
CDOUG.g15333.t1	85	131	243	353	463	507	606	792	895	975	1065	1113
CELEG.F11C7.1	82	128	240	350	460	504	603	789	892	972	1062	1110
CJAPO.CJA02279	120	230	340	384	483	669	772
CKAMA.g14845.t1	59	281	391	435	534	720	823	903	993	1041
CLATE.FL83_19381-RA	97	141	240	426	524	621	711	759
CMONO.g17484.t1	81	199	289	335	396	495	681	784	864	954	1002
CNOUR.g6223.t1	82	128	240	350	460	504	603	789	892	972	1062	1110
CPLIC.g9386.t1	79	125	237	347	457	501	600	786	889	969	1053	1101
CREMA.FL82_23256-RA	76	122	238	348	490	534	633	819	922	1002	1092	1140
CSINI.Csp5_scaffold_00004.g311.t1	82	128	240	350	460	504	603	789	892	972	1062	1110
CSP21.g13078.t1	73	119	231	341	451	495	594	780	883	963	1053	1101
CSP26.g14886.t1	82	128	240	350	460	504	603	789	892	972	1062	1110
CSP28.g16848.t1	82	128	240	350	460	504	603	789	892	972	1062	1224	1294	1417	1737	2545	3041
CSP29.g14080.t1	82	128	240	350	460	504	603	789	892	972	1062	1110	1237	1354	1677	2103	2392	3059
CSP31.g22767.t1	82	128	240	350	460	504	603	789	892	972	1062	1110
CSP32.g14870.t1	82	128	240	350	460	504	603	789	892	972	1062	1110
CSP34.Sp34_X0032200.t1	82	128	240	350	460	504	603	789	892	972	1062	1110
CSP38.g20590.t1	222	332	442	486	585	771	874	954	1044	1092
CSP39.g23432.t1	82	128	240	350	460	504	603	789	892	972	1062	1110
CSP40.g12332.t1	82	128	240	350	460	504	603	789	892	972	1062	1110
CTROP.Csp11.Scaffold629.g13569.t1	97	141	240	426	529	609	699	747
CVIRI.g6036.t1	58	104	216	326	480	579	765	868	948	1038	1086
DCORO.DCO_012277	231	451	594	883	963	1104
