CAFRA.g9368.t1	76	184	327	682	922	1469	1696	1858	2110	2245	2316
CANGA.Cang_2012_03_13_00170.g6133.t2	46	151	569	907	1042	1729	1990	2128	2205
CBREN.CBN12637	76	181	324	679	913	1200	1457	1846	2098	2233	2304
CBRIG.CBG14568	76	181	679	919	1463	1852	2104	2247
CCAST.g14362.t1	46	151	569	907	1852	2113	2251	2328
CDOUG.g12396.t1	76	184	327	682	907	1194	1451	1678	1840	1966	2092	2227	2298
CELEG.K05B2.5b	76	181	324	679	910	1203	1457	1684	1846	1972	2098	2233	2304
CJAPO.CJA14294a	76	181	324	679	919	1466	1693	1855	1981	2107	2242
CKAMA.g3185.t1	76	184	327	682	922	1212	1469	1696	1858	2110	2245	2316
CLATE.FL83_00592-RA	73	184	327	682	916	1200	1580	1969	2095	2221	2356	2427
CMONO.g5975.t1	51	112	232	381	442	653	736	912	994	1341	1534	1631	1855	2017	2143	2278	2416
CNOUR.g17580.t2	76	184	327	682	922	1197	1454	1843	1969	2095	2230	2301
CPLIC.g8423.t1	183	292	391	592	886	1059	1123	1434	1621	1691	1918	2080	2206	2332
CREMA.FL82_01115-RA	73	172	315	670	904	1188	1442	1831	1957	2083	2218	2289
CSINI.Csp5_scaffold_00018.g1142.t1	76	181	679	919	1209	1466	1855	1981	2107	2242	2313
CSP21.g14487.t1	54	115	223	369	430	641	724	888	973	1329	1516	1610	1837	1999	2125	2260	2398	2484
CSP26.g6986.t1	76	181	679	919	1209	1466	1855	2107	2242	2313
CSP28.g9793.t1	76	184	327	682	922	1451	1678	1840	1966	2092	2227	2298
CSP29.g11560.t1	106	214	357	712	952	1227	1484	1873	1999	2125	2260	2331	2360	2381	2594	2698	2814	2925	3014	3153	3319	3390	3490	3774	4059	4155	4269	4443	4732	4812	5088
CSP31.g1827.t1	64	163	578	661	898	1430	1819	2080	2154
CSP32.g8375.t1	76	184	327	682	922	1469	1696	1858	2110	2245	2316
CSP34.Sp34_X0248500.t1	76	181	324	679	919	1209	1466	1693	1855	1981	2107	2178
CSP38.g17420.t1	61	169	587	916	1870	2131	2269	2343
CSP39.g26727.t1	76	181	324	679	916	1445	1672	1834	1960	2086	2221	2292
CSP40.g12387.t1	76	181	679	919	1188	1445	1834	1960	2086	2221	2295
CTROP.Csp11.Scaffold409.g998.t1	76	181	324	679	919	1209	1466	1693	1855	1981	2107	2242
CVIRI.g8295.t1	97	205	348	703	1224	1493	1882	2140	2278	2355
DCORO.DCO_004389	36	162	205	319	462	523	673	817	1017	1316	1470	1651	1972	2134	2260	2395	2542	2628
