CAFRA.g18490.t1	153	292	671	1548	2548	2904	3124	3512	3856	4083
CANGA.Cang_2012_03_13_01212.g15993.t1	
CBREN.CBN20811	153	292	671	1548	2548	2904	3298	3512	3856	4083
CBRIG.CBG01593	153	292	671	1548	2548	2904	3298	3512	3856	4083
CCAST.g8437.t1	135	274	581	1026	2604	3178	4068
CDOUG.g3641.t1	153	292	671	1548	2548	2904	3298	3512	3856	4083
CELEG.F35H10.10	162	301	680	1557	2557	2913	3133	3307	3521	3865	4092
CJAPO.CJA15153	156	295	674	1551	2551	2907	3124	3298	3512	3856	4098
CKAMA.g18761.t1	144	283	662	1539	2536	2892	3112	3286	3500	3844	4068
CLATE.FL83_16365-RA	153	292	671	1548	2551	2907	3301	3515	3859	4086
CMONO.g20154.t1	189	328	457	635	707	837	906	966	1080	1146	1238	1662	1791	1899	1978	2022	2196	2268	2438	2499	2567	2677	2751	2884	2965	3033	3153	3262	3436	3572	3650	3747	3839	4173	4245
CNOUR.g3548.t1	153	292	671	1548	2548	2904	3124	3298	3512	3856	4083
CPLIC.g1696.t1	171	310	617	689	948	1128	1220	1339	1572	1701	2970	3193	3581	3770	4074	4143
CREMA.FL82_03367-RA	153	292	671	1548	2551	2907	3301	3515	3859	4086
CSINI.Csp5_scaffold_00052.g2639.t1	153	292	671	1548	2557	2913	3307	3521	3865	4092
CSP21.g10905.t1	144	283	662	921	1101	1312	1527	1764	2061	2358	2536	2610	2824	2892	3025	3147	3199	3335	3413	3575	3867	3936
CSP26.g14173.t1	153	292	671	1548	2548	2904	3298	3512	3856	4083
CSP28.g14038.t1	153	292	671	1548	2548	3124	3298	3512	3856	4083
CSP29.g3185.t1	153	292	671	1548	2548	2904	3124	3298	3512	3856	4083
CSP31.g7847.t1	159	298	936	1208	1557	2447	2631	2913	3133	3307	3521	3618	4128
CSP32.g12832.t1	153	292	671	1548	2548	2904	3124	3512	3856	4083
CSP34.Sp34_40113210.t1	159	298	677	1554	2554	2910	3130	3304	3518	3862	4089
CSP38.g3389.t1	141	280	587	1032	2303	2432	2616	3181	3844	4077
CSP39.g28873.t1	153	292	671	1548	2548	3124	3298	3512	3856	4083
CSP40.g12941.t1	153	292	671	1548	2548	2904	3298	3512	3856	4083
CTROP.Csp11.Scaffold629.g7552.t1	153	292	671	1548	2548	3298	3512	3856	4083
CVIRI.g773.t1	156	295	804	933	1113	1680	2444	2910	3518	3707	4017	4089
DCORO.DCO_002783	129	268	397	575	777	906	1264	1533	1662	1849	1977	2208	2293	2447	2758	3018	3127	3249	3349	3437	3519	3612	3859	4029	4110
