CAFRA.g18524.t1	104	288	543	639	755
CANGA.Cang_2012_03_13_00008.g644.t1	7	98	543	639	770
CBREN.CBN20184	224	301	561	723	819	935
CBRIG.CBG01643	92	169	270	360	522	618	734
CCAST.g2790.t1	7	104	543	639	767
CDOUG.g18556.t1	227	304	405	495	657	753	869
CELEG.B0545.3	203	280	381	471	636	732	848
CJAPO.CJA00663	158	238	339	429	618	714	830
CKAMA.g9973.t1	61	191	268	369	459	621	717	833
CLATE.FL83_16326-RA	4	182	259	360	450	612	708	824
CMONO.g8877.t1	34	169	258	366	495	591	677
CNOUR.g3583.t1	155	232	333	423	585	681	797
CPLIC.g7349.t1	64	134	250	357	456	621	717	830	969	1218
CREMA.FL82_03398-RA	4	179	256	285	447	543	659
CSINI.Csp5_scaffold_00227.g7488.t1	191	268	369	459	621	717	833
CSP21.g12991.t1	10	145	252	354	489	571	653
CSP26.g14964.t1	173	250	351	441	603	699	815
CSP28.g13042.t1	4	146	324	414	579	675	791
CSP29.g3154.t1	149	226	327	417	579	675
CSP31.g12359.t1	62	139	240	330	483	579	686
CSP32.g581.t1	158	342	606	702	818
CSP34.Sp34_40118600.t1	4	215	292	393	483	645	741	857
CSP38.g9097.t1	119	396	555	651	770
CSP39.g9684.t1	182	363	453	618	714	830
CSP40.g12999.t1	161	238	339	429	591	687	803
CTROP.Csp11.Scaffold629.g12276.t1	60	222	318	434
CVIRI.g7303.t1	31	194	480	654	750	872
DCORO.DCO_020887	36	126	273	378	467
