CAFRA.g4804.t1	480	702	834	957	1222	1485
CANGA.Cang_2012_03_13_00036.g2022.t1	498	732	996
CBREN.CBN06029	492	711	963	1488
CBRIG.CBG17507	492	711	978	1503
CCAST.g1240.t1	23	672	906	1170
CDOUG.g2596.t1	489	708	834	960	1485
CELEG.W04G3.2	555	777	903	1294	1557
CJAPO.CJA04342	498	717	846	972	1506
CKAMA.g1348.t1	489	708	837	963	1228	1491
CLATE.FL83_01200-RA	489	708	963	1491
CMONO.g18532.t1	423	480	618	747	867	1059	1138	1282	1401
CNOUR.g15570.t1	492	714	840	1237	1500
CPLIC.g5099.t1	504	858	978	1396
CREMA.FL82_00448-RA	489	708	837	963	1491
CSINI.Csp5_scaffold_00025.g1446.t1	492	711	858	984	1512
CSP21.g1603.t1	417	486	714	849	1243	1387	1506
CSP26.g12193.t1	495	714	864	990	1518
CSP28.g13342.t1	492	726	852	1246	1509
CSP29.g11857.t1	492	714	840	1237	1500
CSP31.g10069.t1	501	981	1515
CSP32.g1375.t1	495	714	843	966	1231	1494
CSP34.Sp34_X0081600.t1	489	708	837	963	1228	1491
CSP38.g20656.t1	495	729	996	1533
CSP39.g19647.t1	492	717	843	1240	1503
CSP40.g6499.t1	492	711	840	966	1494
CTROP.Csp11.Scaffold515.g2642.t1	489	834	960	1491
CVIRI.g101.t1	507	741	999	1273	1536
DCORO.DCO_008229	123	269	435	519	636	747	879	1002	1188	1411	1530
