CAFRA.g14142.t1	128	198	326	408	513
CANGA.Cang_2012_03_13_00087.g3932.t1	128	198	408	513
CBREN.CBN15592	128	198	326	408	513
CBRIG.CBG16136	128	198	326	408	513	573
CCAST.g19267.t1	128	198	326	408	513
CDOUG.g2377.t1	128	198	326	513
CELEG.B0272.2	128	198	326	408	513
CJAPO.CJA12934	46	176	246	456	561
CKAMA.g9891.t1	128	198	326	408	513
CLATE.FL83_02250-RA	120	202	302	384	489
CMONO.g11239.t1	59	129	257	345	450	548	590	647	710	852	982	1162	1429	1551	1708	1810	1879
CNOUR.g12504.t1	128	198	326	408	513
CPLIC.g12218.t1	128	198	326	408	513	611
CREMA.FL82_15405-RA	128	198	326	408	513
CSINI.Csp5_scaffold_00011.g755.t1	128	198	326	408	513
CSP21.g13305.t1	128	198	411	516
CSP26.g144.t1	128	198	326	408	513
CSP28.g8021.t1	128	198	326	408	513
CSP29.g1806.t1	128	198	326	408	513
CSP31.g15331.t1	128	198	326	408	513
CSP32.g7083.t1	128	198	326	408	513
CSP34.Sp34_X0054800.t1	128	198	326	408	513
CSP38.g5442.t1	128	198	326	408	513
CSP39.g20803.t1	128	198	326	408	513
CSP40.g4771.t1	128	198	326	408	513
CTROP.Csp11.Scaffold629.g13441.t1	128	198	326	408	513
CVIRI.g252.t1	128	198	326	408	513
DCORO.DCO_017923	25	126	204	260	330	458	546	651
