CAFRA.g2043.t1	81	207	287	350	432	519	642	725	972
CANGA.Cang_2012_03_13_00073.g3455.t1	87	429	516	642	725
CBREN.CBN24708	96	222	305	368	450	839
CBRIG.CBG05129	96	222	308	371	453	540	623
CCAST.g10756.t1	69	156	282	365
CDOUG.g11123.t1	90	216	299	362	444	531	654	737
CELEG.F54A5.2a	96	222	305	450	537	660	743
CJAPO.CJA17861	
CKAMA.g7106.t1	81	207	287	350	432	519	642	725
CLATE.FL83_06317-RA	87	173	236	318	405	528	611
CMONO.g785.t1	111	237	317	380	465	549	675	758
CNOUR.g7053.t1	84	210	290	353	435	522	645	728
CPLIC.g11304.t1	18	144	272	354	441	647	840
CREMA.FL82_16161-RA	66	137	210	479	570	656	755	837	924	1047	1130
CSINI.Csp5_scaffold_00789.g15482.t2	225	311	374	456	543	666	749
CSP21.g15425.t1	84	210	290	353	441	525	731	826	974
CSP26.g11641.t1	96	222	308	371	453	540	663	746
CSP28.g10980.t1	84	210	290	353	441	528	651	734
CSP29.g17641.t1	84	210	290	353	435	522	645	728
CSP31.g14495.t1	87	213	362	444	531	654	737
CSP32.g6598.t1	81	207	287	350	432	519	642	725
CSP34.Sp34_10231300.t1	90	216	299	444	531	654	737
CSP38.g13340.t1	90	216	447	534	660	743
CSP39.g193.t1	84	210	290	353	435	522	645	728
CSP40.g1608.t1	99	225	311	374	456	543	666
CTROP.Csp11.Scaffold629.g8545.t1	93	219	299	362	444	531	654	737
CVIRI.g3737.t1	81	207	356	441	528	651	734
DCORO.DCO_013633	126	252	404	576	702	788	922
