CAFRA.g13764.t1	133	396
CANGA.Cang_2012_03_13_00712.g13619.t1	133	396	498
CBREN.CBN10296	133	396	498
CBRIG.CBG17994	133	396	498
CCAST.g3781.t1	133	396	498
CDOUG.g5129.t1	133	396	498
CELEG.B0393.1.1	133	396	498
CJAPO.CJA07876	133	396	498
CKAMA.g7002.t1	133	396	498
CLATE.FL83_22467-RA	133	396	498
CMONO.g18123.t1	133	396	498	813	881	993	1083	1164
CNOUR.g901.t1	133	396	498
CPLIC.g14353.t1	133	396	498
CREMA.FL82_10013-RA	115	253	516	618
CSINI.Csp5_scaffold_00221.g7370.t1	133	396	498
CSP21.g11115.t1	133	396	498
CSP26.g1595.t1	133	396	498
CSP28.g3561.t1	133	396	498
CSP29.g20672.t1	133	396	498
CSP31.g20285.t1	133	396	498
CSP32.g12893.t1	133	396
CSP34.Sp34_30064700.t1	133	396	498
CSP38.g18591.t1	133	396	498
CSP39.g28188.t1	133	396	498
CSP40.g1242.t1	133	396	498
CTROP.Csp11.Scaffold478.g1798.t1	133	396	498
CVIRI.g10757.t1	19	157	420	522
DCORO.DCO_017567	33	133	188	267	396	498	629	693	820
