CAFRA.g19598.t1	108	219	600	846
CANGA.Cang_2012_03_13_00570.g12348.t1	156	326	465	635	987
CBREN.CBN01867	117	333
CBRIG.CBG20848	111
CCAST.g8103.t1	285	455	807
CDOUG.g5662.t1	105	321
CELEG.K09E4.3a	84	219	741
CJAPO.CJA19039	105	216	321	597	843
CKAMA.g7754.t1	130	233	542	653	783	869	1503	1608	2064	2175	2280	2556	2802
CLATE.FL83_09761-RA	130	233	344	447	533	1215	1323	1836	2052
CMONO.g1745.t1	87	192	246	362	468	588	714	837
CNOUR.g11580.t1	102	213	318	594	840
CPLIC.g5641.t1	84	195	300	696	822	945
CREMA.FL82_14463-RA	374	816	979	1082	1193	1323	1409	2091	2199	2696	2751	2967
CSINI.Csp5_scaffold_01275.g19771.t1	99	369
CSP21.g2023.t1	93	204	309	357	473	579	699	825	948
CSP26.g17919.t1	108
CSP28.g15965.t1	93	204	309	585	831
CSP29.g18657.t1	9	401	858	1090	1222	1325	1473	1634	1745	2430	2538	2715	2805	2910	3186	3432
CSP31.g21677.t1	99	315	591	837
CSP32.g2213.t1	108	219	600	846
CSP34.Sp34_20063700.t1	318	840
CSP38.g2215.t2	273	609	846	1035	1183	1706	2282	2424	2544	2701	2991	3161	3513
CSP39.g8958.t2	105	216	321	597	843	927
CSP40.g5646.t1	108
CTROP.Csp11.Scaffold630.g19510.t1	105	843
CVIRI.g17179.t1	165	270	666	792
DCORO.DCO_015789	60	171	252	324	440	546	666	792
