CAFRA.g7212.t1	120	231	375
CANGA.Cang_2012_03_13_00285.g8473.t1	39	150	294
CBREN.CBN08435	120	231	375	456
CBRIG.CBG20794	120	264	345
CCAST.g1030.t1	120	231	375
CDOUG.g8023.t1	120	231	375	456
CELEG.Y48C3A.10	120	231	375	456
CJAPO.CJA01201	395	516	627	771	852
CKAMA.g4859.t1	120	231	375	456
CLATE.FL83_06859-RA	120	231	375	456
CMONO.g1191.t1	202	306	417	561	642
CNOUR.g18056.t1	120	231	375	456
CPLIC.g3028.t1	40	162	273	417
CREMA.FL82_05695-RA	120	231	375	456
CSINI.Csp5_scaffold_00020.g1231.t1	120	231	375	456
CSP21.g4455.t1	120	231	375	456
CSP26.g11570.t1	120	231	375	456
CSP28.g14458.t1	120	231	375	456
CSP29.g7031.t1	120	231	375	456
CSP31.g20055.t1	120	231	375	456
CSP32.g16239.t1	120	231	375
CSP34.Sp34_20072100.t1	120	231	375	456
CSP38.g8478.t1	120	231	375	456
CSP39.g11108.t1	120	231	375	456
CSP40.g5597.t1	120	231	375	456
CTROP.Csp11.Scaffold630.g19474.t1	120	231	375	456
CVIRI.g13365.t1	120	231	375	456
DCORO.DCO_020905	120	234	378	459
