CAFRA.g11653.t1	43	200	303	696	778	1152
CANGA.Cang_2012_03_13_00211.g7094.t1	37	143	246
CBREN.CBN26394	43	200	303	693	775	1149
CBRIG.CBG01789	43	200	303	693	775	1149
CCAST.g2780.t1	37	194	297
CDOUG.g24140.t1	91	248	351	826	1200
CELEG.W02A2.3a	43	200	303	775	1149
CJAPO.CJA09761	43	200	303	504	696	778	1152
CKAMA.g4341.t1	43	200	303	687	769	1143
CLATE.FL83_19466-RA	43	200	303	693	775	1149
CMONO.g13886.t1	191	516	606	735	817	1005	1191
CNOUR.g19873.t1	43	200	303	516	702	784	1158
CPLIC.g2854.t1	40	197	492	736	1110
CREMA.FL82_03511-RA	43	200	303	693	775	1149
CSINI.Csp5_scaffold_02412.g26368.t1	43	200	303	693	775	1149
CSP21.g12741.t1	40	197	528	814	1002	1191
CSP26.g15209.t1	43	200	303	693	775	1149
CSP28.g12122.t1	43	200	303	516	705	787	1161
CSP29.g3034.t1	43	200	303	516	702	784	1158
CSP31.g5322.t1	37	197	300	1155
CSP32.g14439.t1	43	200	303	699	781	1155
CSP34.Sp34_40139000.t1	43	200	303	696	778	1152
CSP38.g856.t1	37	194	297
CSP39.g22708.t1	43	200	303	507	693	775	1149
CSP40.g2399.t1	43	200	303	693	775	1149
CTROP.Csp11.Scaffold589.g5047.t1	43	200	303	775	1149
CVIRI.g13874.t1	40	197	300	1152
DCORO.DCO_013167	40	142	197	259	363	504	594	672	760	945	1131
