CAFRA.g3390.t1	210	508	591	967	1209
CANGA.Cang_2012_03_13_00280.g8395.t1	300
CBREN.CBN26039	210	379	508	591	967	1127
CBRIG.CBG24632	210	379	508	591	967	1097	1176
CCAST.g490.t1	210	591	961	1121
CDOUG.g6624.t1	210	379	508	591	970	1130	1209
CELEG.W06D12.2	210	379	508	591	976	1215
CJAPO.CJA16021b	166	295	378	760	920	999
CKAMA.g11286.t1	352	512	525
CLATE.FL83_14257-RA	210	385	514	600	834
CMONO.g15234.t1	210	379	508	600	784	961	1118	1197
CNOUR.g20093.t1	203	514	600	979	1139	1218
CPLIC.g790.t1	210	373	502	582	775	952	1039	1112	1191
CREMA.FL82_12847-RA	45	86	297	360	435	911
CSINI.Csp5_scaffold_00355.g10003.t1	5	216	385	514	601	1006	1166	1245
CSP21.g1182.t1	210	257	379	508	594	787	964	1048	1124	1203
CSP26.g3553.t1	5	216	385	514	597	973
CSP28.g417.t1	166	295	378	917	996
CSP29.g18205.t1	295	374	509	786	990	1210	1547	1994	2205	2374	2503	2586	2965	3125	3204
CSP31.g17530.t1	210	508	582	952	1191
CSP32.g6017.t1	210	508	591	967	1206
CSP34.Sp34_50405010.t1	210	382	511	594	970	1209
CSP38.g1586.t1	508	591	961	1124	1203
CSP39.g6313.t1	105	274	403	486	865	1025	1104
CSP40.g23390.t1	5	216	385	514	597	973	1133	1212
CTROP.Csp11.Scaffold630.g21897.t1	190	350
CVIRI.g350.t1	210	511	600	976	1136	1215
DCORO.DCO_010403	20	240	406	535	627	829	1003	1209	1287	1332
