CAFRA.g12578.t1	19	114	275	470	613	796	898	1189	1355
CANGA.Cang_2012_03_13_00345.g9507.t1	109	338	515	536	679	862	1139	1255	1421	1524
CBREN.CBN11328	109	195	356	545	688	871	973	1148	1264	1430
CBRIG.CBG14734	109	204	365	554	697	880	982	1157	1273	1439
CCAST.g14641.t1	109	332	509	652	835	1112	1228	1394	1497
CDOUG.g5577.t1	19	114	275	464	607	790	892	1067	1183	1349
CELEG.W01C8.6a	109	204	362	551	694	877	979	1154	1270	1436
CJAPO.CJA15872b	339	511	606	767	956	1099	1282	1384	1559	1675	1841
CKAMA.g14063.t1	109	207	371	560	703	886	988	1163	1279	1445
CLATE.FL83_00472-RA	109	204	365	554	697	880	982	1157	1273	1439
CMONO.g5453.t1	109	207	362	521	664	847
CNOUR.g13207.t1	19	114	275	470	613	796	898	1073	1189	1355
CPLIC.g10988.t1	109	204	365	575	718	901	1178	1294	1460	1569
CREMA.FL82_01241-RA	109	204	374	563	706	889	991	1166	1282	1448
CSINI.Csp5_scaffold_00027.g1544.t1	111	272	467	610	793	895	1043	1159	1325
CSP21.g10366.t1	109	207	368	521	847	949	1124	1240	1406	1509
CSP26.g7757.t1	19	114	275	470	613	796	898	1073	1189	1355
CSP28.g10531.t1	19	114	275	470	613	796	898	1022	1138	1304
CSP29.g3934.t1	109	204	365	560	703	886	988	1163	1279	1445
CSP31.g16012.t1	109	204	356	563	706	889	991	1282	1448	1557
CSP32.g166.t1	19	114	275	470	613	796	898	1189	1355
CSP34.Sp34_X0235300.t1	19	114	275	464	607	790	892	1067	1183	1349
CSP38.g10430.t1	109	198	314	491	634	817	1094	1210	1376	1479
CSP39.g7944.t1	109	204	365	560	703	886	988	1163	1279	1445
CSP40.g17627.t1	19	114	275	470	613	796	898	1073	1189	1355
CTROP.Csp11.Scaffold626.g6586.t2	109	204	365	554	697	880	982	1157	1273	1439
CVIRI.g2599.t1	109	201	344	530	856	1249	1415	1524
DCORO.DCO_008009	6	127	249	437	602	745	928	1030	1205	1321	1487	1578
