CAFRA.g6193.t1	85	267	720	1277	1456	1571
CANGA.Cang_2012_03_13_00421.g10627.t1	176	465	717	1185	1586
CBREN.CBN15228	94	276	729	1286	1462	1577
CBRIG.CBG23194	94	276	431	603	1160	1336	1451
CCAST.g15431.t1	176	465	717	1185	1583
CDOUG.g15404.t1	279	369	493	646	710	826	1029	1293	1420	1574	1823	2086	2269	2302	2444	2551	2733	3186	3743	3919	4034
CELEG.K03B8.9.1	94	276	729	1286	1462	1577
CJAPO.CJA11305	91	273	726	1277	1456	1571
CKAMA.g9389.t1	34	234	498	625	779	1028	1309	1486	1646	1747	1929	2382	2939	3118	3233
CLATE.FL83_16733-RA	152	415	592	745	799	981	1380	2119	2234
CMONO.g3372.t1	73	167	255	456	548	708	979	1176	1259	1420	1535
CNOUR.g9183.t1	82	264	717	1277	1459	1574
CPLIC.g13861.t1	32	120	321	413	573	757	919
CREMA.FL82_09495-RA	72	336	463	617	866	1129	1306	1459	1513	1695	2148	2887	3002
CSINI.Csp5_scaffold_00560.g12884.t1	94	276	729	1286	1456	1560
CSP21.g827.t1	79	173	261	462	554	714	985	1182	1268	1432	1462	1577
CSP26.g20976.t1	94	276	729	1286	1462	1577
CSP28.g3655.t1	137	500	540	625	828	1092	1219	1373	1622	1885	2062	2086	2241	2347	2529	2982	3724	3839
CSP29.g299.t1	43	240	504	631	785	1034	1297	1474	1629	1714	1872	2325	2885	3067	3182
CSP31.g9239.t1	174	219	483	610	764	1013	1279	1456	1628	1720	1856	2237	2397	2954	3133	3248
CSP32.g7129.t1	85	267	720	1277	1456	1571
CSP34.Sp34_50322600.t1	103	285	738	1295	1471	1586
CSP38.g19309.t1	176	988	1185	1574
CSP39.g10061.t1	97	279	1292	1474	1589
CSP40.g10118.t1	94	276	729	1286	1462	1577
CTROP.Csp11.Scaffold629.g12674.t1	94	276	729	1286	1462	1577
CVIRI.g1875.t1	103	197	486	738	922	1574
DCORO.DCO_006721	124	218	306	461	599	660	779	943	1030	1105	1227	1325	1501	1616	1718
