CAFRA.g18955.t1	42	152	294	882	1007	1142	2487	2613	2748
CANGA.Cang_2012_03_13_17602.g25739.t1	
CBREN.CBN12556	42	152	294	638	798	882	1007	1142	2478	2604	2739
CBRIG.CBG06802	42	152	294	638	798	1007	1142	2487	2613	2748
CCAST.g15035.t1	110	338	480	596	756	840	1103	2352	2478
CDOUG.g6651.t1	42	152	294	638	798	1007	1142	2478	2604	2739
CELEG.F54G8.4	42	152	294	638	798	882	1007	1142	2472	2598	2733
CJAPO.CJA00547	42	152	798	882	1142	2433	2559	2694
CKAMA.g5169.t1	110	252	596	756	840	965	1100	2400	2526	2661
CLATE.FL83_07478-RA	42	152	294	638	882	1007	1142	2514	2640	2775
CMONO.g11033.t1	39	149	224	291	377	459	519	635	795	837	962	1088	2325	2451	2586
CNOUR.g18373.t1	42	152	638	798	882	1007	1142	2466	2592	2727
CPLIC.g13665.t1	75	142	228	310	370	486	730	975	2158	2284	2419
CREMA.FL82_20453-RA	110	252	596	840	965	1100	2466	2592	2727
CSINI.Csp5_scaffold_02124.g24977.t1	110	252	596	756	965	1100	2451	2577	2712
CSP21.g5809.t1	36	146	221	288	362	444	620	780	864	989	1121	1750	2223	2349	2526
CSP26.g20355.t1	110	252	756	965	1100	2445	2571	2706
CSP28.g16733.t1	110	596	756	840	965	1100	2427	2553	2688
CSP29.g2008.t1	42	152	638	798	882	1007	1142	2466	2592	2727
CSP31.g5770.t1	42	152	294	380	553	638	798	882	1007	1136	2358	2484	2619	2661
CSP32.g16097.t1	42	152	294	882	1007	1142	2484	2610	2745
CSP34.Sp34_30261400.t1	42	152	294	638	798	882	1007	1142	1460	1780	2265	2391	2526
CSP38.g8210.t1	39	149	377	795	1139	2415	2541
CSP39.g13782.t1	42	152	798	882	1142	2472	2598	2733
CSP40.g9081.t1	42	152	294	638	1007	1142	2508	2634	2769
CTROP.Csp11.Scaffold630.g18945.t2	81	290	425	1655
CVIRI.g4174.t1	42	152	294	380	638	798	882	1007	1139	2484	2610	2745
DCORO.DCO_003759	39	149	224	291	377	519	635	795	879	1004	1127	2610	2736	2913
