CAFRA.g12904.t1	235	316	426	681	873	960	1053	1318	1485	1604	1995	2085	2148
CANGA.Cang_2012_03_13_01181.g15909.t1	145	241	432	573	687	879	966
CBREN.CBN12554	139	235	316	426	681	807	873	960	1053
CBRIG.CBG02074	145	241	322	426	681	807	960	1053
CCAST.g13748.t1	145	241	432	573	687	879	966
CDOUG.g4701.t1	139	235	316	426	681	807	873	960	1053
CELEG.T03G6.3	139	235	316	426	681	807	873	960	1053
CJAPO.CJA15376	139	235	316	426	681	873	960	1053
CKAMA.g1218.t1	139	235	316	426	681	807	873	960	1053
CLATE.FL83_01019-RA	403	499	580	690	945	1071	1137	1224	1317
CMONO.g11519.t1	148	244	325	435	576	690	816	882	969	1062	1177
CNOUR.g16643.t1	139	235	316	426	681	873	960	1053
CPLIC.g12167.t1	139	235	316	426	567	681	873	960	1053	1168
CREMA.FL82_00629-RA	349	445	526	636	891	1017	1083	1170	1263
CSINI.Csp5_scaffold_01232.g19448.t1	160	256	447	702	828	894	981	1074
CSP21.g15640.t1	139	235	426	681	873	960	1053	1221
CSP26.g12635.t1	142	238	429	684	810	876	963	1056
CSP28.g9652.t1	139	235	316	426	681	873	960	1053	1315	1455	1905	2016	2148
CSP29.g11715.t1	139	235	316	426	645	837	924	1017	1261	1401	1851	1962	2094	2260	2360	2445	2748	2850	2964
CSP31.g21883.t1	139	235	316	426	567	681	807	873	960	1053
CSP32.g5693.t1	235	316	426	681	873	960	1053	1318	1497	1619	2010	2100	2172
CSP34.Sp34_X0098510.t1	139	235	316	426	681	807	873	960	1053
CSP38.g15073.t1	142	238	429	570	684	876
CSP39.g1288.t1	139	235	316	426	681	873	960	1053
CSP40.g12532.t1	142	238	429	684	810	876	963	1056
CTROP.Csp11.Scaffold582.g4643.t1	139	235	316	426	681	807	873	960	1053
CVIRI.g2553.t1	142	238	429	570	684	810	876	963	1056
DCORO.DCO_010619	145	241	322	432	573	687	813	966	1059	1227
