CAFRA.g18241.t1	159	407	554	689	780
CANGA.Cang_2012_03_13_00002.g181.t1	60	208	351	459	704	833
CBREN.CBN03518	60	208	351	459	707	854	1001	1095
CBRIG.CBG14815	60	208	351	459	704	854	998	1092
CCAST.g10025.t1	17	181	324	432	677	806
CDOUG.g7919.t1	60	208	351	459	686	836	1080
CELEG.C09B8.3	33	181	324	432	674	824	971	1056
CJAPO.CJA06088	60	208	351	459	707
CKAMA.g3548.t1	60	208	351	459	701	848	945
CLATE.FL83_00427-RA	60	208	351	459	707	854	1001	1095
CMONO.g15611.t1	60	168	269	404	530	600
CNOUR.g13255.t1	60	208	351	459	707	854	989	1083
CPLIC.g5927.t1	60	205	456	692	845	1016	1095
CREMA.FL82_01772-RA	181	324	432	680	827	974	1068
CSINI.Csp5_scaffold_00083.g3724.t1	60	208	351	459	707	857	1001	1098
CSP21.g5699.t1	68	222	263	339	487	630	738	882	995	1124	1226
CSP26.g21960.t1	60	208	351	459	707	857	1001	1101
CSP28.g10573.t1	7	150	258	506	653	788	870	1018	1161	1269
CSP29.g3974.t1	60	208	351	459	707	854	989	1083
CSP31.g16065.t1	60	208	351	603	701	848	980	1062
CSP32.g205.t1	136	279	387	635	782	917	1008
CSP34.Sp34_X0231400.t1	60	208	351	459	704	851	998	1098
CSP38.g10387.t1	60	208	351	459	704	836
CSP39.g7229.t1	60	208	351	459	707	854	989	1086
CSP40.g13987.t1	60	208	351	459	704	854	998	1095
CTROP.Csp11.Scaffold626.g6538.t1	60	208	351	459	707	857	1004	1098
CVIRI.g2937.t1	60	208	351	459	707	860	1035
DCORO.DCO_014343	60	208	354	462	609	713	816	860	969
