CAFRA.g7547.t1	37	207
CANGA.Cang_2012_03_13_00391.g10177.t1	6	22	390
CBREN.CBN03899	37	207	1257	1362
CBRIG.CBG03435	37	207	1257	1362
CCAST.g12962.t1	207	950	1362
CDOUG.g1625.t1	37	207	1257	1362
CELEG.C47E12.1.1	37	207	1257	1362
CJAPO.CJA03488	37	1257
CKAMA.g381.t1	37	207	1257	1362
CLATE.FL83_20957-RA	37	129	1110	1215
CMONO.g3943.t1	37	136	207	291	357	483	614	720	831	923	1002	1100	1230	1335
CNOUR.g11644.t1	37	1362
CPLIC.g64.t1	37	207	462	1029	1127	1257
CREMA.FL82_03630-RA	73	243	1293	1398
CSINI.Csp5_scaffold_01675.g22457.t1	37	207	1257	1362
CSP21.g1488.t1	136	207	291	357	510	641	858	978	1127	1362
CSP26.g18687.t1	37	207	1257	1362
CSP28.g2404.t1	71	587	1257	1324	1494	2649
CSP29.g6749.t1	37	1362
CSP31.g305.t1	37	136	207	510	641	950	1127	1362
CSP32.g9177.t1	37	207	1362
CSP34.Sp34_40254800.t1	37	207	1257	1362
CSP38.g2377.t1	207	510	1029	1362
CSP39.g16530.t1	37	207	1362
CSP40.g13056.t1	37	207	1257	1362
CTROP.Csp11.Scaffold585.g4817.t1	558	663
CVIRI.g2338.t1	37	207	510	950	1127	1362
DCORO.DCO_010067	37	136	207	291	357	510	641	747	858	950	1029	1127	1257	1362
