CAFRA.g16680.t1	158	1233
CANGA.Cang_2012_03_13_00476.g11281.t1	457	534	657	812	927	1077	1204
CBREN.CBN09848	158	1275
CBRIG.CBG12497	158	951	1224
CCAST.g10280.t1	639	762	917	1032	1182	1309
CDOUG.g2145.t1	158	960	1233
CELEG.F43G9.10	158	948	1221
CJAPO.CJA16723	158	771	972	1245
CKAMA.g8850.t1	158	942	1215
CLATE.FL83_07069-RA	158	948	1221
CMONO.g8114.t1	158	260	356	420	531	630	747	870	1025	1140	1290	1417
CNOUR.g210.t1	158	942	1215
CPLIC.g14401.t1	561	801	1221	1348
CREMA.FL82_17751-RA	158	948	1221
CSINI.Csp5_scaffold_01882.g23694.t1	158	948	1221
CSP21.g8840.t1	158	380	549	648	753	1031	1146	1296	1423
CSP26.g12427.t1	158	951
CSP28.g16913.t1	158	939
CSP29.g999.t1	158	431	711	984
CSP31.g8267.t1	158	236	675	798	1068	1345
CSP32.g5034.t1	158	975	1248
CSP34.Sp34_10313200.t1	158	948	1221
CSP38.g10752.t1	627	750	905	1020	1170	1297
CSP39.g2442.t1	158	957	1230
CSP40.g24324.t1	158	948	1221
CTROP.Csp11.Scaffold630.g20465.t1	158	695	849	1122
CVIRI.g2801.t1	254	696	819	1239	1366
DCORO.DCO_009701	65	158	251	438	549	642	768	891	1046	1161	1311	1441
