CAFRA.g13168.t1	105	224	381	647	751	830	921
CANGA.Cang_2012_03_13_00161.g5958.t1	105	224	390	930
CBREN.CBN29255	105	224	381	647	751	921
CBRIG.CBG08406	105	224	647	921
CCAST.g16077.t1	105	224	390	930
CDOUG.g10683.t1	105	224	647	751	921
CELEG.K07A9.2	105	224	381	647	751	921
CJAPO.CJA08075a	150	226	361	717	836	993	1259	1363	1442	1533
CKAMA.g15359.t1	104	183
CLATE.FL83_15674-RA	83	240	506	610	780
CMONO.g840.t1	159	271	476	649	811	872	1167	1286	1443	1500	1616	1709	1813	1892	1983
CNOUR.g12062.t1	105	224	381	647	751	830	921
CPLIC.g4971.t1	108	227	384	557	650	754	833	924
CREMA.FL82_07558-RA	119	276	542	646	816
CSINI.Csp5_scaffold_05235.g34634.t2	36	155	578	703	873
CSP21.g14323.t1	93	212	426	542	635	739	909
CSP26.g21055.t1	105	224	647	921
CSP28.g9222.t1	105	224	381	647	751	830	921
CSP29.g3602.t1	105	224	381	647	751	830	921
CSP31.g5430.t1	96	215	372	638	821	912
CSP32.g15596.t1	105	224	381	647	751	830	921
CSP34.Sp34_40042300.t1	114	233	390	656	760	839	930
CSP38.g19644.t1	105	224	381	921
CSP39.g2791.t1	105	224	396	662	766	845	936
CSP40.g16205.t1	105	224	647	751	921
CTROP.Csp11.Scaffold629.g10714.t1	634	797	954	1494
CVIRI.g11951.t1	119	276	646	725	816
DCORO.DCO_014627	132	251	408	455	581	674	778	857	948
