CAFRA.g8740.t1	76	141	243	386	501	594	957	1083	1172	1225	1332	1464	1604	1793	1871	2040	2130	2241	2330	2483
CANGA.Cang_2012_03_13_00116.g4789.t3	76	141	243	371	579	930	1056	1145	1198	1592	1859	2028	2229	2318	2471
CBREN.CBN03763	76	141	243	389	504	969	1095	1184	1237	1344	1476	1616	1805	1883	2052	2253	2342	2495
CBRIG.CBG14649	80	141	243	555	1020	1146	1235	1288	1395	1530	1670	1859	1937	2106	2196	2307	2396	2549
CCAST.g11844.t1	76	141	243	371	579	930	1056	1145	1198	1592	1859	2028	2229	2318	2471
CDOUG.g486.t1	76	141	243	386	501	966	1092	1181	1234	1341	1473	1613	1802	1880	2049	2250	2339	2492
CELEG.Y34B4A.4a	76	141	243	386	501	972	1098	1187	1240	1347	1479	1619	1808	1886	2055	2145	2345	2498
CJAPO.CJA04768b	19	503	633	735	878	993	1086	1336	1398	1524	1613	1666	1773	1899	2039	2228	2306	2475	2565	2676	2765	2918
CKAMA.g3239.t1	78	180	323	438	900	1026	1115	1168	1278	1410	1550	1817	1986	2076	2187	2276	2429
CLATE.FL83_00535-RA	76	141	243	386	501	966	1092	1181	1234	1344	1476	1616	1805	1883	2052	2142	2253	2342	2495
CMONO.g17800.t1	76	141	243	416	531	624	761	820	975	1098	1240	1350	1473	1613	1802	1880	1965	2049	2139	2250	2339	2492
CNOUR.g767.t1	76	141	243	386	501	594	960	1086	1175	1228	1335	1467	1604	1793	1871	2040	2130	2241	2330	2483
CPLIC.g10426.t1	520	598	663	765	929	1137	1274	1491	1617	1762	1869	2135	2324	2408	2577	2667	2778	2867	3020
CREMA.FL82_01177-RA	76	141	243	386	501	966	1092	1181	1234	1344	1476	1616	1805	1883	2056	2127	2238	2327	2480
CSINI.Csp5_scaffold_00012.g810.t1	76	141	243	386	501	963	1089	1178	1231	1338	1473	1613	1802	1880	2049	2139	2250	2339	2492
CSP21.g15452.t1	76	141	243	386	501	594	743	808	963	1089	1178	1231	1341	1458	1598	1787	1868	1950	2034	2235	2324	2477
CSP26.g17794.t1	76	141	243	386	501	963	1089	1178	1231	1338	1473	1613	1802	1880	2049	2139	2250	2339	2492
CSP28.g10481.t1	76	141	290	405	498	864	990	1079	1132	1239	1371	1511	1700	1778	1947	2037	2148	2237	2390
CSP29.g3877.t1	76	141	243	386	501	594	960	1086	1175	1228	1335	1467	1604	1793	1871	2040	2130	2241	2330	2483
CSP31.g9042.t1	76	141	243	380	495	954	1080	1169	1222	1329	1601	1790	1868	2037	2127	2238	2327	2480
CSP32.g15854.t1	76	141	243	386	501	594	957	1083	1172	1225	1332	1464	1604	1793	1871	2040	2130	2241	2330	2483
CSP34.Sp34_X0241800.t1	76	141	243	386	501	966	1092	1181	1234	1341	1473	1613	1802	1880	2049	2139	2250	2339	2492
CSP38.g10903.t1	76	141	243	371	579	930	1056	1145	1198	1446	1586	1853	2022	2312	2465
CSP39.g21618.t1	374	451	516	618	767	882	975	1341	1467	1556	1609	1716	1848	1988	2177	2255	2424	2514	2625	2714	2867
CSP40.g17688.t1	76	141	243	386	501	963	1089	1178	1231	1338	1473	1613	1802	1880	2049	2139	2250	2339	2492
CTROP.Csp11.Scaffold527.g3105.t1	76	141	243	383	498	960	1086	1175	1228	1335	1467	1847	1925	2094	2295	2384	2537
CVIRI.g10473.t1	76	243	398	606	743	963	1089	1178	1231	1341	1470	1610	1799	2046	2136	2247	2336	2489
DCORO.DCO_004223	72	160	225	333	569	681	774	905	994	1149	1278	1364	1417	1527	1656	1793	1982	2142	2226	2316	2516	2669	2759
