CAFRA.g11967.t1	347	555	747	1014	1161	1379	1483	1669
CANGA.Cang_2012_03_13_00862.g14616.t1	149	419	852	1739
CBREN.CBN19315	341	546	738	1005	1152	1370	1474	1660
CBRIG.CBG06741	594	786	1053	1200	1418	1522
CCAST.g43.t1	251	552	744	1376	1480	1666
CDOUG.g2541.t1	341	546	738	1005	1152	1370	1474	1660
CELEG.C50B6.7	341	546	738	1152	1370	1474	1660
CJAPO.CJA11933	344	744	1011	1158	1376	1480	1666
CKAMA.g6119.t1	341	549	741	1008	1155	1373	1477	1663	1813
CLATE.FL83_03856-RA	347	552	744	1011	1158	1376	1480	1666
CMONO.g3052.t1	71	195	257	350	474	590	666	761	824	927	1074	1157	1292	1396	1459	1585	1735	1899	2011	2048
CNOUR.g5128.t1	341	549	741	1008	1373	1477	1663	1813
CPLIC.g2778.t1	68	347	555	671	747	905	1014	1161	1379	1483	1666	1983
CREMA.FL82_10970-RA	347	552	744	1011	1158	1376	1480	1666
CSINI.Csp5_scaffold_00047.g2485.t1	242	447	639	906	1053	1271	1375	1561
CSP21.g1374.t1	53	239	332	540	656	732	890	999	1146	1364	1633	1804
CSP26.g6614.t1	341	546	738	1005	1152	1370	1474	1660
CSP28.g11250.t1	341	741	1155	1663
CSP29.g9141.t1	320	528	720	987	1352	1456	1642	1792
CSP31.g17966.t1	248	341	549	741	899	1238	1373	1477	1666
CSP32.g6216.t1	350	558	750	1017	1164	1382	1486	1672
CSP34.Sp34_50155300.t1	102	281	489	681	948	1095	1313	1417	1603
CSP38.g4968.t1	87	450	642	1274	1378	1564
CSP39.g9198.t1	347	747	1014	1483	1669
CSP40.g2511.t1	341	546	738	1005	1152	1370	1474	1660
CTROP.Csp11.Scaffold630.g19806.t1	341	546	738	1152	1370	1474	1660
CVIRI.g3972.t1	62	341	741	899	1155	1477	1666	1816
DCORO.DCO_009265	62	239	549	665	899	1002	1146	1278	1364	1468
