CAFRA.g8685.t1	86	193	366	585	689
CANGA.Cang_2012_03_13_00024.g1457.t1	86	193	296	366	515	689
CBREN.CBN02959	86	193	296	366	585	689
CBRIG.CBG14241	209	333	441	660	764
CCAST.g17201.t1	86	193	296	366	515	689
CDOUG.g20221.t1	86	193	296	366	585	689
CELEG.C18B2.3	86	193	296	366	585	689
CJAPO.CJA07157	86	193	296	366	585	689
CKAMA.g3037.t1	86	193	296	366	585	689
CLATE.FL83_00804-RA	86	193	296	366	585	689
CMONO.g1294.t2	8	112	215	285	434	504	608
CNOUR.g13775.t2	86	193	296	366	585	689
CPLIC.g14575.t1	72	167	274	377	447	596	666	770
CREMA.FL82_00871-RA	86	193	296	366	585	689
CSINI.Csp5_scaffold_00003.g174.t1	86	193	296	366	585	689
CSP21.g2538.t1	86	193	296	366	515	585	689
CSP26.g18751.t1	86	193	296	366	585	689
CSP28.g10426.t1	86	193	296	366	585	689
CSP29.g14634.t1	86	193	296	366	585	689
CSP31.g1788.t1	86	199	302	521	591	695
CSP32.g398.t1	86	193	366	585	689
CSP34.Sp34_X0267800.t1	86	193	296	366	585	689
CSP38.g15625.t1	86	193	296	366	515	585	689
CSP39.g20537.t1	86	193	296	366	585	689
CSP40.g22486.t1	86	193	296	366	585	689
CTROP.Csp11.Scaffold630.g18195.t1	86	193	296	366	585	689
CVIRI.g6209.t1	163	266	485	555	659
DCORO.DCO_018885	98	208	311	381	530	600	707
