CAFRA.g13341.t1	100	411	502	648	844	1010
CANGA.Cang_2012_03_13_00871.g14667.t2	82	393	627	1033
CBREN.CBN21884	100	411	843	1039	1205
CBRIG.CBG01690	100	414	505	651	847	1013
CCAST.g2018.t1	82	393	627	829
CDOUG.g11006.t1	100	411	502	651	847	1013
CELEG.R08C7.2a	97	408	499	645	841
CJAPO.CJA12149	91	402	493	642	838	1004
CKAMA.g4406.t1	100	411	502	648	844	1010
CLATE.FL83_19288-RA	130	444	535	684	880	1046
CMONO.g19807.t1	91	226	303	402	493	543	624	731	835	940	1001
CNOUR.g19966.t1	100	411	502	651	847	1013
CPLIC.g4285.t1	64	276	466	823	989
CREMA.FL82_03436-RA	115	429	520	669	865	1031
CSINI.Csp5_scaffold_00099.g4238.t2	130	441	532	678	874	1040
CSP21.g6347.t1	80	179	270	523	627	793
CSP26.g21226.t1	100	414	505	651	847	1013
CSP28.g12203.t1	100	411	502	651	847	1013
CSP29.g3119.t1	100	411	502	651	847	1013
CSP31.g26005.t1	103	417	508	654	859	1025
CSP32.g14529.t1	100	411	502	651	847	1013
CSP34.Sp34_40123200.t1	100	414	505	654	850	1016
CSP38.g20952.t1	73	384	621	823	989
CSP39.g5359.t1	100	411	502	651	688	854
CSP40.g12789.t1	100	414	505	651	847	1013
CTROP.Csp11.Scaffold589.g4953.t1	100	411	502	651	847	1013
CVIRI.g3501.t1	94	315	414	505	651	758	853	1019
DCORO.DCO_009399	123	202	259	367	500	574	709	792	891	979	1131	1262	1324	1387	1490
