CAFRA.g4866.t1	79	175	330	404	515	810	1031	1146
CANGA.Cang_2012_03_13_00149.g5651.t1	260	516	831
CBREN.CBN10229	79	178	333	413	524	819	1028	1143
CBRIG.CBG04528	79	181	336	419	524	813	1022	1137
CCAST.g13126.t1	61	380	636	948
CDOUG.g1330.t1	79	178	333	416	527	822	1031	1146
CELEG.T01C1.2	79	178	333	413	524	819	1022	1137
CJAPO.CJA11562a	64	332	433	532	690	764	869	1167	1373	1488
CKAMA.g1399.t1	79	181	336	410	524	819	1031	1146
CLATE.FL83_01273-RA	79	169	324	407	566	861	1067	1182
CMONO.g1895.t1	82	139	219	403	505	657	725	842	1010	1125	1434
CNOUR.g2954.t1	79	178	333	407	521	1055	1170
CPLIC.g5597.t1	103	199	389	497	714	932
CREMA.FL82_17403-RA	79	169	324	407	518	813	1019	1134
CSINI.Csp5_scaffold_00063.g3023.t1	91	246	329	437	732	938	1053
CSP21.g6533.t1	154	250	366	419	542	692	786	962	1077
CSP26.g3109.t1	79	178	339	422	533	828	1025	1140
CSP28.g11576.t1	91	246	320	434	989	1104
CSP29.g11921.t1	79	178	333	407	521	1055	1170	1248	1343	1448	1525	1668
CSP31.g25089.t1	103	199	357	428	533	683	807	1034	1149
CSP32.g2078.t2	79	181	336	410	521	816	1037	1152
CSP34.Sp34_X0075800.t1	79	178	333	413	524	822	1022	1137
CSP38.g1851.t1	70	404	666	966
CSP39.g8505.t1	79	178	333	407	521	1058	1173
CSP40.g3866.t1	79	178	333	413	524	819	1025	1140
CTROP.Csp11.Scaffold629.g13789.t2	79	178	333	395	506	801	1013	1128
CVIRI.g7050.t1	97	199	401	515	656	777	989	1104
DCORO.DCO_004889	39	183	261	319	427	460	501	601	712	804	1036	1156	1329	1439	1547	1646	1715	1906	1980	2114	2229	2349
