CAFRA.g14129.t1	36	108	201	288	376	510	623
CANGA.Cang_2012_03_13_00023.g1438.t1	36	108	201	285	370	495	608
CBREN.CBN30634	36	108	201	288	376	510	567	665
CBRIG.CBG16159	36	129	216	304	432	545
CCAST.g13865.t1	36	108	201	285	370	495	608
CDOUG.g2363.t1	36	108	201	288	376	510	623
CELEG.T20B5.2	36	108	201	288	376	510	623
CJAPO.CJA09253b	201	294	381	466	600	713
CKAMA.g9880.t1	36	108	201	288	376	510	623
CLATE.FL83_02265-RA	36	108	201	288	370	504	617
CMONO.g13636.t1	36	108	201	358	492	599
CNOUR.g6727.t1	36	108	201	288	373	620
CPLIC.g11984.t1	36	108	201	285	361	495	608
CREMA.FL82_15420-RA	36	108	201	288	370	504	617
CSINI.Csp5_scaffold_00011.g735.t1	36	108	201	288	381	494
CSP21.g13510.t1	36	108	201	282	358	495
CSP26.g157.t2	36	108	201	288	376	522	635
CSP28.g16437.t1	36	108	201	288	373	620
CSP29.g1772.t1	36	108	201	288	373	620
CSP31.g15295.t1	36	108	201	285	373	507	620
CSP32.g12148.t1	36	108	201	288	376	510	623
CSP34.Sp34_X0053400.t1	36	108	201	288	376	504	617
CSP38.g17915.t1	36	108	201	285	370	495	608
CSP39.g1868.t1	36	108	201	288	373	620
CSP40.g4783.t1	36	129	216	304	438	551
CTROP.Csp11.Scaffold629.g13426.t1	36	108	201	288	376	510	635
CVIRI.g9040.t1	36	108	201	288	373	507	620
DCORO.DCO_018137	22	141	213	266	306	570	680
