CAFRA.g4218.t1	71	191	317
CANGA.Cang_2012_03_13_00547.g12104.t1	191	317
CBREN.CBN25372	71	191	317
CBRIG.CBG07654	71	191	317
CCAST.g14319.t1	191	317
CDOUG.g3322.t1	71	191	317
CELEG.F20D1.1	71	191	317
CJAPO.CJA14220	71	191	317
CKAMA.g10224.t1	71	191	317
CLATE.FL83_01722-RA	71	191	317
CMONO.g11097.t1	71	191	317	426	497	597	672	756	876
CNOUR.g3119.t1	71	191	317
CPLIC.g6278.t1	71	191	317
CREMA.FL82_02467-RA	71	191	317
CSINI.Csp5_scaffold_00203.g6964.t1	71	191	317
CSP21.g12419.t1	71	191	317	426
CSP26.g19683.t1	71	191	317
CSP28.g10209.t1	71	191	317
CSP29.g911.t1	104	197	317	443
CSP31.g24969.t1	71	191	317
CSP32.g9729.t1	71	191	317
CSP34.Sp34_X0139400.t1	71	191	317
CSP38.g19855.t1	71	191	317
CSP39.g17063.t1	71	191	317
CSP40.g8787.t1	71	191	317
CTROP.Csp11.Scaffold629.g10015.t1	71	191	317
CVIRI.g14483.t1	71	191	317
DCORO.DCO_022435	6	38	158	284	393
