CAFRA.g11116.t1	240	1268	1390	1470	1562	1713
CANGA.Cang_2012_03_13_03263.g17937.t1	150	571
CBREN.CBN09988	243	1271	1393	1473
CBRIG.CBG03656	246	657	1131	1274	1396	1476
CCAST.g4392.t1	240	402	775	1713
CDOUG.g22286.t1	240	1125	1268	1390	1470
CELEG.C01F1.3a	240	1125	1268	1390	1470
CJAPO.CJA06599	240	1268	1390	1470	1562	1713
CKAMA.g8366.t1	240	1268	1390	1470	1562	1886	2151	2249	2297	2562	3016	3811	3884	4305
CLATE.FL83_08617-RA	234	1119	1262	1392
CMONO.g6928.t1	165	249	411	501	606	680	784	961	1134	1277	1399	1479	1571	1649	1722	1804
CNOUR.g5384.t1	240	1125	1268	1390	1470	1562	1713
CPLIC.g11913.t1	495	674	778	1271	1565	1716
CREMA.FL82_06855-RA	249	1123	1256	1378	1458
CSINI.Csp5_scaffold_01057.g18016.t1	252	663	1137	1280	1402	1482
CSP21.g7159.t1	156	240	402	492	597	671	729	782	889	1062	1205	1327	1362	1454	1587
CSP26.g2655.t1	654	1393	1473
CSP28.g9019.t1	240	1268	1390	1470	1562	1713
CSP29.g1513.t1	240	1125	1268	1390	1470	1562	1713	1886	2154	2608	2729	3511	3584	4011
CSP31.g27384.t1	240	492	597	775	1125	1268	1470	1713
CSP32.g15692.t1	240	1268	1390	1470	1562	1713
CSP34.Sp34_20233000.t1	240	1125	1268	1390	1470
CSP38.g17648.t1	240	402	671	775
CSP39.g19795.t1	240	1125	1268	1390	1470	1562	1713
CSP40.g14768.t1	249	660	1134	1277	1399	1479
CTROP.Csp11.Scaffold629.g13204.t1	171	314	436	516
CVIRI.g1505.t1	252	414	609	787	1280	1482
DCORO.DCO_006881	174	258	420	513	692	796	973	1146	1289	1414	1473	1568	1719
