CAFRA.g3717.t1	19	663	796	1435
CANGA.Cang_2012_03_13_00104.g4429.t1	605	793	1658	1842
CBREN.CBN13143	19	118	884	1068
CBRIG.CBG00673	19	112	1107
CCAST.g2910.t1	19	884	1068	1250	1535	1618
CDOUG.g7282.t1	19	118	884	1068
CELEG.K01C8.9	19	118	884	1068
CJAPO.CJA14307	19	118	663
CKAMA.g1864.t1	19	663	796	884	1068	1435
CLATE.FL83_08728-RA	19	118	884	1068
CMONO.g4768.t1	19	118	150	237	366	474	607	695	789	807	992	1090	1198	1277	1360	1421
CNOUR.g16573.t1	19	118	663	796	884	1068
CPLIC.g14332.t1	19	663	1068	1250	1354	1450
CREMA.FL82_06035-RA	19	118	884	1068
CSINI.Csp5_scaffold_00320.g9343.t1	19	118	884	1068
CSP21.g16210.t1	19	124	243	456	552	660	793	881	975	1065	1250	1444
CSP26.g31.t1	19	118	884	1068
CSP28.g1902.t1	19	118	663	796	884	1068
CSP29.g6190.t1	19	118	663	796	884	1068
CSP31.g16835.t1	19	118	240	555	796	884	978	1068	1250	1453
CSP32.g2014.t1	19	663	796	1435
CSP34.Sp34_20137500.t1	19	118	872	1056
CSP38.g16912.t1	19	887	1071	1253	1526	1609
CSP39.g9643.t1	19	118	663	796	884	1068
CSP40.g19300.t1	19	118	884	1068
CTROP.Csp11.Scaffold629.g8241.t1	19	118	884	1068
CVIRI.g10125.t1	19	118	663	796	884	1068	1450
DCORO.DCO_008201	19	118	243	336	468	564	672	802	890	1074	1197	1351	1532	1615
