CAFRA.g664.t1	298	390	543	692	921	1102	1372	1470	1565	1847	1973
CANGA.Cang_2012_03_13_00515.g11743.t1	609	758	1025	1435	2309	2819
CBREN.CBN06980	289	381	534	683	912	1093	1372	1470	1565	1847	1973
CBRIG.CBG00387	289	576	725	1135	1414	1512	1607	1889	2015
CCAST.g13711.t1	501	650	1060	1934
CDOUG.g20297.t1	289	381	534	683	912	1093	1372	1470	1565	1847	1973
CELEG.T02D1.5	289	381	534	683	912	1093	1372	1470	1565	1847	1973
CJAPO.CJA09316b	133	406	504	599	881	1007
CKAMA.g6555.t1	289	381	534	683	912	1093	1369	1467	1562	1844
CLATE.FL83_19505-RA	304	396	549	698	927	1108	1387	1485	1580	1862
CMONO.g17764.t1	57	124	268	360	513	662	891	1072	1200	1248	1348	1446	1541	1626	1738	1823	1949	2121
CNOUR.g14725.t1	289	381	534	1093	1369	1844	1970
CPLIC.g5559.t1	57	292	384	537	686	1096	1360	1458	1553	1750	1835	2133
CREMA.FL82_20680-RA	289	381	534	683	912	1093	1372	1470	1565	1847	1973
CSINI.Csp5_scaffold_01130.g18623.t1	289	381	534	683	912	1033	1312	1410	1505	1787	1913
CSP21.g3958.t1	147	213	288	421	684	914	1051	1137	1274	1370	1527	1584	1786	1878	2031	2180	2300	2590	2718	2955	3050	3332	3458
CSP26.g16340.t1	289	381	534	683	912	1093	1372	1470	1565	1847	1973
CSP28.g16040.t1	289	534	683	912	1093	1883
CSP29.g2825.t1	108	390	475	751	1226
CSP31.g26590.t1	124	286	378	531	680	909	1090	1449	1826	1952
CSP32.g15766.t1	280	372	525	674	903	1084	1348	1446	1541	1823	1949
CSP34.Sp34_40215000.t1	289	381	534	683	912	1093	1372	1470	1565	1847	1973
CSP38.g314.t1	357	659	1069	1197	1943
CSP39.g26375.t1	301	393	546	695	2123	2242	2688	2770	2925	3323
CSP40.g7207.t1	289	381	534	683	912	1093	1372	1470	1565	1847	1973
CTROP.Csp11.Scaffold70.g413.t1	289	534	954	1135	1411	1509	1604	1886	2012
CVIRI.g10572.t1	127	271	516	665	785	1075	1351	1544	1826	1952	2124
DCORO.DCO_005591	60	127	283	375	677	797	906	1087	1363	1461	1641	1753	1838	1964	2136
