CAFRA.g17165.t1	91	145	310	346	495	650	841	1032
CANGA.Cang_2012_03_13_00937.g15022.t1	99	397	534
CBREN.CBN14514	91	145	307	346	686	868	1059
CBRIG.CBG15963	91	145	310	349	501	641	826	1017
CCAST.g1618.t2	97	151	313	784	921
CDOUG.g3436.t1	91	145	304	343	492	644	838	1029
CELEG.F52G3.5	91	145	310	349	498	644	832	1023
CJAPO.CJA00213	103	322	361	507	653	841	1032
CKAMA.g10556.t1	33	91	256	295	444	590	781	972
CLATE.FL83_02153-RA	91	145	304	343	492	641	829	1020
CMONO.g15795.t1	94	148	304	370	519	638	778	805	942
CNOUR.g5154.t1	94	148	313	352	492	638	814	1005
CPLIC.g12075.t1	151	313	340	501	656	823	1014
CREMA.FL82_15317-RA	91	145	310	349	498	647	835	1026
CSINI.Csp5_scaffold_00031.g1713.t1	91	145	310	349	695	883	1074
CSP21.g15735.t1	55	109	259	310	516	617	760	787	924
CSP26.g3608.t1	145	310	349	501	644	820	1011
CSP28.g6782.t1	10	154	291	428	607	798
CSP29.g14042.t1	94	148	313	352	492	635	811	1002
CSP31.g10868.t1	94	148	310	358	510	632	829	883	1020
CSP32.g5544.t1	91	145	310	346	495	546	730	921
CSP34.Sp34_X0036200.t1	88	142	304	343	492	638	826	1017
CSP38.g10862.t1	97	151	313	787	924
CSP39.g5089.t1	91	145	310	343	480	620	805	996
CSP40.g4694.t1	91	145	304	343	495	638	826	1017
CTROP.Csp11.Scaffold629.g13528.t1	236	418	609
CVIRI.g12620.t2	91	145	313	349	504	623	850	1041
DCORO.DCO_011405	142	349	448	639	708	833	1000	1012	1054	1191	1240
