CAFRA.g17304.t1	15	441	565	742	1131	1358	1437
CANGA.Cang_2012_03_13_00337.g9410.t1	15	571	857	996	1149	1212	1376
CBREN.CBN30644	180	335	456	535	651	1077	1201	1378	1620
CBRIG.CBG06685	15	441	589	766	1008	1161	1388	1467
CCAST.g16197.t1	15	571	857	990	1143	1206	1370	1535	1644	1865	1944	2914	2973	3118
CDOUG.g9301.t1	15	441	565	1059	1212	1439	1518
CELEG.R11G10.2	123	549	673	850	1092	1245	1472	1551
CJAPO.CJA19023b	15	441	565	742	984	1137	1364	1443
CKAMA.g14679.t1	15	441	565	727	969	1122	1349	1428
CLATE.FL83_03807-RA	15	441	565	742	984	1137	1364	1443
CMONO.g16972.t1	15	178	333	423	547	639	724	1119	1349	1428
CNOUR.g11868.t1	15	441	565	742	984	1137	1364	1443
CPLIC.g799.t1	120	205	314	600	827
CREMA.FL82_10924-RA	15	441	565	640	1002	1080	1307	1386
CSINI.Csp5_scaffold_00998.g17425.t2	15	441	565	742	984	1137	1364	1443
CSP21.g11033.t1	15	228	448	540	625	725	858	936	999	1163	1239
CSP26.g1897.t1	15	441	565	742	984	1137	1364	1443
CSP28.g16321.t1	15	441	565	742	984	1137	1364	1473	1901	1995	2956
CSP29.g19629.t1	15	441	565	742	984	1137	1364	1443	1511	1620	2021	2115	3082
CSP31.g12103.t1	15	441	565	742	1137	1364	1443
CSP32.g8265.t1	15	441	565	742	978	1131	1358	1437
CSP34.Sp34_50160600.t1	135	259	436	678	831	1058	1137
CSP38.g1969.t1	15	447	571	663	990	1143	1206	1370
CSP39.g9167.t1	36	462	586	763	1005	1158	1385	1464
CSP40.g7739.t1	15	441	565	742	978	1131	1358	1437
CTROP.Csp11.Scaffold524.g2969.t1	15	441	565	742	984	1137	1364	1443
CVIRI.g13346.t1	15	438	562	654	848	981	1134	1197	1361	1440
DCORO.DCO_026498	15	132	246	339	441	565	745	854	987	1055	1140	1203	1225	1367	1446
