CAFRA.g1445.t1	104	294	466	501	786	912	999	1157
CANGA.Cang_2012_03_13_00152.g5699.t2	168	276	630	857	1047	1332	1899	2202	2493	2706	2785	2873
CBREN.CBN29180	63	666	893	1083	1368	1494	1581	1736	1806	2031	2352	2559	2649
CBRIG.CBG12402	75	684	911	1101	1386	1602	1757	1827	2052	2373	2580	2670
CCAST.g17933.t1	168	276	630	857	1047	1332	1977	2280	2571
CDOUG.g3726.t1	75	681	908	1098	1383	1509	1596	1751	1821	2046	2367	2574	2664
CELEG.F32H2.1a	78	678	905	1095	1380	1593	1748	1818	2043	2364	2574	2712
CJAPO.CJA10075	72	300	479	669	896	1086	1584	1748	1818	2043	2346	2562	2652
CKAMA.g2957.t1	9	609	836	1026	1311	1437	1679	1749	1974	2307	2508	2598
CLATE.FL83_05115-RA	456	761	843	1446	1673	1863	2148	2274	2516	2586	2811	3132	3339	3420
CMONO.g17817.t1	58	159	267	431	621	741	848	931	1038	1133	1218	1326	1407	1553	1629	1719	1854	1971	2187	2292	2328	2382	2484
CNOUR.g9460.t1	48	279	458	648	875	1065	1350	1476	1718	2007	2310	2520	2610
CPLIC.g4459.t1	81	306	385	660	970	1077	1505	1581	1662	1797	2097	2181	2295	2343
CREMA.FL82_15682-RA	456	761	843	1440	1667	1857	2142	2268	2510	2580	2805	3126	3333	3414
CSINI.Csp5_scaffold_00218.g7289.t3	75	681	908	1098	1383	1638	1793	1863	2088	2667	2757
CSP21.g4824.t1	30	138	243	322	518	597	717	824	907	1014	1109	1213	1305	1410	1643	1719	1821	1956	2055	2157	2226	2310
CSP26.g20137.t1	75	681	1098	1383	1509	1596	1751	1821	2046	2367	2574	2664
CSP28.g7371.t1	48	222	437	1044	1671	1947	2256	2466	2556
CSP29.g20769.t1	29	130	242	656	833	960	1251	1339	1632	1860	2061	2278	2749	2919	3051	3486	3717	3845	4035	4262	4452	4737	4863	5105	5394	5697	5907	5997	6161	6253	6341	6418
CSP31.g7621.t1	81	309	388	473	663	890	973	1080	1365	1587	1736	1806	1896	2031	2331	2625
CSP32.g2920.t1	42	527	717	1134	1419	1545	1632	1790	1860
CSP34.Sp34_10119310.t1	69	678	905	1095	1380	1506	1593	1748	1818	2043	2364	2571	2665
CSP38.g2652.t1	156	264	845	1035	1320	1670	1833	1968	2562
CSP39.g9185.t1	45	624	1041	1326	1694	1989	2508	2598
CSP40.g24214.t1	75	681	908	1098	1383	1509	1596	1751	1821	2046	2367	2574	2664
CTROP.Csp11.Scaffold459.g1433.t1	75	681	908	1383	1509	1596	1751	1821	2046	2367	2574	2664
CVIRI.g8817.t1	297	376	651	878	1068	1353	1557	1706	2295	2379	2502
DCORO.DCO_003335	6	267	414	604	800	1005	1109	1192	1299	1581	1719	1896	1970	2160	2356	2601	2723	2874	3038	3126	3258
