CAFRA.g6058.t1	140	402	689	822	981
CANGA.Cang_2012_03_13_00027.g1649.t1	143	298	692	825
CBREN.CBN26319	143	692	984
CBRIG.CBG01477	143	405	692	825	984
CCAST.g4955.t1	143	298	692	825	984
CDOUG.g9890.t1	140	689	981
CELEG.F41E6.5b	140	402	689	822	981
CJAPO.CJA16950	149	411	698	831	990
CKAMA.g19048.t1	140	402	689	822	981
CLATE.FL83_16998-RA	140	402	689	822	981
CMONO.g5854.t1	140	292	399	554	630	735	894	964
CNOUR.g348.t1	140	825	984
CPLIC.g547.t1	158	313	420	575	710	843
CREMA.FL82_08795-RA	140	402	689	822	981
CSINI.Csp5_scaffold_00857.g16164.t1	146	408	695	828	987
CSP21.g13148.t1	50	304	425	566	698	831	990	1060
CSP26.g20866.t1	146	408	695	828	987
CSP28.g8719.t1	189	319	562	689	1238	1371	1530
CSP29.g20356.t1	140	825	984
CSP31.g15482.t1	134	286	680	813	972
CSP32.g7259.t1	140	402	689	822	981
CSP34.Sp34_50116700.t1	140	402	689	822	981
CSP38.g12823.t1	143	298	692	825	984
CSP39.g3875.t1	140	471	689	822	981
CSP40.g2806.t1	146	408	828	987
CTROP.Csp11.Scaffold541.g3387.t1	143	686	978
CVIRI.g7814.t1	140	295	402	692	825	984
DCORO.DCO_013931	128	387	542	677	858	969
