CAFRA.g16251.t1	92	751	843	1124	1371
CANGA.Cang_2012_03_13_00464.g11159.t2	59	365	615	739	831	1112	1293	1406
CBREN.CBN07722	146	297	808	900	1181	1428
CBRIG.CBG23724	161	309	820	912	1193	1440
CCAST.g437.t1	71	240	377	627	751	843	1124
CDOUG.g8099.t1	149	297	808	900
CELEG.F30F8.2	110	258	769	861	1142	1389
CJAPO.CJA14030	99	610	702	983	1230
CKAMA.g14599.t1	119	267	778	870	1151
CLATE.FL83_10879-RA	140	288	799	891	1172	1383
CMONO.g8272.t1	3	104	177	243	380	510	630	757	849	908	975	1130	1203	1277	1371	1484
CNOUR.g8331.t1	122	270	781	873	1154	1401
CPLIC.g1874.t1	89	171	237	374	624	748	840	1121	1481	1609
CREMA.FL82_08885-RA	158	306	817	909	1136	1347
CSINI.Csp5_scaffold_00943.g16953.t1	173	321	832	913	1005	1286	1533
CSP21.g5032.t1	26	102	168	305	430	555	679	771	830	897	1052	1205	1412	1540
CSP26.g19595.t1	137	285	796	888	1169	1416
CSP28.g5027.t1	161	409	501	782	1029
CSP29.g17345.t1	122	270	781	873	1154	1401
CSP31.g167.t1	131	416	666	790	882	1163	1236	1410
CSP32.g16514.t1	98	757	849	1130	1377
CSP34.Sp34_10076020.t1	47	195	706	798	1079	1326
CSP38.g632.t1	59	225	362	612	736	828	1109	1356	1469
CSP39.g5342.t1	122	781	873	1154	1401
CSP40.g14237.t1	47	195	706	798	1079	1326
CTROP.Csp11.Scaffold630.g19709.t1	99	610	702	983	1230
CVIRI.g14247.t3	53	341	591	715	781	873	1154	1401	1514
DCORO.DCO_006153	42	242	327	533	710	861	960	1033	1084	1176	1265	1457	1530	1610	1704	1820	1948
