CAFRA.g18124.t1	111	244	356	498	814	1316	1821	1985	2086	2322
CANGA.Cang_2012_03_13_00615.g12796.t1	117	817	1003	1952	2053	2289
CBREN.CBN32225	111	244	356	608	838	1621	1740	1863	2024	2125	2361
CBRIG.CBG09778	111	244	368	620	850	1434	1591	1833	1943	2107
CCAST.g3760.t1	117	814	1000	1949	2050	2286
CDOUG.g1443.t1	111	244	356	608	838	1422	1579	1698	1821	1982	2083	2319
CELEG.M01F1.4a	3	102	235	599	817	1401	1558	1677	1800	1958	2059	2295
CJAPO.CJA00784	46	97	286	681	838	954	1077	1238	1339	1575
CKAMA.g4021.t1	111	225	545	769	1513	1635	1758	2026	2262
CLATE.FL83_10294-RA	111	244	356	608	838	1422	1579	1698	1821	1982	2083	2319
CMONO.g5361.t1	111	244	356	498	586	670	823	948	1092	1218	1320	1372	1497	1620	1775	1876	1956	2048	2112
CNOUR.g8590.t1	120	253	365	507	617	847	1036	1431	1588	1701	1824	1985	2086	2322
CPLIC.g9953.t1	144	277	389	531	641	826	1143	1287	1413	1567	1686	1809	1961	2062	2298
CREMA.FL82_15281-RA	111	244	356	608	838	1422	1579	1698	1821	1982	2083	2319
CSINI.Csp5_scaffold_00081.g3648.t1	111	244	356	623	853	1449	1606	1725	1848	2012	2113	2349
CSP21.g14797.t1	117	250	362	614	820	973	1098	1242	1368	1470	1522	1647	1770	1928	2029	2109	2201	2265
CSP26.g3797.t2	111	244	356	608	838	1428	1585	1704	1827	1991	2092	2328
CSP28.g7204.t1	111	244	356	498	608	850	1039	1988	2089	2325
CSP29.g5871.t1	120	253	365	507	617	847	1036	1431	1588	1701	1824	1985	2086	2322
CSP31.g6631.t1	117	250	362	614	820	1003	1398	1552	1677	1800	1955	2292
CSP32.g2695.t1	111	244	356	498	802	1301	1680	1803	1958	2059	2295
CSP34.Sp34_30219600.t1	120	253	365	617	844	1434	1591	1710	1833	1994	2095	2331
CSP38.g14966.t1	117	250	614	808	994	1940	2041	2277
CSP39.g27528.t1	41	183	293	538	727	1122	1279	1392	1515	1679	1780	2016
CSP40.g8147.t1	111	244	356	608	838	1422	1579	1821	1985	2086	2322
CTROP.Csp11.Scaffold629.g9492.t1	111	244	356	608	835	1419	1576	1701	1824	1985	2086	2322
CVIRI.g9109.t1	253	365	507	1791	1946	2047	2283
DCORO.DCO_005095	36	132	265	377	519	629	769	826	973	1098	1242	1368	1470	1650	1773	1940	2041	2213	2277
