CAFRA.g17490.t1	25	248	369	507	591	742	864
CANGA.Cang_2012_03_13_00083.g3811.t2	25	133	444	595	717
CBREN.CBN17337	25	248	369	507	591	742	864
CBRIG.CBG16364	154	377	498	636	720	871	993
CCAST.g3797.t1	25	248	591	742	864
CDOUG.g2210.t1	25	248	369	507	591	742	864
CELEG.F38E9.5.1	25	248	369	507	591	742	864
CJAPO.CJA05491	25	248	369	507	591	742	864
CKAMA.g10158.t1	84	212	253	476	597	735	819	970	1092
CLATE.FL83_02365-RA	25	248	369	591	742	864
CMONO.g18412.t1	25	103	248	369	445	507	591	742	864
CNOUR.g21070.t1	25	248	369	507	591	742	864
CPLIC.g1818.t1	25	103	248	369	507	591	742	864
CREMA.FL82_15515-RA	25	248	369	591	742	864
CSINI.Csp5_scaffold_00001.g52.t3	248	369	507	591	742	864
CSP21.g12412.t1	25	103	248	369	445	591	742	864
CSP26.g19735.t1	25	248	369	507	591	742	864
CSP28.g8291.t1	25	248	369	591	742	864
CSP29.g15416.t1	248	369	507	591	742	864
CSP31.g24555.t1	25	103	248	445	507	591	742	864
CSP32.g13750.t1	25	248	369	507	591	742	864
CSP34.Sp34_X0042800.t1	25	248	369	507	591	742	864
CSP38.g5753.t1	25	248	445	591	742	864
CSP39.g12293.t1	25	248	369	507	591	742	864
CSP40.g10952.t1	25	248	369	507	591	742	864
CTROP.Csp11.Scaffold629.g13343.t1	25	248	369	507	591	742	864
CVIRI.g1447.t1	25	103	248	369	445	507	591	742	864
DCORO.DCO_015337	25	103	175	248	369	445	507	591	742	864
