CAFRA.g334.t1	71	177	347	503	654	789	1212	1374	1588	1760	2209
CANGA.Cang_2012_03_13_00008.g703.t1	305	591	879	1041	1255	1427	1677
CBREN.CBN32173	213	386	549	552	687	978	1110	1383	1492	1664	2113
CBRIG.CBG17192	68	168	560	711	846	1137	1645	1817	2266
CCAST.g1178.t1	65	165	500	786	1209	1371	1585	1757	2007
CDOUG.g9829.t1	68	168	341	497	648	783	1074	1206	1473	1582	1754	2203
CELEG.C14H10.3a	68	168	341	497	648	783	1074	1473	1582	1754	2203
CJAPO.CJA10447	50	150	320	476	627	1347	1561	1733	2182
CKAMA.g9249.t1	53	153	323	479	630	765	1056	1188	1350	1455	1564	1736
CLATE.FL83_01360-RA	68	168	341	497	648	783	1074	1206	1582	1754	2203
CMONO.g12740.t1	65	165	317	473	544	624	759	930	1050	1182	1344	1449	1558	1730	1794	1878	1980	2073	2179	2265
CNOUR.g3039.t1	68	168	338	645	780	1071	1203	1365	1470	1579	1751	2200
CPLIC.g6614.t1	65	162	329	485	771	1062	1194	1356	1461	1570	1742	1806	2277
CREMA.FL82_17316-RA	68	168	341	497	648	783	1074	1206	1582	1754	2203
CSINI.Csp5_scaffold_00005.g368.t2	68	168	350	506	657	1083	1215	1482	1591	1763	2212
CSP21.g13813.t1	77	174	326	482	633	768	1059	1191	1353	1455	1564	1736	1986	2079	2256
CSP26.g9692.t1	68	168	350	657	792	1083	1215	1482	1591	1763	2212
CSP28.g14636.t1	68	168	338	494	645	780	1071	1203	1365	1470	1579	1751	2200
CSP29.g11993.t1	68	168	338	645	780	1071	1203	1365	1470	1579	1751	2200
CSP31.g25142.t1	71	171	338	494	645	1071	1203	1365	1470	1579	2094
CSP32.g12737.t1	71	177	347	503	654	789	1212	1374	1588	1760	2209
CSP34.Sp34_X0068100.t1	68	168	341	497	648	783	1074	1473	1582	1754	2203
CSP38.g3506.t1	71	171	497	783	1206	1368	1582	1754	2004
CSP39.g19605.t1	68	168	338	494	645	780	1071	1203	1365	1470	1579	1751	2200
CSP40.g15879.t1	68	168	350	506	657	792	1083	1215	1482	1591	1763	2212
CTROP.Csp11.Scaffold629.g13702.t1	68	168	341	497	648	783	1074	1206	1473	1582	1754
CVIRI.g288.t1	68	168	338	494	1203	1365	1579	1751	2094
DCORO.DCO_004955	20	120	165	284	440	591	726	897	1017	1149	1311	1425	1534	1706	1770	1956	2155	2244
