CAFRA.g13142.t2	70	123	195	428	920	1061	1159	1219	1409
CANGA.Cang_2012_03_13_00154.g5747.t1	41	139	264	408	651	809	884	992	1133	1205
CBREN.CBN10545	82	135	207	351	1073	1171	1237	1302	1424
CBRIG.CBG15699	85	138	210	354	1076	1174	1344	1505
CCAST.g1939.t1	91	216	360	603	761	836	944	1085	1183	1252	1332	1427
CDOUG.g22573.t1	82	135	207	351	1073	1171	1284	1415
CELEG.Y55B1BM.1a	82	207	351	594	752	932	1073	1171	1231	1314	1436
CJAPO.CJA29237	79	132	204	348	437	591	749	929	1070	1168	1296	1412
CKAMA.g11130.t1	70	123	195	339	582	740	920	1061	1159	1219	1269
CLATE.FL83_20245-RA	142	195	411	1133	1231	1294	1374	1502
CMONO.g19920.t1	85	210	354	443	597	660	755	935	1076	1174
CNOUR.g8070.t1	76	204	348	437	591	749	929	1070	1168	1296	1439
CPLIC.g4897.t1	76	129	201	345	434	926	1067	1165	1231	1316
CREMA.FL82_11558-RA	85	138	210	354	1076	1174	1237	1317	1445
CSINI.Csp5_scaffold_05801.g35602.t1	85	138	210	354	859	1079
CSP21.g7372.t1	70	123	195	339	428	582	740	815	917	1058	1156	1201	1269	1312	1382
CSP26.g13004.t1	88	141	213	357	1079	1177	1234	1302	1448
CSP28.g7313.t1	70	198	743	923	1064
CSP29.g663.t1	76	132	204	348	437	591	749	929	1070	1168	1228	1296	1439
CSP31.g23382.t1	88	141	213	357	446	600	758
CSP32.g10784.t1	70	123	195	339	428	920	1061	1159	1222	1287	1421	1529	1583
CSP34.Sp34_30336900.t1	94	147	363	606	764	938	1079	1177	1237	1308	1427
CSP38.g7582.t1	85	138	210	354	597	755	938	1079	1177	1246	1326	1418
CSP39.g2663.t1	76	132	204	348	437	591	749	929	1070	1168	1225	1293	1436
CSP40.g5309.t1	76	129	201	345	1067	1165	1222	1284	1463
CTROP.Csp11.Scaffold630.g16765.t1	73	1064	1162	1284	1409
CVIRI.g5588.t1	91	144	216	360	449	603	761	1082	1180	1240	1481
DCORO.DCO_008255	112	237	381	470	624	687	782	860	965	1014	1106	1204	1264	1404	1526
