CAFRA.g9637.t1	166	209	351	771	931
CANGA.Cang_2012_03_13_00439.g10875.t1	158	461	720	880
CBREN.CBN22651	115	158	300	374	461	720	880
CBRIG.CBG23127	161	303	377	464	723	883
CCAST.g16693.t1	158	461	720	880	1042
CDOUG.g7758.t1	118	161	303	377	464	723	883
CELEG.T19C4.6a	118	161	303	377	464	723	883
CJAPO.CJA06632	154
CKAMA.g7204.t1	118	161	303	377	464	723	883
CLATE.FL83_16499-RA	118	161	303	377	464	723	883
CMONO.g787.t2	20	111	205	248	390	464	551	680	810	964
CNOUR.g22037.t1	118	161	303	377	464	723	883
CPLIC.g8420.t1	115	158	300	461	590	720	880
CREMA.FL82_09317-RA	142	185	327	401	488	696
CSINI.Csp5_scaffold_00249.g7939.t2	151	194	336	410	497	756	916
CSP21.g8141.t1	115	158	300	374	461	590	720	880
CSP26.g10840.t1	118	161	303	377	464	723	883
CSP28.g5893.t1	118	161	303	377	464	723	883
CSP29.g18945.t1	118	161	303	377	464	723	883
CSP31.g25440.t1	115	158	300	461	590	720	880
CSP32.g10346.t1	154	197	339	759	919
CSP34.Sp34_50314700.t1	118	161	303	377	464	723	883
CSP38.g17153.t1	158	461	877
CSP39.g1683.t1	118	161	303	377	464	723	883
CSP40.g2127.t1	118	161	303	377	464	723	883
CTROP.Csp11.Scaffold519.g2782.t1	177	337
CVIRI.g14618.t1	142	303	432	562	722
DCORO.DCO_012851	44	166	209	351	425	512	641	665	771	928	1033	1102
