CAFRA.g3067.t1	96	209	302	2320
CANGA.Cang_2012_03_13_00953.g15101.t1	350	594	1430	1869	2166
CBREN.CBN01636	209	302	1667	2317
CBRIG.CBG11579	209	302	1667	2320
CCAST.g8968.t1	302	546	1382	1821	2326
CDOUG.g9756.t1	209	302	1667	2323
CELEG.C25D7.6	209	302	1667	2320
CJAPO.CJA00803	96	302	1667	2326
CKAMA.g7746.t1	209	302	1667	2326
CLATE.FL83_21999-RA	209	302	1667	2326
CMONO.g8344.t1	159	293	581	732	1157	1243
CNOUR.g6927.t1	93	206	299	1664	2326
CPLIC.g12706.t1	93	206	299	782	1073	1245	1379	1664	1815	2210
CREMA.FL82_20959-RA	209	302	1667	2326
CSINI.Csp5_scaffold_00006.g444.t2	52	266	359	1736	2383
CSP21.g1561.t1	93	206	299	412	543	782	888	1073	1245	1422	1667	1923	2222	2311
CSP26.g17947.t1	209	302	1667	2323
CSP28.g618.t1	93	206	299	1664	2326
CSP29.g17273.t1	93	206	299	1664	2323
CSP31.g1138.t1	93	206	299	543	618	782	888	1379	1667	1818	2323
CSP32.g17265.t1	96	209	302	2323
CSP34.Sp34_50267710.t1	209	302	1667	2326
CSP38.g22035.t1	96	546	1382	1670	2329
CSP39.g2924.t1	93	206	299	1664	2317
CSP40.g4001.t1	209	302	1667	2320
CTROP.Csp11.Scaffold629.g15849.t1	209	302	1667	2329
CVIRI.g14432.t1	274	696	847	1078	1346
DCORO.DCO_004755	114	216	320	433	639	777	909	1072	1235	1400	1511	1563	1772	1839	1944	2147	2309	2404
