CAFRA.g14111.t1	41	141	270	371	501	647	753	945
CANGA.Cang_2012_03_13_00023.g1445.t2	32	258	489	635	871
CBREN.CBN16703	87	216	317	447	593	699	891
CBRIG.CBG16182	87	216	317	447	593	699	891
CCAST.g13857.t1	32	258	489	635	871
CDOUG.g2350.t1	87	317	447	593	699	891	1027	1193	1299	1353	1456	1588	1724	1827	1997	2243
CELEG.F18G5.3	87	216	317	447	593	699	891
CJAPO.CJA11914	41	138	267	368	498	644	750	942
CKAMA.g9867.t1	87	216	317	447	593	699	891
CLATE.FL83_02280-RA	87	216	317	447	593	699	891
CMONO.g13837.t1	44	144	273	374	504	650	756	886	948
CNOUR.g19529.t1	41	138	267	368	498	644	750	942
CPLIC.g5027.t1	87	216	447	593	829	891
CREMA.FL82_15435-RA	87	216	317	447	593	699	891
CSINI.Csp5_scaffold_00211.g7136.t1	87	216	317	447	593	699	891
CSP21.g8240.t1	47	144	273	374	504	650	756	886
CSP26.g170.t1	41	138	267	498	644	750	942	1115	1180	1346	1452	1506	1615	1750	1883	1986	2150	2390
CSP28.g16415.t1	91	537	741	954	1182	1386	1575	1761	1902	1958	2055	2184	2285	2415	2561	2667
CSP29.g1739.t1	87	216	317	447	593	699	891
CSP31.g15250.t1	41	138	267	368	498	644	880	942
CSP32.g12130.t1	90	219	320	450	596	702	894
CSP34.Sp34_X0051800.t1	41	138	267	368	498	644	750	942
CSP38.g17923.t1	41	267	498	644	880
CSP39.g3129.t1	87	216	317	447	593	699	891
CSP40.g4797.t1	173	233	330	459	560	690	836	942	1134	1270	1399	1565	1671	1725	1834	1966	2099	2202	2363	2600
CTROP.Csp11.Scaffold629.g13409.t1	111	240	341	471	617	723	915
CVIRI.g6690.t1	41	267	498	644	750	880	942
DCORO.DCO_013599	47	159	288	389	519	704	771	963
