CAFRA.g9076.t1	542	1008	1433	1607	1768
CANGA.Cang_2012_03_13_00013.g924.t1	168	548	761	1008	1427	1601	1774
CBREN.CBN00314	156	360	536	765	1002	1427	1601	1762
CBRIG.CBG14965	159	363	539	768	1005	1430	1604	1765
CCAST.g16393.t1	72	452	559	759	1178	1352	1525
CDOUG.g357.t1	156	360	536	765	1002	1427	1601	1762
CELEG.Y44E3A.2	159	363	539	768	1005	1430	1604	1765
CJAPO.CJA00897b	78	282	458	687	924	1349	1523	1684
CKAMA.g12311.t1	159	345	521	750	987	1340	1514	1675
CLATE.FL83_13917-RA	264	468	644	873	1110	1535	1709	1870
CMONO.g1245.t2	29	183	289	387	478	569	676	798	945	1214	1328	1457	1560	1631	1786
CNOUR.g8152.t1	156	360	536	765	1002	1427	1601	1762
CPLIC.g7281.t1	114	494	723	954	1136	1250	1379	1482	1553	1714
CREMA.FL82_12646-RA	264	468	644	873	1110	1535	1709	1870
CSINI.Csp5_scaffold_00181.g6450.t1	150	354	530	759	996	1421	1595	1756
CSP21.g8923.t1	120	226	324	500	607	698	825	984	1094	1208	1337	1371	1421	1576
CSP26.g17691.t1	150	354	530	759	996	1421	1595	1756
CSP28.g14966.t1	159	363	539	768	1005	1430	1604	1769	2259	2445	2640
CSP29.g16557.t1	156	360	536	765	1002	1427	1601	1762
CSP31.g8376.t1	153	259	357	533	762	912	999	1295	1424	1598	1759	1810	1886	2028	2157	2279	2421	2538	2759	2943	3502	3792	3948	4106	4204	4309
CSP32.g9595.t1	524	990	1415	1589	1750
CSP34.Sp34_10173600.t1	156	360	536	765	1002	1427	1601	1762
CSP38.g10962.t1	150	354	530	759	1008	1298	1427	1601	1762
CSP39.g16948.t1	168	372	1014	1439	1613	1774
CSP40.g23526.t1	150	354	530	759	996	1421	1595	1756
CTROP.Csp11.Scaffold627.g6816.t1	156	360	536	765	1002	1427	1601	1762
CVIRI.g15765.t1	348	631	753	903	990	1172	1286	1415	1589	1750
DCORO.DCO_006553	79	222	328	426	511	602	709	831	981	1140	1250	1364	1493	1596	1667	1822
