CAFRA.g8692.t1	122	276	381	501	753	903	1091	1296	1429	1871	1960	2081	2198	2269	2351
CANGA.Cang_2012_03_13_00073.g3467.t2	22	182	333	438	1041	1146	1850	2606	3392	3608	3725	3796	3878
CBREN.CBN20889	247	392	573	678	798	1050	1200	1388	1726	1797	2162	2254	2375	2492	2563	2645
CBRIG.CBG14248	252	377	528	633	753	1005	1394	1732	2260	2381	2498	2575	2657
CCAST.g1654.t1	137	288	393	1097	1880	2096	2213	2284	2366
CDOUG.g20214.t1	122	276	381	501	753	903	1091	1429	1871	1963	2084	2201	2272	2354
CELEG.R11G1.6b	247	392	546	651	771	1023	1173	1361	1699	2141	2354	2471	2548	2630
CJAPO.CJA08834	122	279	384	504	756	903	1091	1429	1960	2081	2198	2269	2351
CKAMA.g3042.t1	122	273	378	498	750	900	1088	1293	1426	1865	1957	2078	2195	2266	2348
CLATE.FL83_00798-RA	247	392	543	648	768	1020	1170	1358	1696	1767	2138	2230	2351	2468	2539	2621
CMONO.g6046.t1	265	419	552	657	777	882	1032	1134	1222	1328	1461	1666	1734	1856	1951	2081	2198	2269	2351
CNOUR.g13782.t1	247	392	543	648	768	1020	1170	1358	1563	1696	1767	2129	2218	2339	2456	2527	2609
CPLIC.g8501.t1	247	422	573	678	798	903	1050	1206	1285	1391	1524	1729	1923	2059	2156	2245	2363	2480	2551	2633
CREMA.FL82_00878-RA	247	392	543	648	768	1020	1170	1358	1696	1767	2138	2230	2351	2468	2539	2621
CSINI.Csp5_scaffold_00003.g181.t2	28	173	324	429	549	801	951	1139	1477	1548	1919	2014	2135	2252	2323	2405
CSP21.g13126.t1	217	380	519	624	744	849	996	1128	1222	1328	1461	1533	1666	1857	1978	2069	2158	2279	2396	2467	2549
CSP26.g18744.t1	247	392	543	648	768	1020	1170	1358	1696	1767	2132	2227	2348	2465	2536	2618
CSP28.g10420.t1	51	160	300	663	828	946	1059	1258	1377	1639	1781	1935	2040	2160	2412	2562	2750	2955	3088	3159	3530	3619	3740	3857	3928	4010
CSP29.g14641.t1	51	160	300	663	828	946	1059	1258	1377	1639	1784	1935	2040	2160	2412	2562	2750	2955	3088	3159	3527	3616	3737	3854	3925	4007
CSP31.g1795.t1	116	276	381	501	753	900	1088	1221	1293	1426	2081	2198	2275	2357
CSP32.g392.t1	247	392	546	651	771	1023	1173	1361	1566	1699	2141	2230	2351	2468	2539	2621
CSP34.Sp34_X0267200.t1	256	401	555	660	780	1032	1182	1370	1708	2147	2239	2360	2477	2548	2630
CSP38.g9483.t1	137	270	375	964	1070	1853	2069	2186	2257	2339
CSP39.g20544.t1	247	392	546	651	771	1023	1173	1361	1566	1699	2141	2230	2351	2468	2539	2621
CSP40.g22479.t1	247	392	543	648	768	1020	1170	1358	1696	1767	2132	2227	2348	2465	2536	2618
CTROP.Csp11.Scaffold630.g18204.t1	122	276	381	501	753	903	1091	1429	1500	1871	1963	2084	2201	2272	2354
CVIRI.g14544.t1	247	392	543	648	768	1020	1167	1249	1355	1488	1693	1893	2065	2375	2492	2563
DCORO.DCO_004147	349	518	744	864	969	1161	1305	1393	1638	1710	1911	1983	2167	2359	2483	2600	2671	2753
