CAFRA.g8383.t1	116	354	491
CANGA.Cang_2012_03_13_10357.g22605.t1	295
CBREN.CBN30559	86	321	458
CBRIG.CBG03019	92	339	476	807
CCAST.g18134.t1	12	75	397
CDOUG.g22554.t1	74	306	443
CELEG.R06F6.6	102	191	441	578	900	1030	1116
CJAPO.CJA04962	101	339	476
CKAMA.g10964.t1	89	327	464
CLATE.FL83_17665-RA	92	348	485	820	918
CMONO.g11654.t1	65	336	473
CNOUR.g22375.t1	83	315	452
CPLIC.g2456.t1	77	371	574
CREMA.FL82_05368-RA	92	348	485	823	921
CSINI.Csp5_scaffold_00036.g1983.t1	98	485
CSP21.g5771.t1	80	264	398
CSP26.g1682.t1	98	345	482
CSP28.g11655.t1	98	345	482
CSP29.g9910.t1	101	333	470
CSP31.g16560.t1	86	366	503	715
CSP32.g2428.t1	131	366	503
CSP34.Sp34_20342500.t1	89	348	485
CSP38.g2933.t1	59	198	559
CSP39.g27681.t1	98	333
CSP40.g21375.t1	98	330	467
CTROP.Csp11.Scaffold618.g6082.t1	86	318	455
CVIRI.g6672.t1	231	368	562
DCORO.DCO_017393	86	261	327	451
