CAFRA.g16040.t1	117	291	453
CANGA.Cang_2012_03_13_00058.g2933.t1	87	270	387
CBREN.CBN01444	117	303	465
CBRIG.CBG14276	108	300	456
CCAST.g1626.t1	87	270	387
CDOUG.g7973.t1	117	309	459
CELEG.C01C4.1	117	315	474
CJAPO.CJA11608	303	453
CKAMA.g3054.t1	117	303	450
CLATE.FL83_00781-RA	117	309	465
CMONO.g6056.t1	66	183
CNOUR.g7389.t1	117	312	462
CPLIC.g456.t1	129	282	391
CREMA.FL82_00897-RA	117	309	465
CSINI.Csp5_scaffold_00003.g213.t2	17	153	345	492
CSP21.g915.t1	66	141	210	333
CSP26.g12610.t1	108	276	423
CSP28.g10406.t1	117	330	483
CSP29.g14654.t1	117	312	462
CSP31.g23311.t1	111	351	522
CSP32.g374.t1	117	324	483
CSP34.Sp34_X0265700.t1	96	360	513
CSP38.g10868.t1	87	270	396
CSP39.g26565.t1	117	330	483
CSP40.g22459.t1	117	450
CTROP.Csp11.Scaffold630.g18220.t1	59	321	510	660
CVIRI.g3245.t1	114	441
DCORO.DCO_030602	60	171	306
