CAFRA.g15320.t1	32	181	262	330	432	1400	1616
CANGA.Cang_2012_03_13_00038.g2127.t1	81	346	535	668
CBREN.CBN00968	280	361	429	531	1070	1171	1499	1715
CBRIG.CBG12142	235	303	405	944	1045	1373	1589
CCAST.g11198.t1	41	342	444	618	1279	1412	1628
CDOUG.g8683.t1	35	184	265	333	435	974	1075	1403	1619
CELEG.T08B1.1b	247	328	396	498	1037	1138	1466	1682
CJAPO.CJA09512	35	184	265	333	435	974	1075	1403	1619
CKAMA.g3700.t1	214	295	363	465	1004	1105	1433	1649
CLATE.FL83_05372-RA	35	184	265	333	435	974	1075	1403	1619
CMONO.g19561.t1	44	123	196	277	345	447	621	662	741	864	986	1087	1210	1282	1415	1560	1631	1752
CNOUR.g17976.t1	32	181	262	330	432	1072	1616
CPLIC.g4061.t1	29	111	184	268	336	438	505	612	1078	1201	1273	1406
CREMA.FL82_13446-RA	35	184	265	333	435	974	1075	1403	1619
CSINI.Csp5_scaffold_01919.g23870.t1	256	337	405	507	1046	1147	1475	1691
CSP21.g10311.t1	32	117	190	271	339	508	615	735	858	980	1081	1204	1276	1409	1554	1625	1746
CSP26.g5926.t1	35	184	265	333	435	974	1075	1403	1619
CSP28.g1503.t1	35	184	265	333	435	1075	1619
CSP29.g5658.t1	32	181	262	330	411	1000	1544
CSP31.g26356.t1	32	108	181	262	330	432	499	606	726	971	1072	1195	1400
CSP32.g14110.t1	41	190	271	339	441	1409	1625
CSP34.Sp34_50022000.t1	35	184	333	435	974	1075	1619
CSP38.g2799.t1	381	657	1123	1451	1667
CSP39.g27321.t1	32	181	262	330	1072	1616
CSP40.g18663.t1	35	184	265	333	435	974	1075	1403	1619
CTROP.Csp11.Scaffold629.g13028.t1	35	184	265	333	435	974	1075	1403	1619
CVIRI.g5285.t1	32	114	187	268	336	505	732	1201	1406
DCORO.DCO_006749	47	123	196	280	348	459	565	674	753	876	998	1099	1222	1294	1427	1572	1643	1716	1823
