CAFRA.g16744.t1	279
CANGA.Cang_2012_03_13_00216.g7213.t1	75	232	495	672	799
CBREN.CBN24036	465
CBRIG.CBG18349	288	465	592
CCAST.g6004.t1	261	438	565
CDOUG.g1103.t1	285	462	589
CELEG.Y39A1A.6	294	471	598
CJAPO.CJA06569	577
CKAMA.g13001.t1	75	185	263	729	856
CLATE.FL83_11435-RA	288	465	592
CMONO.g8080.t1	168	282	360	459	586	664
CNOUR.g13034.t1	592
CPLIC.g6502.t1	82	186	378	477	682
CREMA.FL82_20776-RA	288	465	592
CSINI.Csp5_scaffold_00128.g5078.t1	288	465	592
CSP21.g9368.t1	153	267	345	571
CSP26.g4872.t1	465	592
CSP28.g4763.t1	592
CSP29.g2593.t1	592
CSP31.g17650.t1	441	568	646
CSP32.g2637.t1	279
CSP34.Sp34_30127200.t1	282	459	586
CSP38.g13875.t1	91	303	480	607
CSP39.g17333.t1	592
CSP40.g420.t1	465	592
CTROP.Csp11.Scaffold628.g7325.t1	285	462
CVIRI.g8907.t1	91	186	300	477
DCORO.DCO_017617	162	228	342	420	519	646	713
