CAFRA.g12902.t3	12	222	323	389	516	672	739	1070	1550	1659	2240	2616	2730	2925	3165	3249	3273	3355	3518	3630	3706
CANGA.Cang_2012_03_13_00035.g2003.t1	176	303	642	1026	1334	1443	1574	1665	1854	1885	1982	2358	2469	2904	2988	3070	3233	3421
CBREN.CBN23566	258	359	425	552	708	775	894	1112	2282	2472	2658	2772	2970	3210	3294	3376	3539	3651	3727
CBRIG.CBG02073	47	142	200	327	483	550	669	884	2054	2244	2430	2544	3027	3111	3135	3217	3380	3616
CCAST.g13749.t3	176	257	384	600	984	1292	1401	1532	1623	1812	1982	2358	2469	2904	2988	3070	3233	3421
CDOUG.g4700.t1	234	335	401	528	684	751	870	1085	1565	2255	2445	2631	2940	3180	3264	3288	3370	3533	3645	3721
CELEG.F54G2.1a	249	350	416	543	699	766	885	1100	1580	2270	2391	2460	2646	2760	2955	3195	3279	3361	3524	3636	3712
CJAPO.CJA11340	176	303	459	526	645	860	1340	1449	2151	2220	2406	2520	2715	2955	3039	3063	3145	3308	3420	3496
CKAMA.g1219.t1	141	297	364	483	698	1178	1287	1868	1989	2058	2244	2358	2841	2925	3007	3170	3282	3358
CLATE.FL83_01020-RA	50	177	333	400	519	734	1214	1904	2025	2094	2280	2394	2556	2796	2880	2962	3125	3237	3313
CMONO.g19580.t2	152	279	435	502	618	693	791	864	963	1050	1167	1271	1380	1511	1602	1791	1961	2082	2151	2262	2337	2442	2637	2760	2877	2961	3043	3206	3318	3394
CNOUR.g16645.t1	231	332	398	525	681	748	864	1079	1559	2249	2370	2439	2625	2739	2934	3174	3258	3282	3364	3527	3639	3715
CPLIC.g12168.t1	170	297	453	669	741	954	1140	1361	1470	1601	1692	1941	2051	2172	2427	2538	2733	2856	2973	3057	3139	3302	3414	3490
CREMA.FL82_00628-RA	9	20	147	303	370	489	704	1181	1871	1992	2061	2247	2361	2560	2667	2751	2833	2996	3108	3184
CSINI.Csp5_scaffold_01232.g19446.t1	127	283	350	469	684	1854	1975	2044	2230	2344	2539	2779	2863	2945	3108	3220	3296
CSP21.g15641.t1	218	309	498	668	858	969	1044	1149	1341	1464	1581	1665	1689	1771	1934	2122
CSP26.g12634.t2	216	317	383	510	666	733	852	1067	2237	2358	2427	2613	2727	2922	3162	3246	3270	3352	3515	3627	3703
CSP28.g9651.t1	173	300	456	523	639	854	1334	2024	2145	2214	2400	2514	2709	2949	3033	3115	3278	3390	3466
CSP29.g11716.t1	231	332	398	475	677	804	960	1027	1146	1361	1841	2531	2652	2721	2907	3021	3216	3456	3540	3622	3785	3897	3973
CSP31.g21882.t1	96	197	263	390	546	613	738	1131	1439	1548	1770	2129	2250	2622	2817	3057	3141	3165	3247	3410	3522	3598
CSP32.g5694.t4	15	228	329	395	522	678	745	1079	1559	1668	2249	2625	2739	2934	3174	3258	3340	3503	3615	3691
CSP34.Sp34_X0098400.t1	176	303	459	526	645	860	1340	2030	2151	2220	2406	2520	2715	2955	3039	3063	3145	3308	3420	3496
CSP38.g15074.t1	54	155	221	348	687	899	1071	1379	1488	1619	1710	1899	2069	2445	2556	2991	3075	3157	3320	3508
CSP39.g1287.t1	231	332	398	525	681	748	864	1082	1562	2252	2373	2442	2628	2742	2937	3177	3261	3343	3506	3618	3694
CSP40.g12533.t2	96	197	263	390	546	613	732	947	2117	2238	2307	2493	2607	2802	3042	3126	3208	3371	3483	3559
CTROP.Csp11.Scaffold582.g4644.t2	176	303	459	526	645	1340	2030	2220	2406	2520	2715	2955	3039	3063	3145	3308	3420	3496
CVIRI.g2554.t1	173	300	456	642	1110	1331	1571	1662	1851	2021	2142	2397	2508	2943	3027	3051	3133	3296	3408	3484
DCORO.DCO_003185	188	315	471	651	720	860	933	1032	1119	1340	1449	1671	1860	2030	2151	2331	2511	2706	2829	2946	3030	3112	3275	3387	3463
