CAFRA.g19550.t1	142	432	551
CANGA.Cang_2012_03_13_00040.g2233.t1	142	259	376	624	743	802
CBREN.CBN01986	142	333	432	551
CBRIG.CBG03104	142	333	432	551
CCAST.g7937.t1	552	951	1105	1222	1395	1514
CDOUG.g20070.t1	142	333	432	551
CELEG.ZK673.2	142	333	432	551
CJAPO.CJA18724	142	333	432	551
CKAMA.g7629.t1	142	333	432	551
CLATE.FL83_23139-RA	142	333	465	584
CMONO.g7113.t1	142	259	333	432	551
CNOUR.g1703.t1	142	432	551
CPLIC.g6245.t1	142	259	333	432	551
CREMA.FL82_05437-RA	142	333	432	551
CSINI.Csp5_scaffold_00141.g5462.t1	142	333	432	551
CSP21.g233.t1	142	333	432	551
CSP26.g10492.t1	142	333	432	551
CSP28.g13623.t1	142	432	551
CSP29.g13372.t1	142	432	551
CSP31.g27098.t1	142	333	432	551
CSP32.g5687.t1	142	432	551
CSP34.Sp34_20284800.t1	142	333	432	551
CSP38.g9692.t1	142	259	333	551
CSP39.g6648.t1	160	450	569
CSP40.g16070.t1	142	333	432	551
CTROP.Csp11.Scaffold629.g9008.t1	142	333	432	551
CVIRI.g981.t1	142	259	333	432	551
DCORO.DCO_019881	136	253	327	426	545
