CAFRA.g13662.t1	98	202	287
CANGA.Cang_2012_03_13_00106.g4492.t2	166	263
CBREN.CBN29883	8	109	197
CBRIG.CBG01527	146
CCAST.g356.t2	65	166	263	308
CDOUG.g19664.t1	113	214	299
CELEG.ZK994.6	67	152
CJAPO.CJA18777	134	235	317
CKAMA.g19063.t1	87	191	292	377
CLATE.FL83_17019-RA	101	202	287
CMONO.g173.t1	107	194	298	395
CNOUR.g5677.t1	92	193	278
CPLIC.g12544.t1	62
CREMA.FL82_08766-RA	101	202	287
CSINI.Csp5_scaffold_00220.g7335.t1	238	290	391	479
CSP21.g1146.t1	56	157	239
CSP26.g3070.t1	104	205	293
CSP28.g6509.t1	86	187	269
CSP29.g21070.t1	92	193	278
CSP31.g26200.t1	89	190	272
CSP32.g1085.t1	101	205	290
CSP34.Sp34_50114300.t1	104	205	290
CSP38.g1535.t1	65	166	251
CSP39.g7382.t1	89	190	266
CSP40.g2855.t1	113	214	293
CTROP.Csp11.Scaffold630.g22301.t1	107	208	293
CVIRI.g7357.t1	113	214	305
DCORO.DCO_022371	140	241	320
