CAFRA.g16833.t1	53	290	756
CANGA.Cang_2012_03_13_00563.g12276.t1	62	299
CBREN.CBN22404	59	296	762
CBRIG.CBG07018	62	299	765
CCAST.g1073.t1	62	299
CDOUG.g10348.t1	59	296
CELEG.B0432.4.1	59	296	445	762
CJAPO.CJA06480	299	765
CKAMA.g9696.t1	62	299	765
CLATE.FL83_05657-RA	444	585	794
CMONO.g3278.t1	101	208	309	415	500	567
CNOUR.g10329.t1	55	125	362	828
CPLIC.g5754.t1	62	133	299	406	507	613	765
CREMA.FL82_19472-RA	59	296	762	903	1112	1238
CSINI.Csp5_scaffold_00801.g15579.t1	59	296	762
CSP21.g2955.t1	62	133	189	299	406	507	610	762
CSP26.g17333.t1	59	296	762
CSP28.g13086.t1	59	296	762	903	1124	1478	1626	1746	1900
CSP29.g7211.t1	59	296	762	903	1124
CSP31.g25722.t1	59	296	504	762
CSP32.g885.t1	53	290	756	897	1118	1226	1352
CSP34.Sp34_20001400.t1	59	296	762
CSP38.g8444.t1	62	299	507	613	765
CSP39.g24386.t1	59	296	762	903	1124
CSP40.g21316.t1	59	296	762
CTROP.Csp11.Scaffold605.g5617.t1	59	296
CVIRI.g16733.t1	65	136	302	409	510	768
DCORO.DCO_016749	56	127	290	400	501	607	759
