CAFRA.g555.t1	42	225	309	762	893	1015	1158	1411	1547	1619
CANGA.Cang_2012_03_13_00646.g13108.t1	132	857	1275	1511
CBREN.CBN12953	321	452	574	717	970	1178
CBRIG.CBG09350	63	150	336	408	861	992	1114	1257	1510	1718
CCAST.g6589.t1	132	857	1275	1511
CDOUG.g1852.t1	51	240	315	768	899	1021	1164	1417	1625
CELEG.C14C11.3	51	237	321	774	905	1027	1170	1423	1631
CJAPO.CJA04343	51	234	336	789	1008	1344	1475	1597	1740	1993	2129	2201
CKAMA.g10401.t1	122	265	518	726
CLATE.FL83_12011-RA	51	231	306	759	890	1012	1155	1616
CMONO.g1849.t1	18	99	138	219	279	388	500	609	902	1024	1167	1226	1320	1420	1556	1628
CNOUR.g13145.t1	51	234	315	768	899	1021	1164	1553	1625
CPLIC.g2231.t1	198	321	452	574	717	870	970	1178
CREMA.FL82_20392-RA	378	509	631	774	1235
CSINI.Csp5_scaffold_00162.g6014.t1	51	237	312	765	908	1030	1173	1426	1634
CSP21.g14875.t1	138	234	455	483	606	731	853	996	1149	1249	1385	1457
CSP26.g8963.t1	51	240	315	768	899	1021	1164	1417	1625
CSP28.g71.t1	42	225	309	762	893	1015	1619
CSP29.g2170.t1	84	194	307	420	518	628	907	948	1029	1482	1613	1735	1878	2267	2339	2487	2566	2771
CSP31.g18036.t1	48	231	312	765	896	1018	1161	1414	1622
CSP32.g17508.t1	42	225	309	762	893	1015	1158	1411	1547	1619
CSP34.Sp34_50198020.t1	51	237	321	774	905	1027	1170	1423	1631
CSP38.g6405.t1	9	141	884	1006	1538	1610
CSP39.g21828.t1	51	234	315	768	899	1021	1625
CSP40.g24609.t1	51	237	318	771	902	1024	1167	1420	1628
CTROP.Csp11.Scaffold536.g3307.t2	51	240	315	768	899	1021	1164	1417	1625
CVIRI.g9121.t1	132	225	294	747	878	1000	1296	1396	1532
DCORO.DCO_005901	144	222	315	363	519	651	760	872	981	1104	1264	1500	1556	1756	1892	1964
