CAFRA.g7391.t1	21	141	225	319	398	695	809	1314	1400
CANGA.Cang_2012_03_13_00241.g7684.t1	107	450	677	1182	1268
CBREN.CBN00399	21	141	225	319	398	695	809	1320	1406
CBRIG.CBG03814	21	141	225	319	398	695	809
CCAST.g4311.t1	18	138	236	579	806	1311	1397
CDOUG.g23281.t1	21	141	225	319	398	695	809	1320	1406
CELEG.C16C2.2a.1	21	141	225	319	398	695	809	1320	1406
CJAPO.CJA00570a	204	288	382	461	758	872	1383	1469
CKAMA.g18995.t1	111	231	315	409	488	785	899	1396	1482	1716	1859
CLATE.FL83_20171-RA	21	141	225	319	398	695	809	1335	1421
CMONO.g17711.t1	43	102	237	415	494	588	672	785	899	981	1134	1296	1490
CNOUR.g8931.t1	21	141	225	319	398	695	809	1320
CPLIC.g2217.t1	18	138	236	316	692	806	1203	1311	1397
CREMA.FL82_16627-RA	21	141	225	319	398	695	809	1335	1421
CSINI.Csp5_scaffold_00607.g13490.t2	21	141	225	319	398	695	809	1454
CSP21.g7033.t1	137	251	333	486	648	756	839
CSP26.g3686.t1	21	141	225	319	398	695	809	1320	1406
CSP28.g758.t1	366	486	570	664	743	1040	1154	1656
CSP29.g10411.t1	21	141	225	319	398	695	809	1320
CSP31.g19283.t1	21	141	242	322	698	812	1064	1317	1403
CSP32.g8012.t1	21	141	225	319	398	695	809	1314	1400
CSP34.Sp34_10210100.t1	21	141	225	319	398	695	809	1320	1406
CSP38.g11530.t1	18	138	236	579	806	1311	1397
CSP39.g656.t1	21	141	225	319	398	695	809	1320	1406
CSP40.g20207.t1	21	141	225	319	398	695	809	1320	1406
CTROP.Csp11.Scaffold629.g15325.t1	21	141	225	319	398	695	809	1320	1406
CVIRI.g5217.t1	18	138	316	579	692	806	1203	1397
DCORO.DCO_010381	24	144	322	401	579	806	888	1041	1135	1294	1403
