CAFRA.g14996.t1	146	272	370	528	711	850	995	1089	1212	1428	1559	1635	1728	1859
CANGA.Cang_2012_03_13_00086.g3891.t1	152	278	376	534	862	1224	1437	1568	1644	1868
CBREN.CBN18559	221	347	445	603	672	970	1115	1209	1332	1545	1676	1845	1976
CBRIG.CBG14135	72	197	453	706	851	945	1068	1284	1415	1491	1584	1715
CCAST.g13204.t2	152	278	376	534	612	940	1302	1515	1646	1722	1946
CDOUG.g1532.t1	146	272	370	528	597	711	850	995	1089	1212	1425	1556	1725	1856
CELEG.K10B3.6d.1	146	272	370	528	606	675	789	928	1073	1167	1290	1506	1637	1713	1806	1937
CJAPO.CJA17837	146	272	370	528	597	711	850	995	1089	1212	1425	1556	1632	1725	1856
CKAMA.g1129.t1	146	272	370	528	597	711	850	995	1089	1209	1425	1556	1632	1725	1856
CLATE.FL83_00892-RA	164	290	388	546	615	729	868	1013	1107	1230	1446	1577	1653	1746	1877
CMONO.g18560.t1	146	275	373	450	531	606	789	934	1049	1143	1263	1476	1607	1776	1907
CNOUR.g22009.t1	146	272	370	528	606	675	789	928	1073	1167	1293	1509	1640	1716	1809	1940
CPLIC.g3394.t1	143	269	367	447	528	606	675	789	928	1073	1167	1290	1503	1634	1710	1803	1934
CREMA.FL82_00775-RA	164	290	388	546	615	729	868	1013	1107	1230	1446	1577	1653	1746	1877
CSINI.Csp5_scaffold_00046.g2421.t1	146	272	370	528	597	711	1040	1134	1257	1473	1604	1680	1773	1904
CSP21.g8105.t1	146	275	373	450	531	606	720	859	953	1047	1080	1290	1421	1497	1590	1721
CSP26.g12372.t1	146	272	370	528	597	850	995	1089	1212	1428	1559	1635	1728	1859
CSP28.g9737.t1	146	272	370	528	642	781	926	1020	1143	1359	1490	1566	1659	1790	1910	2734	2955	3153	3353	3537	3657
CSP29.g11620.t1	14	112	270	339	453	592	737	831	957	1173	1304	1380	1473	1604
CSP31.g8615.t1	143	346	504	681	820	962	1056	1392	1523	1599	1692	1823
CSP32.g16722.t1	146	272	370	528	711	850	995	1089	1212	1428	1559	1635	1728	1859	1975	2401	2604	2670	3002	3111	3243	3291	3408
CSP34.Sp34_X0275900.t1	140	266	364	522	600	669	783	922	1067	1161	1284	1503	1634	1710	1803	1934
CSP38.g1096.t1	152	278	534	612	940	1085	1302	1515	1646	1722	1946
CSP39.g19106.t1	146	272	370	528	606	675	789	928	1073	1167	1290	1506	1637	1713	1806	1937
CSP40.g9174.t1	146	272	370	528	597	711	850	995	1089	1212	1428	1559	1635	1728	1859
CTROP.Csp11.Scaffold629.g16535.t2	146	370	528	606	675	789	928	1073	1167	1290	1503	1634	1803	1934
CVIRI.g126.t1	146	272	370	528	603	717	856	1001	1215	1437	1568	1644	1737	1868
DCORO.DCO_006085	66	153	382	462	543	621	735	1013	1107	1266	1311	1440	1503	1647	1740	1871	2001
