CAFRA.g9210.t1	620
CANGA.Cang_2012_03_13_00658.g13219.t1	94	459	617
CBREN.CBN03604	94	617
CBRIG.CBG10069	94	617
CCAST.g17115.t1	94	459
CDOUG.g22124.t1	94	617
CELEG.F55H2.5	617
CJAPO.CJA11862	94	617
CKAMA.g4258.t1	94	617
CLATE.FL83_07398-RA	94	617
CMONO.g9094.t1	94	213	376	456	712	821
CNOUR.g14156.t1	94	617
CPLIC.g9763.t1	462	620	718
CREMA.FL82_15047-RA	94	617
CSINI.Csp5_scaffold_00327.g9484.t1	94	617
CSP21.g4256.t1	94	213	379	459	617	715
CSP26.g15192.t1	94	617
CSP28.g16283.t1	94	617
CSP29.g1949.t1	94	617
CSP31.g23187.t1	94	213	278	379	459	617	715
CSP32.g11122.t1	620
CSP34.Sp34_30193410.t1	617
CSP38.g8907.t1	94	459
CSP39.g6451.t1	94	617
CSP40.g3376.t1	94	617
CTROP.Csp11.Scaffold630.g18382.t1	94	617
CVIRI.g10760.t1	213	379	577	715
DCORO.DCO_017893	94	213	309	379	459	519	617
