CAFRA.g1584.t2	76	174	282	441	669	1153
CANGA.Cang_2012_03_13_00145.g5553.t1	174	663	1147	1257
CBREN.CBN17141	76	168	276	453	684	1011	1168
CBRIG.CBG09654	76	177	285	453	684	1011	1168
CCAST.g16706.t1	174	663	1147	1257
CDOUG.g3239.t1	76	168	276	465	696	1023	1180
CELEG.T21C9.12	76	165	273	444	672	999	1156
CJAPO.CJA03705	76	168	444	675	1002	1159
CKAMA.g6387.t1	150	331	523	688	780	888	1068	1299	1626	1783
CLATE.FL83_11803-RA	76	168	285	453	684	1011	1168
CMONO.g18919.t1	105	213	390	511	618	755	816	945	1102	1212
CNOUR.g17325.t2	76	168	276	441	672	1156
CPLIC.g14217.t1	144	405	636	773	834	963	1120	1230
CREMA.FL82_09153-RA	76	168	285	453	684	1011	1138
CSINI.Csp5_scaffold_05398.g34911.t1	76	168	273	435	666	1054	1321
CSP21.g15746.t1	162	312	480	589	696	833	894	1023	1180
CSP26.g316.t1	76	168	273	447	678	1005	1162
CSP28.g13616.t1	76	168	276	453	684	924	1081
CSP29.g17148.t1	76	168	276	441	672	1156
CSP31.g18469.t2	76	165	273	393	468	699	836	897	1026	1183
CSP32.g12589.t1	76	168	276	435	663	1147
CSP34.Sp34_50296000.t1	76	165	273	447	675	1002	1159
CSP38.g17140.t1	174	666	1150	1260
CSP39.g4637.t1	76	168	276	447	678	1162
CSP40.g1506.t1	76	168	276	444	675	1159
CTROP.Csp11.Scaffold629.g15511.t1	76	168	276	447	678	1005	1162
CVIRI.g4457.t1	29	79	168	264	345	423	541	648	785	846	975	1132	1242
DCORO.DCO_011193	77	174	249	432	556	663	861	990	1147	1257
