CAFRA.g4653.t1	464	633	738
CANGA.Cang_2012_03_13_00004.g379.t1	224	311	498	626
CBREN.CBN09781	452	539	726
CBRIG.CBG11977	446	533	720
CCAST.g10891.t1	156	425	512	699	827
CDOUG.g404.t1	476	563	750
CELEG.T03F1.1.1	440	714
CJAPO.CJA07402a	473	642	747	1298
CKAMA.g18400.t1	296	536	672	1115	1389
CLATE.FL83_08156-RB	152	239	392	540	1013	1100	1287
CMONO.g14467.t1	150	259	333	419	506	588	693	821	957	1042	1155
CNOUR.g8204.t1	617	704	891
CPLIC.g962.t1	147	416	503	1039
CREMA.FL82_12690-RA	467	554	741
CSINI.Csp5_scaffold_00437.g11361.t2	241	345	469	529	579	651	821	899	1349	1436	1623
CSP21.g3056.t1	141	250	410	497	579	684	812	948	1036	1158
CSP26.g12875.t1	121	356	480	604	664	714	786	956	1051	1502	1589	1776
CSP28.g1159.t1	296	536	681	828	1376	1650
CSP29.g16601.t1	296	536	684	1310	1397	1584
CSP31.g5723.t1	117	226	386	555	640	749	973	1107
CSP32.g13584.t1	503	672	777
CSP34.Sp34_10165500.t1	3	503	590	777
CSP38.g21153.t1	102	467	1535	1794	1881	2040	2149	2309	2396	2583	2711	3060
CSP39.g2075.t1	566	653	840
CSP40.g16484.t1	446	533	720
CTROP.Csp11.Scaffold627.g6771.t1	458	545	732
CVIRI.g14511.t1	165	434	708	836	972
DCORO.DCO_012331	177	286	360	446	533	676	720	848	984	1072	1182
