CAFRA.g17661.t1	177	243	461	570	723	888	1040
CANGA.Cang_2012_03_13_00433.g10801.t1	39	509
CBREN.CBN09202	111	198	264	429	581	678
CBRIG.CBG15075	111	198	264	429	581	678
CCAST.g15268.t1	39	509
CDOUG.g14849.t1	111	198	264	581	678
CELEG.Y11D7A.4	111	198	264	429	581	678
CJAPO.CJA07682	555	642	708	894	1046	1143
CKAMA.g9787.t1	111	198	264	429	581	678
CLATE.FL83_21866-RA	111	198	264	429	581	736
CMONO.g1583.t1	42	129	195	360	512	609
CNOUR.g15858.t1	105	192	258	423	575	672
CPLIC.g4207.t1	48	135	366	460	546
CREMA.FL82_19992-RA	111	198	264	429	581	738
CSINI.Csp5_scaffold_02317.g25945.t1	108	195	261	426	578	675
CSP21.g9063.t1	36	123	247	354	464	561
CSP26.g15370.t1	122	209	275	440	592	689
CSP28.g7064.t1	171	356	480	567	633	798	950	1047
CSP29.g3762.t1	105	192	258	423	575	672
CSP31.g26778.t1	39	126	192	357	509	606
CSP32.g4645.t1	99	186	252	417	569
CSP34.Sp34_40354400.t1	90	177	180	246	411	563	660
CSP38.g14852.t1	42	129	512
CSP39.g2208.t1	108	261	426	578	675
CSP40.g7249.t1	108	195	261	426	578	675
CTROP.Csp11.Scaffold523.g2959.t1	108	195	261	426	578
CVIRI.g155.t1	78	165	231	396	548	645
DCORO.DCO_019729	39	126	192	250	357	509
