CAFRA.g9823.t1	42	204	276
CANGA.Cang_2012_03_13_00521.g11825.t1	147
CBREN.CBN02489	42	204	276
CBRIG.CBG12973	42	204	276
CCAST.g1369.t1	150
CDOUG.g20371.t1	42	204	276
CELEG.B0228.5a	207	279
CJAPO.CJA02955b	204	366	438
CKAMA.g5924.t1	42	204	276
CLATE.FL83_06927-RA	42	204	276
CMONO.g17914.t1	30	135	192	264
CNOUR.g11084.t1	42	204	276
CPLIC.g9888.t1	147	204	276
CREMA.FL82_05623-RA	42	204	276
CSINI.Csp5_scaffold_00106.g4448.t1	42	204	276
CSP21.g15945.t1	36	198	270
CSP26.g16584.t1	42	204	276
CSP28.g15404.t1	42	204	276
CSP29.g7157.t1	42	204	276
CSP31.g24370.t1	42	204	276
CSP32.g1578.t1	42	204	276
CSP34.Sp34_20143500.t1	42	204	276
CSP38.g20547.t1	144
CSP39.g22395.t1	42	204	276
CSP40.g17112.t1	42	204	276
CTROP.Csp11.Scaffold15.g66.t1	42	204	276
CVIRI.g1843.t1	42	147	276
DCORO.DCO_024243	30	135	192	264
