CAFRA.g14897.t2	712	858
CANGA.Cang_2012_03_13_07404.g20889.t1	
CBREN.CBN06543	90	655	792
CBRIG.CBG23522	90	661	798
CCAST.g12663.t1	102	730	861
CDOUG.g2481.t1	90	658	795
CELEG.F45D3.2b	90	661	798
CJAPO.CJA05410	93	658	803	813
CKAMA.g9361.t1	90	661	798
CLATE.FL83_19941-RA	90	655	792
CMONO.g3335.t1	111	357	661	795
CNOUR.g20735.t1	84	646	783
CPLIC.g5238.t1	87	417	646	789
CREMA.FL82_11159-RA	90	655	792
CSINI.Csp5_scaffold_00287.g8719.t1	87	655	792
CSP21.g4971.t1	105	327	456	709	863
CSP26.g12899.t1	87	655	792
CSP28.g6105.t1	87	658	795	964	1049	1183
CSP29.g19170.t1	84	652	789
CSP31.g9265.t1	813
CSP32.g6137.t1	709	855
CSP34.Sp34_50173400.t1	52	159	276	847	984
CSP38.g11271.t1	321	715	846
CSP39.g8386.t1	81	646	783
CSP40.g18456.t1	87	661	798
CTROP.Csp11.Scaffold33.g137.t1	90	652	789
CVIRI.g15978.t1	132	342	715	861
DCORO.DCO_027591	129	450	561	787	924
