CAFRA.g16708.t1	461	951	1053	1200	1577	1906
CANGA.Cang_2012_03_13_05143.g19387.t1	102	626
CBREN.CBN13034	458	951	1053	1577
CBRIG.CBG09816	467	745	849	951	1475	1804
CCAST.g18536.t1	140	191	488	978	1080	1604	1936
CDOUG.g3269.t1	458	951	1053	1577
CELEG.Y71H2AM.19b.1	503	990	1092	1616	1945
CJAPO.CJA03958	476	1595	1924
CKAMA.g4110.t1	437	930	1032	1556
CLATE.FL83_22601-RA	482	975	1077	1601	1930
CMONO.g18423.t1	393	498	600	747	915	1127	1279	1456
CNOUR.g825.t1	428	624	918	1020	1167	1544	1873
CPLIC.g6964.t1	122	185	642	831	1038	1562	1885
CREMA.FL82_15219-RA	485	978	1080	1604	1933
CSINI.Csp5_scaffold_00155.g5815.t1	491	984	1086	1610	1939
CSP21.g3177.t1	101	392	561	664	855	957	1104	1272	1481	1633	1807
CSP26.g17478.t1	476	969	1071	1595	1924
CSP28.g3625.t1	422	561	855	957	1104	1481	1810
CSP29.g20613.t1	425	621	915	1017	1164	1541	1905	2047	2100	2307	2373	2857
CSP31.g6270.t1	533	747	1041	1143	1667	1996
CSP32.g3082.t1	449	939	1041	1188	1565	1894
CSP34.Sp34_30210610.t1	440	933	1035	1559	1888
CSP38.g12896.t1	146	200	527	1017	1119	1643	1975
CSP39.g16483.t1	437	633	927	1029	1176	1553	1882
CSP40.g8082.t1	458	951	1053	1577	1906
CTROP.Csp11.Scaffold629.g10204.t1	476	969	1071	1595
CVIRI.g15287.t1	83	402	798	1322
DCORO.DCO_005159	155	313	511	749	830	867	948	1050	1137	1242	1401	1491	1572	1659	1719	1868	1942	2020	2100	2200
