CAFRA.g8741.t1	47	108	195	442	597	894	1148	1292	1533	1805
CANGA.Cang_2012_03_13_00116.g4790.t2	38	105	192	591	888	1142	1420	1560	1836
CBREN.CBN20143	47	108	195	484	639	733	936	1061	1190	1337	1578	1976
CBRIG.CBG14650	47	108	195	442	597	691	894	1019	1148	1295	1545	1844
CCAST.g11843.t1	38	192	591	685	888	1142	1420	1560	1829
CDOUG.g487.t1	47	108	195	442	597	691	894	1019	1148	1295	1536	1802
CELEG.Y34B4A.8b	47	108	195	442	597	691	894	1019	1148	1295	1536	1811
CJAPO.CJA00158	23	84	418	667	870	995	1124	1280	1521	1796
CKAMA.g3240.t1	47	108	195	442	597	691	894	1019	1148	1295	1551	1838
CLATE.FL83_00534-RA	47	108	195	442	597	691	894	1019	1148	1295	1602	1871
CMONO.g17801.t2	20	87	174	309	421	522	579	673	802	876	956	1085	1173	1304	1387	1453	1593	1868
CNOUR.g768.t1	47	111	198	445	603	697	900	1025	1154	1349	1608	1877
CPLIC.g10427.t1	41	108	195	330	442	537	688	1016	1145	1319	1862
CREMA.FL82_01178-RA	47	108	195	442	597	691	894	1019	1148	1295	1572	1841
CSINI.Csp5_scaffold_00012.g809.t1	47	108	195	442	597	691	894	1019	1148	1295	1539	1823
CSP21.g15453.t1	47	114	201	336	448	543	694	823	897	1022	1151	1236	1534	1680	1910
CSP26.g17795.t1	47	108	195	442	597	691	894	1019	1148	1295	1530	1814
CSP28.g10482.t1	47	108	195	442	597	691	1148	1319	1557	1838
CSP29.g3878.t1	47	117	204	451	609	703	906	1031	1160	1355	1614	1883
CSP31.g9043.t1	47	117	204	451	603	697	900	1025	1355	1486	1910
CSP32.g15855.t1	47	108	195	442	597	894	1148	1292	1524	1793
CSP34.Sp34_X0241700.t1	47	108	195	442	597	691	894	1019	1148	1295	1536	1814
CSP38.g10902.t1	38	105	439	591	685	888	1142	1465	1590	1865
CSP39.g21619.t1	47	108	195	442	597	691	1019	1148	1319	1557	1832
CSP40.g17687.t1	47	108	195	442	597	691	894	1019	1148	1295	1530	1814
CTROP.Csp11.Scaffold527.g3104.t1	47	108	195	442	594	688	891	1016	1145	1292	1533	1802
CVIRI.g10472.t1	47	201	448	694	823	1154	1432	1596	1865
DCORO.DCO_005845	62	216	351	463	627	850	1049	1178	1263	1421	1591	1700	1808	2039
