CAFRA.g2813.t1	174	480	803	1048	1952
CANGA.Cang_2012_03_13_00182.g6400.t1	459	782	927	1532	1623
CBREN.CBN20089	459	782	1027	1386	1931
CBRIG.CBG15846	156	462	785	1030	1386	1931
CCAST.g2177.t1	459	782	927	1532	1623	1931	2205
CDOUG.g13739.t1	156	462	785	1030	1389	1934
CELEG.Y47H9C.5a	159	465	788	1036	1395	1940
CJAPO.CJA02310	159	465	1937
CKAMA.g3006.t1	156	462	785	1033	1389	1934
CLATE.FL83_09244-RA	159	465	788	1033	1392	1937	2363	2373	2424	2679	2892	3021
CMONO.g9779.t1	162	331	468	594	666	794	942	1042	1143	1255	1392	1538	1607	1668	1850	1956	2052	2124
CNOUR.g21037.t1	168	797	1943
CPLIC.g6971.t1	486	612	806	1051	1273	1410	1556	1647	1955	2061	2229
CREMA.FL82_04671-RA	159	465	788	1033	1392	1937
CSINI.Csp5_scaffold_00638.g13876.t1	153	459	782	1027	1931
CSP21.g11614.t1	156	325	462	588	660	782	930	1030	1140	1252	1389	1538	1629	1934	2040	2136	2208
CSP26.g5743.t1	153	459	782	1027	1386	1931
CSP28.g2652.t1	162	468	791	1392	1937
CSP29.g11095.t1	168	797	1943
CSP31.g5982.t1	159	328	465	591	1042	1261	1544	1635	1943	2049
CSP32.g5010.t1	159	465	788	1033	1937
CSP34.Sp34_10028300.t1	153	459	782	1027	1386	1931
CSP38.g7598.t1	459	782	927	1532	1623	1931	2205
CSP39.g10064.t1	165	471	794	1401	1946
CSP40.g13793.t1	153	459	782	1027	1386	1931
CTROP.Csp11.Scaffold629.g11741.t1	150	456	779	1024	1383	1928
CVIRI.g11662.t1	159	465	591	933	1033	1252	1389	1626	1934
DCORO.DCO_005119	153	243	322	462	588	660	782	1252	1389	1535	1626	1752	1857	2040	2136	2208
