CAFRA.g6941.t1	602	715
CANGA.Cang_2012_03_13_00041.g2257.t1	105
CBREN.CBN11559	93	307	608	721
CBRIG.CBG13276	93	313	614	727
CCAST.g3278.t1	102	223	429	539	626	739
CDOUG.g15214.t1	93	307	608	721
CELEG.Y66D12A.24	93	310	611	724
CJAPO.CJA09387b	310	611
CKAMA.g13304.t1	78	388	689	1071	1123
CLATE.FL83_17598-RA	93	310	611	724
CMONO.g5941.t1	84	283	387	497	584	697
CNOUR.g12469.t1	322	623	736
CPLIC.g6847.t1	96	205	405	602	715
CREMA.FL82_09827-RA	93	316	617	730
CSINI.Csp5_scaffold_00224.g7439.t1	96	316	617	730
CSP21.g4021.t1	96	384	581	694
CSP26.g6333.t1	93	313	614	727
CSP28.g13464.t1	304	605	718
CSP29.g18019.t1	298	599	712
CSP31.g11011.t1	93	518	605	718
CSP32.g3377.t1	602	715
CSP34.Sp34_30089400.t1	93	310	611	724
CSP38.g6370.t1	96	217	417	614	727
CSP39.g177.t1	304	509	614	727
CSP40.g20620.t1	93	313	614	727
CTROP.Csp11.Scaffold629.g14946.t1	96	307	608	721
CVIRI.g3870.t1	93	208	408	605
DCORO.DCO_003269	88	162	293	424	707	762	880	1038	1106	1198	1274	1312	1412	1525	1609	1724	1769	1867	1944	2051	2157	2217	2298	2426	2564	2625	2692	2787	2848	3004	3108	3218	3305	3418
