CAFRA.g16246.t1	54
CANGA.Cang_2012_03_13_00768.g14000.t1	33	86	400
CBREN.CBN02140	51	113	412
CBRIG.CBG08277	51	116	412
CCAST.g3365.t1	24	80	394
CDOUG.g8083.t1	51	125	424
CELEG.D2005.2	51	116	412
CJAPO.CJA09878	57	418
CKAMA.g1600.t1	51	116	421
CLATE.FL83_10858-RA	113	409
CMONO.g8115.t1	253	418	480	542	662	814
CNOUR.g8326.t1	51	128	418
CPLIC.g14402.t1	51	107	266	367
CREMA.FL82_08904-RA	119	415
CSINI.Csp5_scaffold_00565.g12945.t1	51	116	412
CSP21.g8842.t1	45	98	242	384
CSP26.g18057.t1	119	415
CSP28.g5031.t1	54	397
CSP29.g17340.t1	51	128	418
CSP31.g163.t1	57	113	290	409
CSP32.g16509.t1	54
CSP34.Sp34_10076600.t1	51	119	418
CSP38.g8746.t1	33	89	349
CSP39.g5345.t1	54	400
CSP40.g14232.t1	51	122	418
CTROP.Csp11.Scaffold551.g3633.t1	51	409
CVIRI.g3651.t1	36	104
DCORO.DCO_022311	45	104	245	358
