CAFRA.g15407.t1	47	252	454	1584	1755	2338	2643
CANGA.Cang_2012_03_13_00230.g7459.t2	78	188	414	1221	1626	2425	2754
CBREN.CBN04840	18	57	167	363	1815	2557	2658
CBRIG.CBG14758	47	1902	2479	2799
CCAST.g6442.t1	78	188	420	1236	1641	2440	2769
CDOUG.g5562.t1	44	225	1671	2410	2511	2706
CELEG.F13D11.2a	3	113	309	1917	2485	2607	2817
CJAPO.CJA01697	47	246	433	1566	2287	2397	2613
CKAMA.g3573.t1	47	234	427	1605	1776	2478	2664
CLATE.FL83_00458-RA	47	243	1707	1878	2458	2616
CMONO.g18631.t1	81	200	423	586	683	1109	1359	1572	1755	1926	2151	2331	2536	2643	2835	2892
CNOUR.g13223.t2	81	182	408	1127	1761	1932	2515	2637	2853
CPLIC.g13830.t1	81	194	417	709	1770	1941	2661	2895
CREMA.FL82_01809-RA	33	143	339	1803	1974	2554	2688
CSINI.Csp5_scaffold_00027.g1566.t2	47	252	1725	1896	2470	2799
CSP21.g14123.t1	81	203	378	599	956	1173	1395	1749	2332	2457	2715
CSP26.g7772.t1	45	149	354	1836	2007	2578	2907
CSP28.g10545.t1	8	213	911	1545	1716	2308	2436	2643
CSP29.g3946.t1	81	182	399	1106	1740	1911	2491	2613	2829
CSP31.g16026.t1	78	197	381	574	1722	1893	2542	2853	2928
CSP32.g179.t1	47	243	442	1572	1743	2314	2649
CSP34.Sp34_X0233800.t1	3	113	306	1953	2521	2643	2850
CSP38.g10415.t1	78	188	396	1275	1677	1848	2479	2808
CSP39.g7958.t1	47	243	959	1596	2362	2484	2703
CSP40.g14017.t1	114	218	423	1884	2055	2629	2958
CTROP.Csp11.Scaffold626.g6570.t1	47	249	1701	1872	2434	2538	2742
CVIRI.g949.t1	81	194	399	662	1578	2533	2826	2886
DCORO.DCO_002987	29	294	503	725	825	982	1064	1219	1504	1578	1694	1899	2406	2673	2895	3189	3462	3627	3690
