CAFRA.g1540.t1	138	914	959
CANGA.Cang_2012_03_13_00042.g2281.t1	297	384	654	983
CBREN.CBN03302	141	497	911
CBRIG.CBG06437	147	306	503
CCAST.g4915.t1	300	570	899
CDOUG.g26449.t1	141	300	497	911
CELEG.Y108G3AL.2	141	300	497	911
CJAPO.CJA08471b	132	896	959
CKAMA.g7221.t1	123	893
CLATE.FL83_05419-RA	141	300	497	905
CMONO.g6699.t1	111	273	342	422	543	675	788	923
CNOUR.g6649.t1	135	917
CPLIC.g1565.t1	114	273	342	422	543	675	779	890
CREMA.FL82_13386-RA	141	300	497	905
CSINI.Csp5_scaffold_03452.g30248.t1	156	315	397
CSP21.g14218.t1	81	237	306	386	507	639	716	830
CSP26.g16485.t1	168	767
CSP28.g11949.t1	138	920
CSP29.g462.t1	135	917
CSP31.g16214.t1	165	324	473	726	929
CSP32.g14325.t1	138	914	959
CSP34.Sp34_40071300.t1	141	300	497	917
CSP38.g16035.t1	294	564	875
CSP39.g26940.t1	729
CSP40.g36.t1	150	309	914
CTROP.Csp11.Scaffold629.g7595.t1	141	300	497	911
CVIRI.g8649.t1	108	267	336	758
DCORO.DCO_014091	105	267	322	416	537	669	851	995
