CAFRA.g266.t1	114	273	444	540	672	806	900	1017	1191	2163	2286	3091	3276	3345
CANGA.Cang_2012_03_13_05107.g19356.t2	103
CBREN.CBN17653	114	273	444	540	672	806	900	1017	1191	1556	1719	2009	2163	2286	2447	2766	3088	3273	3336
CBRIG.CBG04493	129	288	459	555	687	821	915	1032	1206	1344	1571	1734	2036	2190	2313	2471	2790	3112	3345	3408
CCAST.g15604.t1	117	276	675	809	1559	2238	2396	2715	3037	3222	3294
CDOUG.g1349.t1	114	273	444	540	672	806	900	1017	1191	1329	1556	1719	2169	2292	2453	2772	3094	3279	3342
CELEG.F59F5.6	114	444	540	672	806	900	1017	1191	1329	1556	1722	2027	2181	2304	2465	2784	3106	3291	3354
CJAPO.CJA05780	114	273	444	540	672	806	900	1017	1191	1725	2012	2163	2286	2444	3097	3282
CKAMA.g1414.t1	114	273	444	540	672	806	900	1017	1191	1329	1523	1689	1985	2139	2262	2423	2742	3064	3249
CLATE.FL83_01300-RA	114	273	444	540	672	806	900	1017	1191	1329	1556	2202	2325	2483	2802	3124	3309
CMONO.g5646.t1	111	270	351	537	669	803	875	930	1104	1242	1359	1469	1629	1880	2034	2075	2133	2297	2409	2526	2625	2750	2947	3132	3201
CNOUR.g2979.t1	114	273	444	540	672	806	900	1017	1191	1329	1556	1716	2015	2166	2289	2450	2772	3094	3279
CPLIC.g739.t1	117	276	357	543	672	797	1547	1692	2151	2363	2682	3004	3189
CREMA.FL82_17377-RA	114	273	444	540	672	806	900	1017	1191	1329	1556	2202	2325	2483	2802	3124	3309	3372
CSINI.Csp5_scaffold_00068.g3227.t1	114	273	444	540	672	806	900	1017	1191	1329	1556	1719	2027	2181	2304	2462	3103	3288
CSP21.g13519.t1	114	273	354	540	672	806	900	1017	1446	1710	2003	2145	2220	2366	2472	3010	3195
CSP26.g3126.t1	114	273	444	540	672	806	900	1017	1191	1329	1556	2009	2163	2286	2444	3085	3270
CSP28.g12757.t1	114	273	444	540	672	806	900	1017	1191	1329	1556	1716	2027	2178	2301	2459	2781	3103	3288
CSP29.g11943.t1	114	273	444	540	672	806	900	1017	1191	1329	1556	1716	2027	2178	2301	2462	2784	3106	3291
CSP31.g25020.t1	117	276	543	675	809	903	1020	1194	2018	2169	2289	2450	2769	3091	3276
CSP32.g12667.t1	114	273	444	540	672	806	900	1017	1191	2021	2175	2298	3100	3285	3354
CSP34.Sp34_X0073510.t1	114	273	444	540	672	806	900	1017	1191	1329	1556	1731	2024	2178	2301	2462	2781	3103	3288	3351
CSP38.g14557.t1	117	276	675	1559	2238	2396	2715	3037	3222	3294
CSP39.g19554.t1	114	273	444	540	672	806	900	1017	1191	1329	1556	1716	2172	2295	2453	2775	3097	3282	3351
CSP40.g20308.t1	114	273	444	540	672	806	900	1017	1191	1329	1556	1719	2027	2181	2304	2462	3103	3288	3351
CTROP.Csp11.Scaffold629.g13769.t1	114	273	444	486	618	752	846	963	1137	1275	1502	2115	2238	2399	2718	3040	3225
CVIRI.g11735.t1	117	276	543	809	1020	1332	1719	1985	2136	2250	2408	2724	3046	3231
DCORO.DCO_003311	135	294	375	561	687	821	1032	1344	1461	1571	2739	2838	2963	3160	3345
