CAFRA.g5370.t1	136	208	380	467	743	969	1202	1242
CANGA.Cang_2012_03_13_00725.g13710.t1	59	131	184	309	398	768	785
CBREN.CBN13163	62	124	196	368	455	782	993	1272
CBRIG.CBG21978	19	269	348	623	834	1113
CCAST.g8749.t1	56	115	187	578	673	1043
CDOUG.g9194.t1	62	121	193	362	449	761	972	1251
CELEG.F56D3.1.1	62	121	362	449	734	945	1178	1215
CJAPO.CJA01419	65	121	193	359	440	773	987	1220	1254
CKAMA.g16119.t1	62	121	193	365	452	728	930	1163	1206
CLATE.FL83_08595-RA	62	124	368	452	728	948	1181	1221
CMONO.g19839.t1	89	157	229	306	416	629	772	900	1004	1145
CNOUR.g7408.t1	59	118	190	446	728	945	1178	1221
CPLIC.g9292.t1	68	148	220	458	659	742	870	974	1107	1170
CREMA.FL82_06871-RA	62	124	368	452	743	963	1196	1236
CSINI.Csp5_scaffold_05674.g35383.t1	86	148	220	393	437	746	963	1196	1233
CSP21.g12633.t1	56	118	190	262	591	686	784	912	1016	1093	1128	1182
CSP26.g13549.t1	89	184	356	440	725	942	1175	1212
CSP28.g9047.t1	121	193	365	452	734	942	1175	1224
CSP29.g1542.t1	59	118	190	443	725	936	1169	1212
CSP31.g27266.t1	59	121	362	449	802	930	1163	1218
CSP32.g11391.t1	62	118	190	365	452	725	951	1184	1224
CSP34.Sp34_20240300.t1	65	124	196	362	452	695	903	1139	1173
CSP38.g17965.t1	59	118	190	431	575	700	932	1070
CSP39.g30006.t1	72	244	331	634	845	1078	1127
CSP40.g9651.t1	86	142	214	383	467	770	987	1220	1257
CTROP.Csp11.Scaffold629.g13186.t2	31	98	157	229	340	353	440	740	942	1218
CVIRI.g7305.t1	62	121	193	362	446	698	775	903	1007	1155	1224
DCORO.DCO_010405	68	130	202	274	347	455	494	629	790	918	1022	1148	1257	1350
