CAFRA.g9513.t1	171	243	359	1469
CANGA.Cang_2012_03_13_00162.g5985.t1	168	1201	1466
CBREN.CBN05893	177	249	365	471	940
CBRIG.CBG07110	177	249	365	471	1475
CCAST.g16768.t1	168	1201	1466
CDOUG.g24713.t1	177	249	365	471
CELEG.F56D12.1a.1	177	249	365	678	1137	1475
CJAPO.CJA02191	165	237	353	1463
CKAMA.g9296.t1	171	243	359	465	934	1469
CLATE.FL83_16418-RA	177	249	365	471	940	1475
CMONO.g14502.t1	50	165	221	327	459	534	613	695	796	859	993	1066	1194	1331	1435
CNOUR.g20427.t1	171	243	303	359	672	833	1469
CPLIC.g694.t1	168	240	300	356	594	669	830	931	1128	1466
CREMA.FL82_19577-RA	177	249	365	471	940	1475
CSINI.Csp5_scaffold_00228.g7511.t1	183	255	371	477	1481
CSP21.g5955.t1	162	234	294	456	663	824	988	1122	1195	1460	1564
CSP26.g20330.t1	177	249	365	471	1475
CSP28.g11439.t1	168	240	356	669	1466
CSP29.g7734.t1	171	243	303	359	672	833	1469
CSP31.g6257.t1	168	240	300	356	594	669	931	1132	1442
CSP32.g13505.t1	171	243	359	1469
CSP34.Sp34_20015200.t1	177	249	365	471	940	1137	1475
CSP38.g8575.t1	168	462	669	1201	1466
CSP39.g3692.t1	171	243	359	672	833	1469
CSP40.g23176.t1	177	249	365	471	1475
CTROP.Csp11.Scaffold605.g5682.t1	177	249	365	471
CVIRI.g1388.t1	168	240	669	830	1466
DCORO.DCO_007985	77	192	264	380	486	618	693	784	854	955	1018	1152	1225	1353	1490	1579
