CAFRA.g13515.t1	84	165	252	347	433	899	1037	1111	1201
CANGA.Cang_2012_03_13_00502.g11607.t1	60	239	325	438	591	768	944	1082	1219	1321
CBREN.CBN23526	81	168	263	349	462	639	815	953	1027	1111
CBRIG.CBG17200	81	168	263	349	639	815	950	1024	1120
CCAST.g13151.t1	60	242	328	441	618	794	932	1069
CDOUG.g6177.t2	81	168	263	349	462	639	815	953	1027	1111
CELEG.F41E7.3	84	171	266	352	465	642	818	956	1030	1114
CJAPO.CJA10313	81	168	263	349	462	639	953	1027	1114
CKAMA.g9253.t1	93	180	275	361	474	651	827	965	1042	1129
CLATE.FL83_01353-RA	84	171	266	352	465	642	818	956	1030	1114
CMONO.g15406.t1	81	263	462	639	740	815	944	1015	1099
CNOUR.g3033.t1	81	168	263	349	462	639	815	953	1027	1111
CPLIC.g14191.t1	81	168	263	462	639	740	815	953	1027	1102
CREMA.FL82_17321-RA	84	171	266	352	465	642	818	956	1030	1114
CSINI.Csp5_scaffold_00005.g360.t1	81	168	263	349	462	639	815	953	1027
CSP21.g10192.t1	78	165	260	346	459	636	737	950	1018	1096
CSP26.g9697.t1	99	180	267	362	448	561	914	1052	1126	1210
CSP28.g14630.t1	93	174	356	442	555	732	908	1046	1120	1207
CSP29.g11989.t1	81	168	263	349	462	639	815	953	1027	1111
CSP31.g25150.t1	192	273	360	455	541	654	1007	1145	1234
CSP32.g12745.t1	81	168	263	349	815	953	1027	1117
CSP34.Sp34_X0068800.t1	81	168	263	349	462	639	815	953	1027	1120
CSP38.g1824.t1	60	242	328	441	618	794	932	1063
CSP39.g19599.t1	81	263	349	462	639	815	953	1027	1111
CSP40.g15874.t1	81	168	263	349	462	639	815	953	1027	1111
CTROP.Csp11.Scaffold629.g13708.t1	65	151	264	441	617	755	829	913
CVIRI.g282.t1	81	263	462	639	815	953	1075
DCORO.DCO_013105	75	257	343	456	633	734	809	947	1015
