CAFRA.g11853.t1	108	176	270	531	1108	1818
CANGA.Cang_2012_03_13_00267.g8160.t1	120	413	543	645	1120	1610	1830
CBREN.CBN22513	126	194	288	549	1126	1616	1836
CBRIG.CBG22764	126	194	288	549	1126	1616	1836
CCAST.g13190.t1	120	413	543	645	1120	1610	1830
CDOUG.g3579.t1	126	194	288	549	1126	1616	1836
CELEG.F08F1.7	126	194	288	549	1126	1616	1836
CJAPO.CJA14323a	117	185	279	540	1117	1607	1827
CKAMA.g13146.t1	108	176	270	531	1108	1598	1818
CLATE.FL83_02017-RA	126	194	288	549	1126	1762
CMONO.g4305.t1	120	188	282	389	519	621	777	963	1096	1216	1274	1434	1586	1806
CNOUR.g11410.t1	126	288	552	654	1129	1619	1839
CPLIC.g8538.t1	123	191	285	416	546	648	990	1123	1243	1461	1613	1725	1833	1956	2095	2181	2352
CREMA.FL82_02182-RA	126	194	288	549	1126	1616	1836
CSINI.Csp5_scaffold_00097.g4169.t1	126	194	210	471	1114	1150	1511	1731
CSP21.g9479.t1	114	276	407	537	639	795	915	1114	1234	1452	1604	1716	1824
CSP26.g721.t1	126	194	288	549	1126	1616	1836
CSP28.g10115.t1	126	288	552	1129	1839	1962	2043	2133
CSP29.g7667.t1	126	288	552	654	1129	1619	1839
CSP31.g19041.t1	126	194	419	549	651	1126	1304	1464	1616	1836
CSP32.g12250.t1	108	176	270	531	1108	1818
CSP34.Sp34_X0164600.t1	126	194	288	549	1126	1616	1836
CSP38.g1654.t1	114	407	537	639	1114	1716	1824
CSP39.g16261.t1	126	194	288	552	1619	1839
CSP40.g2628.t1	126	194	288	549	1126	1616	1836
CTROP.Csp11.Scaffold629.g11024.t1	126	194	549	1126	1616	1836
CVIRI.g4934.t1	176	401	531	633	975	1286	1598	1710	1818
DCORO.DCO_006611	117	279	450	642	984	1117	1295	1455	1607	1730	1891
