CAFRA.g2789.t1	256	357	428	534	604	754	930	1041
CANGA.Cang_2012_03_13_00093.g4124.t1	224	286	475	576	823	913	1212
CBREN.CBN24741	232	333	404	510	580	772	951	1059
CBRIG.CBG00265	232	404	510	580	748	927	1032
CCAST.g15630.t1	248	310	499	600	847	937	1236
CDOUG.g15950.t1	54	124	328	507	615
CELEG.C40H5.5a	71	322	423	494	600	670	832	1011	1122
CJAPO.CJA17967	173	448	604	786	897
CKAMA.g13625.t1	200	442	543	614	720	790	904	1083	1194
CLATE.FL83_03524-RA	227	475	576	647	753	823	1000	1179	1287
CMONO.g12831.t1	169	270	341	444	514	607	780	885
CNOUR.g14457.t1	188	415	516	587	693	763	874	1053	1158
CPLIC.g9521.t1	74	304	405	627	697	787	960	1071
CREMA.FL82_01873-RA	227	475	576	647	753	823	1000	1179	1287
CSINI.Csp5_scaffold_00215.g7225.t1	253	425	540	610	805	984	1092
CSP21.g2864.t1	103	184	285	356	459	529	607	780	890
CSP26.g19534.t1	230	484	656	762	832	1033	1212	1320
CSP28.g5359.t1	70	240	337	521	600	699	823	1025	1270	1371	1442	1548	1618	1735	1911	2013
CSP29.g11245.t1	188	415	516	587	693	763	874	1053	1158
CSP31.g17440.t1	137	325	426	497	603	673	766	942	1059
CSP32.g13458.t1	256	357	428	534	604	769	948	1059
CSP34.Sp34_X0180600.t1	242	490	591	662	768	838	997	1173	1281
CSP38.g14606.t2	254	316	499	847	937	1122	1245
CSP39.g11825.t1	67	225	322	515	754	855	926	1032	1102	1216	1392	1497
CSP40.g23021.t1	241	413	519	589	787	966	1074
CTROP.Csp11.Scaffold630.g18670.t1	25	126	197	303	373	571	750
CVIRI.g3006.t1	251	313	469	570	641	747	817	910	1194
DCORO.DCO_012847	73	151	236	323	429	498	576	751	924	1035
