CAFRA.g10681.t1	104	183	357	512	612	761	1074	1357	1482
CANGA.Cang_2012_03_13_00327.g9269.t1	113	192	366	521	770	976	1077	1360	1485
CBREN.CBN22627	104	183	357	512	612	761	887	1074	1357	1482
CBRIG.CBG02142	183	357	512	612	761	887	1533
CCAST.g12546.t1	113	192	366	521	770	976	1077	1360	1485
CDOUG.g15743.t1	104	183	357	512	612	761	887	1074	1357	1482
CELEG.T10H10.2	104	183	357	512	612	761	887	1074	1357	1482
CJAPO.CJA00672	104	357	512	612	761	887	1074	1357	1482
CKAMA.g1177.t1	104	183	357	512	612	761	887	1074	1357	1482
CLATE.FL83_00967-RA	104	183	357	512	612	761	887	1074	1357	1482
CMONO.g6682.t1	104	183	276	357	447	512	612	761	887	970	1071	1197	1348	1473
CNOUR.g6146.t1	104	183	357	512	612	761	887	1074	1357	1482
CPLIC.g9235.t1	110	189	282	363	453	518	618	767	976	1080	1212	1363	1488
CREMA.FL82_00686-RA	104	183	357	512	612	761	887	1074	1357	1482
CSINI.Csp5_scaffold_00062.g2999.t1	104	183	357	512	612	761	887	1074	1357	1482
CSP21.g14475.t1	104	183	276	447	512	612	761	902	985	1089	1221	1372	1497
CSP26.g7155.t1	104	183	357	512	612	761	887	1074	1357	1482
CSP28.g9693.t1	104	183	357	512	612	761	890	1077	1360	1485
CSP29.g11670.t1	104	183	357	512	612	761	887	1074	1357	1482
CSP31.g21977.t1	104	276	357	512	612	761	890	1077	1360	1485
CSP32.g16668.t1	104	183	357	512	612	761	1074	1357	1482
CSP34.Sp34_X0103500.t1	104	183	357	512	612	761	887	1074	1357	1482
CSP38.g21716.t1	110	189	363	518	767	973	1074	1357	1482
CSP39.g19157.t1	104	183	357	512	612	761	890	1077	1360	1485
CSP40.g18873.t1	104	183	357	512	612	761	887	1074	1357	1482
CTROP.Csp11.Scaffold576.g4461.t1	104	183	357	512	612	761	887	1074	1357	1482
CVIRI.g449.t1	110	286	453	518	618	767	893	1080	1363	1488
DCORO.DCO_007675	207	236	300	381	474	639	788	923	1101	1227	1369	1497
