CAFRA.g16636.t1	52	167	597	1584
CANGA.Cang_2012_03_13_00004.g377.t1	22	215	412	751	1186	1269	1653
CBREN.CBN17701	206	636	954	1373	1632
CBRIG.CBG07971	3	91	218	654	972	1391	1653
CCAST.g10895.t1	3	103	281	478	817	1135	1218	1602
CDOUG.g16108.t1	22	173	603	921	1340	1599
CELEG.Y18D10A.6a	3	100	242	672	990	1409	1668
CJAPO.CJA10530b	3	106	233	663	981
CKAMA.g18243.t1	3	97	212	642	942	1273	1494
CLATE.FL83_17974-RA	165	483	902	1037
CMONO.g11608.t1	110	198	307	376	540	645	771	858	964	1081	1164	1279	1545
CNOUR.g17743.t1	133	272	1020	1689
CPLIC.g11159.t1	22	134	222	400	564	669	882	1105	1303	1557
CREMA.FL82_14133-RA	22	155	591	909	1328	1570
CSINI.Csp5_scaffold_02719.g27672.t3	448	766	1185	1444	1547	1734
CSP21.g16375.t1	122	210	319	388	552	657	864	970	1087	1170	1285	1581	1774
CSP26.g3061.t1	36	124	257	687	1424
CSP28.g15666.t1	3	103	242	990	1659
CSP29.g8984.t1	3	94	221	969	1638
CSP31.g14555.t1	22	152	349	582	906	1327	1590
CSP32.g7943.t1	19	131	561	1548
CSP34.Sp34_10033400.t1	3	94	218	648	966	1385	1650
CSP38.g21156.t1	3	103	263	460	693	1234	1317	1695
CSP39.g2826.t1	36	127	269	1017	1353	1656
CSP40.g20395.t1	3	91	224	654	972	1391	1650
CTROP.Csp11.Scaffold629.g13864.t1	33	136	260	690	1008	1427	1686
CVIRI.g7343.t1	12	58	185	273	382	615	720	933	1156	1239	1354	1614
DCORO.DCO_007415	143	228	337	409	573	678	798	885	991	1108	1191	1306	1493	1605
