CAFRA.g3472.t1	86	162	289	442	547	629	819
CANGA.Cang_2012_03_13_00693.g13493.t1	636	732
CBREN.CBN11961	86	162	436	614	840
CBRIG.CBG05626	86	162	596
CCAST.g11434.t1	687	777
CDOUG.g27043.t1	86	162	614	831
CELEG.F53F8.5	162	436	614	852
CJAPO.CJA16352a	86	162	445	550	665	891
CKAMA.g16698.t1	86	162	430
CLATE.FL83_18043-RA	63	322	500	750
CMONO.g17252.t1	86	162	274	415	514	638	735	846	924
CNOUR.g17156.t2	86	162	304	460	565	656	897
CPLIC.g12986.t1	86	283	517	590	681	786	891
CREMA.FL82_12937-RA	86	162	421	599	846
CSINI.Csp5_scaffold_00018.g1146.t1	86	162	433	611	870
CSP21.g8273.t1	86	162	244	376	475	584	711	774	852
CSP26.g13534.t1	162	430	608	870
CSP28.g298.t1	86	162	289	445	550	641	924
CSP29.g18333.t1	86	162	301	457	562	647	891
CSP31.g13995.t1	86	162	271	520	626	780	861
CSP32.g13683.t1	86	162	289	445	550	632	819
CSP34.Sp34_50400800.t1	86	162	436	614	849
CSP38.g4003.t1	86	645	780
CSP39.g18119.t1	86	162	289	445	550	665	927
CSP40.g3830.t1	162	427	623	879
CTROP.Csp11.Scaffold630.g21835.t1	86	162	439	617	837
CVIRI.g7861.t1	162	262	403	505	611	792	879
DCORO.DCO_017081	89	165	265	375	429	496	620	726
