CAFRA.g17935.t1	93	393
CANGA.Cang_2012_03_13_00565.g12295.t1	564
CBREN.CBN17530	81	157	425	525	678	825	981
CBRIG.CBG03598	84	540
CCAST.g5846.t1	
CDOUG.g23321.t1	90	390	546
CELEG.ZK1058.5	81	234	381	537
CJAPO.CJA03956	99	252	399	555
CKAMA.g12023.t1	93	246	393	549
CLATE.FL83_10180-RA	108	261	408	564
CMONO.g2516.t1	99	252	399	555	688
CNOUR.g8796.t1	93	250	393
CPLIC.g9799.t1	99	399	555
CREMA.FL82_16509-RA	84	237	384	540
CSINI.Csp5_scaffold_02864.g28173.t1	84	231	387
CSP21.g14793.t1	90	243	390	679
CSP26.g20788.t1	84	237	384	540
CSP28.g8067.t1	93	246	390
CSP29.g12187.t1	93	246	393
CSP31.g10000.t1	87	240	387	543
CSP32.g12184.t1	93	393
CSP34.Sp34_30005500.t1	87	240	387	543
CSP38.g3178.t1	237	384	540	712
CSP39.g251.t1	93	246	393
CSP40.g16848.t1	84	237	384	540
CTROP.Csp11.Scaffold603.g5509.t1	90	243	390	546
CVIRI.g16615.t1	237	384	540
DCORO.DCO_004638	84	240	387	540	673
