CAFRA.g12214.t1	139	369
CANGA.Cang_2012_03_13_00199.g6831.t1	136	555
CBREN.CBN31812	37	201	267
CBRIG.CBG09298	139	303	369
CCAST.g15162.t1	64	483	634	2529	2583	2808
CDOUG.g8979.t1	139	303	369	491
CELEG.C04E6.7	139	303	369
CJAPO.CJA42697	21	87
CKAMA.g7140.t1	139	303	369
CLATE.FL83_22330-RA	139	303	369
CMONO.g16281.t1	127	291	357	454	546	651
CNOUR.g20787.t1	139	303	369
CPLIC.g1181.t1	118	282	348	537	642
CREMA.FL82_15536-RA	139	303	369
CSINI.Csp5_scaffold_00681.g14359.t1	139	303	369
CSP21.g14338.t1	109	219	264	453	558
CSP26.g892.t1	139	303	369
CSP28.g6064.t1	139	303	369
CSP29.g19123.t1	139	303	369
CSP31.g9248.t1	139	303	369	558	663
CSP32.g10835.t1	139	369
CSP34.Sp34_50202900.t1	139	303	369
CSP38.g2013.t1	136	555	660
CSP39.g4289.t1	139	303	369
CSP40.g24568.t1	139	303	369
CTROP.Csp11.Scaffold599.g5380.t1	139	303	369
CVIRI.g4256.t1	136	366	555
DCORO.DCO_019577	88	180	318	415	507	612
