CAFRA.g3680.t1	41	69	160	288	444	781	870	947	1063	1248
CANGA.Cang_2012_03_13_00422.g10650.t1	183	442	990
CBREN.CBN18595	41	69	160	285	622	711	788	904	1089
CBRIG.CBG03200	88	213	687	764	880	1065
CCAST.g13301.t1	160	288	547	1095
CDOUG.g9535.t1	168	505	594	671	787	972
CELEG.T07D4.2b	41	69	160	285	622	711	788	904	1089
CJAPO.CJA18534b	41	148	276	613	702	895	1080
CKAMA.g8093.t1	156	493	775	960
CLATE.FL83_09303-RA	88	213	550	639	716	832	1017
CMONO.g114.t1	141	225	400	478	641	721	906
CNOUR.g5953.t1	41	69	160	285	447	784	873	950	1066	1251
CPLIC.g4030.t1	159	243	418	496	665	781	892	966
CREMA.FL82_05517-RA	88	213	550	639	716	832	1017
CSINI.Csp5_scaffold_00010.g717.t1	171	508	597	674	790	975
CSP21.g8130.t1	41	75	151	255	439	520	793	904	978
CSP26.g12529.t2	41	69	160	289	411	748	837	914	1030	1215
CSP28.g1973.t1	41	69	160	291	453	790	879	956	1072	1257
CSP29.g8278.t1	41	102	193	318	480	817	906	983	1099	1284
CSP31.g16929.t1	41	69	148	282	450	534	709	953	1254
CSP32.g9389.t1	153	490	579	656	772	957
CSP34.Sp34_20308200.t1	41	69	160	285	622	711	788	1089
CSP38.g17986.t1	69	154	285	369	544	791	907	1092
CSP39.g8939.t1	41	69	160	291	628	717	794	910	1095
CSP40.g22383.t2	41	69	160	285	657	994	1083	1160	1276	1461
CTROP.Csp11.Scaffold630.g20693.t1	258	595	684	761	877	1062
CVIRI.g15358.t1	72	154	288	474	558	811	900	1093	1278
DCORO.DCO_027176	75	148	246	330	505	586	752	868	979	1053
