CAFRA.g3045.t1	312
CANGA.Cang_2012_03_13_00606.g12711.t1	487
CBREN.CBN03018	207	312
CBRIG.CBG11570	207	312
CCAST.g19202.t1	727
CDOUG.g9745.t1	207	312
CELEG.C01G10.7	207	312
CJAPO.CJA19367	207	312
CKAMA.g7736.t1	207	312
CLATE.FL83_09744-RA	207	312
CMONO.g15046.t1	159	228	333	459	610	659	704	757	915
CNOUR.g15385.t1	207	312
CPLIC.g10854.t1	207	438	589	736
CREMA.FL82_20969-RA	207	312
CSINI.Csp5_scaffold_00006.g435.t1	207	312
CSP21.g13858.t1	138	312	438	589	736	894
CSP26.g20600.t1	312
CSP28.g6656.t1	207	312
CSP29.g17294.t1	198	303
CSP31.g22534.t1	207	312	438	894
CSP32.g11811.t1	207	312
CSP34.Sp34_50266600.t1	96	201
CSP38.g7539.t1	198	727
CSP39.g23859.t1	207	312
CSP40.g23741.t1	207	312
CTROP.Csp11.Scaffold629.g15837.t1	207	312
CVIRI.g14770.t1	207	736
DCORO.DCO_015177	171	240	351	477	671	775	856	933
