CAFRA.g16023.t1	140	521	600
CANGA.Cang_2012_03_13_00168.g6092.t1	312	692
CBREN.CBN02159	140	521	600
CBRIG.CBG02950	167	548	627
CCAST.g8302.t1	312	544	692
CDOUG.g18396.t1	140	521	600
CELEG.F37H8.5	197	578	657
CJAPO.CJA09282	143	524
CKAMA.g7427.t1	158	539	618
CLATE.FL83_18795-RA	140	521	600
CMONO.g5620.t1	113	285	536	600	692
CNOUR.g22313.t1	140	521	600
CPLIC.g12097.t1	146	318	447	527	698
CREMA.FL82_05303-RA	140	521	600
CSINI.Csp5_scaffold_01439.g20936.t1	140	521	600
CSP21.g2900.t1	140	312	444	603	695
CSP26.g17071.t1	140	521	600
CSP28.g8183.t1	140	521	600
CSP29.g9850.t1	140	521	600
CSP31.g16629.t1	143	315	444	524	695
CSP32.g13121.t1	140	521	600
CSP34.Sp34_20334400.t1	146	527	606
CSP38.g9740.t1	315	695
CSP39.g16486.t1	233	614	693	852
CSP40.g17746.t1	140	521	600
CTROP.Csp11.Scaffold629.g16317.t1	140	521	600
CVIRI.g2035.t1	149	321	701
DCORO.DCO_018083	152	324	456	536	707
