CAFRA.g8681.t1	126	377	504	730	879	953
CANGA.Cang_2012_03_13_00653.g13184.t2	141	552	824	875	1115	1262	1615	1752	1826
CBREN.CBN32042	129	380	507	733	882	956
CBRIG.CBG14237	129	380	507	733	882	956
CCAST.g17196.t1	227	374	727	864	938
CDOUG.g6812.t1	129	380	507	733	882	956
CELEG.T27A10.3a	132	383	510	736	959
CJAPO.CJA03233	75	326	453	679	828	902
CKAMA.g3033.t1	129	380	507	733	879	953
CLATE.FL83_00808-RA	129	380	507	733	882	956
CMONO.g1290.t1	131	235	382	512	651	735	878	952
CNOUR.g13771.t1	189	321	572	699	925	1071
CPLIC.g5687.t1	123	230	377	504	646	730	876	950
CREMA.FL82_00866-RA	129	380	507	733	882	956
CSINI.Csp5_scaffold_00003.g170.t1	129	380	507	733	882	956
CSP21.g13121.t1	117	227	374	649	733
CSP26.g18755.t1	129	380	507	733	882	956
CSP28.g10430.t1	126	377	504	730	876
CSP29.g14630.t1	126	377	504	730	876
CSP31.g1784.t1	135	239	386	513	655	885
CSP32.g402.t1	116	374	501	727	876	950
CSP34.Sp34_X0268500.t1	132	383	510	736	885	959
CSP38.g15621.t1	123	227	374	727	864	938
CSP39.g20533.t1	126	377	504	730	876
CSP40.g22490.t1	129	380	507	733	882	956
CTROP.Csp11.Scaffold630.g18190.t1	129	380	507	733	953
CVIRI.g8354.t1	123	227	374	501	643	727	873	947
DCORO.DCO_015115	123	377	507	655	739	882	956
