CAFRA.g1324.t1	113	264	366	1055	1800	1923
CANGA.Cang_2012_03_13_00002.g184.t2	113	264	366	441	543	849	1086	1789	2058
CBREN.CBN18745	113	264	342	623	1031	1373	1642	1776	1899
CBRIG.CBG15249	113	264	366	647
CCAST.g14380.t1	113	264	366	672	918	1155	1725	1848
CDOUG.g10201.t1	113	264	366	647	1055	1397	1666	1800	1923
CELEG.W02B3.2	264	366	647	1055	1397	1666	1800	1923
CJAPO.CJA07534	113	264	366	647	1055	1666	1800	1923
CKAMA.g2227.t1	113	264	366	647	1055	1397	1666	1800	1923
CLATE.FL83_19053-RA	113	264	366	647	760	894	966
CMONO.g479.t1	113	264	366	441	503	647	747	903	993	1055	1161	1230	1587	1666	1800	1923
CNOUR.g1442.t1	113	264	366	647	1055	1666	1800	1923
CPLIC.g5870.t2	113	264	366	503	903	1230	1334	1482	1923
CREMA.FL82_11654-RA	113	264	366	647	760	894	966
CSINI.Csp5_scaffold_02514.g26800.t1	113	264	366	647	1055	1397	1666	1800	1923
CSP21.g4766.t1	85	246	348	485	629	729	885	975	1037	1143	1316	1569	1782	1905
CSP26.g11188.t1	113	264	360	641	1049	1391	1660	1794	1917
CSP28.g14961.t1	113	264	366	647	1055	1666	1809	1873
CSP29.g526.t1	113	264	366	647	1055	1666	1800	1923
CSP31.g295.t1	113	264	366	441	647	903	1055	1230	1482	1666	1800	1923
CSP32.g14262.t1	113	264	366	647	1055	1800	1923
CSP34.Sp34_30328700.t1	264	366	647	1055	1397	1666	1800	1923
CSP38.g12915.t1	113	264	366	441	503	747	1230	1666	1800	1923
CSP39.g4528.t2	84	365	773	1384	1518	1587
CSP40.g6875.t1	113	264	366	647	1055	1397	1666	1800	1923
CTROP.Csp11.Scaffold630.g16648.t1	113	264	366	647	1055	1397	1666	1800	1923
CVIRI.g6872.t1	138	240	377	521	777	929	1540
DCORO.DCO_005951	113	264	366	441	503	647	747	832	903	950	1067	1161	1334	1397	1497	1587	1666	1800	1923
