CAFRA.g14310.t1	124	289	460	478	813	1765	2010	2100
CANGA.Cang_2012_03_13_00152.g5734.t3	106	751	911	1090	1206	1335	1425
CBREN.CBN01289	720	864	1230	1813	2148
CBRIG.CBG20476	750	894	1849	2190
CCAST.g11732.t1	106	744	983	1159	1304	1596	1711	1827	1956	2046
CDOUG.g20503.t1	768	1876	2121	2211
CELEG.F22D6.5a	127	771	909	1330	1882	2127	2217
CJAPO.CJA12946c	18	918	1318	1870	2115	2205
CKAMA.g7468.t1	112	720	858	1267	1819	2064	2166
CLATE.FL83_07579-RA	139	303	741	855	1110	1132	1467
CMONO.g1479.t1	118	277	486	713	893	1023	1140	1430	1539	1687	1832	1970	2124	2239	2355	2484	2574
CNOUR.g8427.t1	121	551	831	972	1658	1927	2172	2262
CPLIC.g10410.t1	88	491	732	870	983	1246	1391	1529	1683	1798	1914	2043	2133
CREMA.FL82_08338-RA	28	175	282	729	882	1143	1867	2202
CSINI.Csp5_scaffold_00933.g16884.t1	133	771	927	1897	2232
CSP21.g10611.t1	39	132	264	384	492	512	546	640	885	1163	1224	1372	1586	1816	2099	2368	2484	2613	2703
CSP26.g15031.t1	705	846	1798	2133
CSP28.g2825.t1	124	373	583	858	999	1399	1682	1951	2196	2286
CSP29.g17434.t1	121	349	538	590	768	909	1592	1861	2106	2196
CSP31.g106.t1	136	235	623	924	1065	1181	1474	1757	2026	2142	2271	2361
CSP32.g15432.t1	124	289	380	795	1747	1992	2082
CSP34.Sp34_10082400.t1	19	151	310	460	677	843	996	1429	1981	2226	2316
CSP38.g1750.t1	115	738	974	1150	1702	1818	1947	2037
CSP39.g18347.t1	121	671	951	1095	1498	1781	2050	2295	2385
CSP40.g19207.t1	115	657	813	1756	2091
CTROP.Csp11.Scaffold629.g9949.t1	510	651	1561	1806	1896
CVIRI.g8444.t1	151	241	479	780	912	1028	1131	1415	1822	1938	2067	2157
DCORO.DCO_004815	20	112	211	349	504	671	776	909	1032	1125	1272	1422	1495	1555	1640	1778	1932	2047	2163	2292	2382
