CAFRA.g16741.t1	190	322	1093
CANGA.Cang_2012_03_13_00403.g10375.t1	43	700
CBREN.CBN11641	118	883
CBRIG.CBG18352	121	892
CCAST.g6007.t1	133	790
CDOUG.g1106.t1	61	157	928
CELEG.Y39A1A.1b	91	217	991
CJAPO.CJA01854	892
CKAMA.g13003.t1	64	193	979
CLATE.FL83_11432-RA	121	892
CMONO.g11889.t1	59	229	332	423	581
CNOUR.g13037.t1	127	641	892
CPLIC.g5818.t1	130	280	474	632	753	898	994	1075
CREMA.FL82_20779-RA	121	892
CSINI.Csp5_scaffold_00128.g5081.t1	121	892
CSP21.g10473.t1	136	286	389	591	756	880
CSP26.g4869.t1	103	232	1003
CSP28.g4760.t1	118	883
CSP29.g2590.t1	127	641	892
CSP31.g17647.t1	130	280	474	898
CSP32.g2634.t1	184	313	1084
CSP34.Sp34_30126920.t1	175	298	521	550	832
CSP38.g13872.t1	117	250	752
CSP39.g8339.t1	127	641	895	1025	1164	1378
CSP40.g423.t1	103	232	1009
CTROP.Csp11.Scaffold628.g7350.t1	35	76	202	973
CVIRI.g8904.t1	133	386	1043	1140	1200	1308	1414	1620
DCORO.DCO_014541	133	283	386	480	638	759	828	968
