CAFRA.g775.t1	57	327
CANGA.Cang_2012_03_13_00187.g6545.t1	51
CBREN.CBN24170	48	318
CBRIG.CBG13600	48	318
CCAST.g4615.t1	51	414
CDOUG.g7046.t1	48	318
CELEG.T06G6.9	57	327
CJAPO.CJA12515	63	333
CKAMA.g2000.t1	57	327
CLATE.FL83_13877-RA	48	318
CMONO.g1130.t1	54	176	243	324	417
CNOUR.g11506.t1	51	321
CPLIC.g14068.t1	66	255	429
CREMA.FL82_12609-RA	48	202
CSINI.Csp5_scaffold_00357.g10049.t1	48	318
CSP21.g2435.t1	54	176	243	417
CSP26.g8195.t1	48	318
CSP28.g2624.t1	45	315
CSP29.g10656.t1	51	321
CSP31.g805.t1	48	318	411
CSP32.g4750.t1	57	327
CSP34.Sp34_10016500.t1	57	327
CSP38.g7834.t1	134	184	252	615
CSP39.g6056.t1	51	321
CSP40.g9213.t1	48	318
CTROP.Csp11.Scaffold574.g4418.t1	48	318
CVIRI.g1571.t1	57	179	420
DCORO.DCO_022023	12	134	201	282	375	435
