CAFRA.g13261.t1	79	149	458	687	836	1335
CANGA.Cang_2012_03_13_00151.g5683.t1	560
CBREN.CBN13745	61	131	440	818	1317
CBRIG.CBG04743	72	179	1081	1341
CCAST.g14635.t1	34	404	1364
CDOUG.g9078.t1	131	440	669	818	1317
CELEG.ZC376.5.1	79	149	455	833	1332
CJAPO.CJA32614	876
CKAMA.g7161.t1	76	146	467	696	845	1344
CLATE.FL83_21632-RA	76	146	467	696	845	1344
CMONO.g14871.t1	125	267	336	458	574	836	961	1067	1143	1254	1335	1412	1494
CNOUR.g9309.t1	79	149	455	833	1332
CPLIC.g7669.t1	144	257	551	780	929	1054	1428
CREMA.FL82_19279-RA	243	334	404	725	954	1103	1488
CSINI.Csp5_scaffold_00705.g14613.t1	64	134	455	833	1332
CSP21.g6834.t1	9	110	261	424	570	759	889	973	1122	1227	1400	1574	1713	1774	1844	1938	2129	2245	2358	2507	2632	2738	2814	3006	3080	3162
CSP26.g12219.t1	55	125	434	812	1311
CSP28.g13714.t1	79	149	479	857	1356	1584	1715	1836	1961
CSP29.g213.t1	79	149	467	696	845	1344
CSP31.g12805.t1	70	140	246	437	666	815	940	1122	1314	1343
CSP32.g9014.t1	79	149	458	687	836	1335
CSP34.Sp34_50364600.t1	32	63	157	227	539	917	1416
CSP38.g2711.t1	34	104	404	782	1284	1364
CSP39.g24817.t1	141	235	305	617	995
CSP40.g56.t1	64	134	446	824	1323
CTROP.Csp11.Scaffold630.g19976.t1	28	98	398	627	776	1275
CVIRI.g5248.t1	16	81	245	551	667	780	929	1054	1160	1431	1577	1619	1817	1905	2007	2116	2403	2511	2609	2740	2843	2922	3097	3463
DCORO.DCO_008181	72	170	297	366	488	604	717	866	991	1173	1287	1368	1445	1527
