CAFRA.g4933.t1	297	434	528	597	759	915	1013	1110
CANGA.Cang_2012_03_13_00085.g3877.t1	88	264	561	787	879	977	1074
CBREN.CBN05292	297	434	528	597	798	862	954	1052	1149
CBRIG.CBG00117	294	431	525	642	804	868	960	1058	1155
CCAST.g18761.t1	106	282	579	805	897	995	1092
CDOUG.g2632.t1	300	437	531	600	762	826	918	1016	1113
CELEG.F45E6.3	294	525	597	861	925	1017	1115	1212
CJAPO.CJA16588	192	294	431	525	597	759	823	915	1013	1110
CKAMA.g974.t1	294	431	525	597	690	754	846	944	1041
CLATE.FL83_03393-RA	288	425	519	591	753	817	909	970	1212
CMONO.g16498.t1	23	103	192	270	315	407	495	564	624	726	790	882	980	1077
CNOUR.g3392.t1	192	297	434	528	600	762	826	918	1016	1122
CPLIC.g10842.t1	103	279	416	507	579	741	805	897	995	1092
CREMA.FL82_02016-RA	288	425	519	591	702	766	858	956	1053
CSINI.Csp5_scaffold_00076.g3497.t1	294	431	525	597	759	823	915	1013	1110
CSP21.g5908.t1	23	103	192	270	315	407	498	561	621	723	787	879	977	1074
CSP26.g16709.t1	297	434	528	600	762	826	918	1016	1113
CSP28.g14807.t1	87	273	591	813	990	1130	1334	1565	1683	1785	1977	2091	2228	2322	2394	2556	2712	2810	2907
CSP29.g6493.t1	87	273	576	855	1032	1166	1370	1601	1713	1815	2007	2112	2249	2343	2415	2577	2641	2733	2831	2928
CSP31.g5608.t1	192	285	422	513	579	639	741	897	995	1092
CSP32.g11423.t1	294	431	525	594	756	912	1010	1107
CSP34.Sp34_X0223900.t1	279	416	510	582	744	808	900	998	1095
CSP38.g12153.t1	106	282	419	510	576	802	894	992	1089
CSP39.g15618.t1	192	300	437	531	603	765	921	1019	1116
CSP40.g12153.t1	297	434	528	600	762	826	918	1016	1113
CTROP.Csp11.Scaffold630.g18787.t1	288	425	519	591	753	817	909	1007	1104
CVIRI.g12352.t1	103	192	279	416	507	582	642	744	808	900	998	1095
DCORO.DCO_012213	23	103	192	276	413	504	639	805	897	995	1092	1154
