CAFRA.g9064.t1	45	735
CANGA.Cang_2012_03_13_00072.g3438.t1	39	171	459	600	704
CBREN.CBN03019	45	306	735
CBRIG.CBG14940	45	310	747
CCAST.g1476.t1	39	168	300	588	729	833
CDOUG.g380.t1	45	306	735
CELEG.Y47G6A.18	45	306	735
CJAPO.CJA05418	45	306	735
CKAMA.g15714.t1	45	306	735	839
CLATE.FL83_08135-RA	45	306	735
CMONO.g1324.t1	48	105	177	309	429	597	738	842
CNOUR.g8164.t1	45	306	735
CPLIC.g11200.t1	99	171	303	423	591	732
CREMA.FL82_12667-RA	45	306	735
CSINI.Csp5_scaffold_01491.g21247.t1	45	306	735
CSP21.g11374.t1	99	171	303	423	591	732
CSP26.g12866.t1	45	309	738
CSP28.g1149.t1	45	306	735
CSP29.g16568.t1	45	306	735	839
CSP31.g8387.t1	96	168	420	729
CSP32.g9607.t1	45	735
CSP34.Sp34_10170000.t1	45	306	735	812	818
CSP38.g21241.t1	42	171	303	423	591	732	836
CSP39.g4213.t1	45	306	393	756
CSP40.g16494.t1	45	306	735
CTROP.Csp11.Scaffold627.g6785.t1	45	306	735
CVIRI.g7218.t1	42	99	171	303	423	591	732
DCORO.DCO_017339	54	108	197	312	432	600	741
