CAFRA.g19688.t1	105	342	504	582
CANGA.Cang_2012_03_13_00827.g14420.t1	489	759	802
CBREN.CBN08248	24	315	477	555
CBRIG.CBG19415	24	315	477	555
CCAST.g7629.t1	420	690	733	1034	1145	1328
CDOUG.g18512.t1	24	315	477	555
CELEG.T07C12.9	24	312	474	552
CJAPO.CJA16743	18	309	471	549	646
CKAMA.g10728.t1	24	312	474	552
CLATE.FL83_20074-RA	24	309	471	549
CMONO.g174.t1	31	159	239	422	535	900	1019	1444	1453	1596	1752	1954	1974	2071
CNOUR.g289.t1	333	495	573	670
CPLIC.g10263.t1	24	168	324	564
CREMA.FL82_23345-RA	24	318	480	558
CSINI.Csp5_scaffold_00006.g394.t1	24	315	477	555
CSP21.g13160.t1	24	168	324	564
CSP26.g9543.t1	163	222	513	675	753
CSP28.g3968.t1	336	498	576
CSP29.g9226.t1	336	498	576	673
CSP31.g11834.t1	315	477	555
CSP32.g8710.t1	363	525	603
CSP34.Sp34_50261710.t1	69	357	519	597
CSP38.g5100.t1	24	594
CSP39.g671.t1	354	516	594
CSP40.g4034.t1	24	318	480	558
CTROP.Csp11.Scaffold629.g15779.t1	69	360	522	600
CVIRI.g15638.t1	171	327	489	567	664
DCORO.DCO_027653	30	165	254	321	483	561	838
