CAFRA.g17778.t1	9	132	586	1062
CANGA.Cang_2012_03_13_00286.g8493.t1	9	132	456	589	1065
CBREN.CBN26132.1	9	132	453	586	1059
CBRIG.CBG23066	9	132	453	586	1062
CCAST.g16320.t1	9	132	456	589	1068
CDOUG.g11739.t1	9	132	453	586	1059
CELEG.F17C11.9a	9	132	453	586	1062
CJAPO.CJA06110	9	132	453	586	1062
CKAMA.g6402.t1	9	132	453	586	1062
CLATE.FL83_23891-RA	9	132	453	586	1068
CMONO.g8380.t1	9	132	321	426	559	892	1035
CNOUR.g20355.t1	9	132	453	586	1062
CPLIC.g7480.t1	9	132	318	459	592	1029
CREMA.FL82_09430-RA	9	132	586	1068
CSINI.Csp5_scaffold_00065.g3088.t1	9	132	453	586	1062
CSP21.g9019.t1	9	132	315	456	589	916	1059
CSP26.g481.t1	9	132	453	586	1062
CSP28.g1406.t1	9	132	453	586	1062
CSP29.g17900.t1	9	136	465	598	1074
CSP31.g10554.t1	9	132	312	453	586	916	1059	1147
CSP32.g4687.t1	9	132	586	1068
CSP34.Sp34_50305900.t1	9	132	244	273	406	873
CSP38.g7921.t1	9	132	315	456	589	1062
CSP39.g3486.t1	9	132	453	586	1062
CSP40.g1590.t1	9	132	453	586	1062
CTROP.Csp11.Scaffold71.g442.t1	9	132	453	586	1065
CVIRI.g8419.t1	9	132	315	456	589	1062
DCORO.DCO_012441	12	219	341	465	598	729	863	961	1104	1221
