CAFRA.g4476.t1	111	188	307	447	658	918	1023
CANGA.Cang_2012_03_13_16506.g25382.t1	154
CBREN.CBN22744	136	279	490	750	855
CBRIG.CBG16720	136	276	487	747	852
CCAST.g1644.t1	105	182	298	649	1029
CDOUG.g239.t1	114	191	307	447	658	918	1023
CELEG.F46C8.7a	111	191	304	444	655	915	1041
CJAPO.CJA02222	183	394	654
CKAMA.g3440.t1	111	191	307	447	658	918	1023	1072	1233	1345
CLATE.FL83_00152-RA	111	191	313	453	664	924	1029
CMONO.g2666.t1	117	215	334	474	588	685	846	939	1041
CNOUR.g4735.t1	114	194	313	453	664	924	1029
CPLIC.g899.t1	182	301	438	649	909	990
CREMA.FL82_01440-RA	111	191	313	453	664	924	1029
CSINI.Csp5_scaffold_00054.g2740.t1	114	194	310	450	661	921	1026
CSP21.g16385.t1	111	206	325	468	582	679	840	933	1044
CSP26.g11432.t1	114	194	310	450	661	921	1026
CSP28.g3330.t1	111	191	310	450	661	921	1032	1100	1263	1373	1417	1528	1619	1736	1825	1908	1992	2128
CSP29.g4200.t1	114	194	313	453	664	924	1029	1094	1257	1522	1633	1715	1820	1937	2026	2109	2193	2329	2407
CSP31.g20533.t1	108	188	307	444	655	912	1002
CSP32.g1718.t1	111	188	307	447	658	918	1023
CSP34.Sp34_X0207220.t1	117	197	313	453	664	924	1029
CSP38.g9474.t1	105	182	301	655	1026	1111	1269
CSP39.g17655.t1	114	194	313	453	664	924	1029
CSP40.g20812.t1	114	194	310	450	661	921	1026
CTROP.Csp11.Scaffold629.g12446.t2	111	185	301	441	652	912	1017
CVIRI.g1932.t1	108	191	319	667	828	1050
DCORO.DCO_014817	18	132	233	334	465	579	676	837
