CAFRA.g3008.t1	78	1113	1326	1844
CANGA.Cang_2012_03_13_00654.g13199.t1	1077	1632	1992	2074
CBREN.CBN31746	78	1113	1326	1833
CBRIG.CBG09283	78	1410	1928
CCAST.g268.t1	981	1113	1668	2028	2122
CDOUG.g8995.t1	78	1113	1326	1844
CELEG.M03F8.3b	78	1113	1335	1853
CJAPO.CJA04407a	132	765	852	1887	2100	2618
CKAMA.g6492.t1	78	1113	1326	1844
CLATE.FL83_17177-RA	93	1128	1341	1859
CMONO.g15629.t1	78	248	395	596	726	845	1113	1206	1326	1473	1566	1668	1728	1844	1957	2122
CNOUR.g15406.t1	78	1113	1326	1844
CPLIC.g4126.t1	78	395	596	726	845	981	1113	1473	1566	1728	2028	2104
CREMA.FL82_22317-RB	93	1128	1341	1859
CSINI.Csp5_scaffold_00241.g7761.t1	78	1125	1338	1856
CSP21.g15564.t1	78	248	395	525	596	726	845	981	1113	1206	1326	1473	1566	1668	1844	1957	2028
CSP26.g21351.t1	78	1113	1326	1844
CSP28.g6677.t1	78	693	1113	1326	2210	2265	2389	3036	3363
CSP29.g17315.t1	78	1113	1326	1844
CSP31.g22552.t1	78	248	395	726	845	1113	1326	1473	1566	1668	1844	2028	2128
CSP32.g11784.t2	78	1113	1335
CSP34.Sp34_50203900.t1	78	1113	1326	1844
CSP38.g2634.t1	726	981	1113	1668	1844	2028	2125
CSP39.g11222.t1	78	693	1113	1335	1853
CSP40.g24559.t1	78	1113	1335	1853
CTROP.Csp11.Scaffold491.g2090.t1	78	1113	1335	1853
CVIRI.g9672.t1	81	848	984	1116	1476	1569	1671	1847
DCORO.DCO_005597	78	184	248	395	495	596	693	845	984	1113	1206	1326	1473	1566	1728	1844	1957	2040
