CAFRA.g1638.t1	11	192	297	450	2024	2218	2624
CANGA.Cang_2012_03_13_01795.g16745.t1	137	380
CBREN.CBN30372	32	213	318	471	2057	2251	2657
CBRIG.CBG09643	200	425	606	708	861	2444	2659	3065
CCAST.g10339.t1	200	443	2144
CDOUG.g3227.t1	192	294	447	2030	2224	2630
CELEG.T21C9.2a	200	440	621	726	879	2474	2668	3074
CJAPO.CJA03439	12	165	1712	1906	2312
CKAMA.g6378.t1	104	285	390	543	2126	2320	2726
CLATE.FL83_11791-RA	71	252	354	507	2090	2284	2690
CMONO.g6625.t1	222	315	468	585	653	759	896	1023	1140	1193	1293	1455	1581	1659	1767	1859	2081	2198	2275	2388	2478	2586	2681
CNOUR.g22571.t1	11	192	297	2045	2239	2645
CPLIC.g12722.t1	29	210	312	650	756	1190	2010	2260	2463	2666
CREMA.FL82_09140-RA	51	204	1802	1996	2309
CSINI.Csp5_scaffold_00522.g12422.t1	98	279	381	534	714	1952	2133	2558
CSP21.g4549.t1	8	189	282	435	620	1140	1404	1521	1674	1751	1863	1941	2141	2321	2515	2628	2826	2921
CSP26.g303.t1	110	291	393	546	2129	2323	2729
CSP28.g5686.t1	71	252	357	510	2102	2296	2702
CSP29.g18739.t1	168	273	2021	2215	2621
CSP31.g741.t1	137	243	380	507	677	1107	1634	1914	2117
CSP32.g488.t1	35	216	321	474	2048	2242	2648
CSP34.Sp34_50295010.t1	191	431	612	717	870	2459	2653	3059
CSP38.g4625.t1	59	240	342	495	923	1835	2009	2203	2609
CSP39.g8703.t1	45	198	1790	1984	2390
CSP40.g1493.t1	45	147	300	1883	2077	2483
CTROP.Csp11.Scaffold629.g15526.t1	192	288	441	2027	2221	2627
CVIRI.g2266.t1	23	204	306	459	644	750	887	1560	2272	2583	2678
DCORO.DCO_006845	56	237	333	409	486	599	671	777	831	914	1041	1158	1211	1311	1578	1703	1842
