CAFRA.g299.t1	142	270	342	553	621	757	874	971	1060	1197	1363	1477	1557	1684	1824
CANGA.Cang_2012_03_13_00065.g3163.t1	148	216	352	469	569	658	740	795	961	1075
CBREN.CBN31650	142	270	378	676	744	880	997	1097	1186	1323	1489	1603	1683	1810
CBRIG.CBG01939	142	270	342	664	732	868	985	1085	1174	1311	1477	1591	1671	1801	1941
CCAST.g16941.t1	139	264	327	475	543	679	796	896	985	1067	1122	1288	1402	1482	1609
CDOUG.g1203.t1	142	267	375	634	702	838	955	1055	1144	1281	1447	1561	1641	1768	1908
CELEG.ZC374.2	142	270	342	655	723	859	976	1076	1165	1302	1468	1582	1662	1819	1953
CJAPO.CJA09421b	133	261	336	580	648	784	901	998	1087	1224	1390
CKAMA.g9215.t1	142	270	342	772	840	976	1093	1190	1279	1416	1582	1696	1776	1903	2043
CLATE.FL83_01408-RA	142	270	342	673	741	877	994	1094	1183	1320	1486	1600	1680	1807	1947
CMONO.g11447.t1	235	363	435	559	627	763	880	977	1066	1148	1203	1369	1489	1569	1715	1794
CNOUR.g15156.t1	136	267	339	553	621	757	874	971	1060	1197	1363	1477	1557	1684	1827
CPLIC.g4370.t1	139	267	339	667	738	877	994	1091	1180	1262	1317	1483
CREMA.FL82_17275-RA	142	270	342	673	741	877	994	1094	1183	1320	1486	1600	1680	1807	1947
CSINI.Csp5_scaffold_02927.g28427.t1	142	270	342	679	747	883	1000	1100	1189	1326	1492	1606	1686	1813	1953
CSP21.g13938.t1	148	276	348	472	540	676	793	890	979	1061	1116	1282	1399	1479	1603	1752
CSP26.g267.t1	145	273	345	697	765	901	1018	1118	1207	1344	1510	1624	1704	1831	1971
CSP28.g14744.t1	142	273	345	559	627	763	880	977	1066	1203	1369	1483	1563	1726	1869
CSP29.g12936.t1	136	267	339	532	600	736	853	950	1039	1176	1342	1456	1536	1663	1806
CSP31.g25057.t1	142	270	342	556	760	877	974	1063	1145	1200	1366	1480	1560	1687	1827
CSP32.g12698.t1	142	270	342	541	609	745	862	959	1048	1185	1351	1465	1545	1672	1812
CSP34.Sp34_X0063800.t1	136	264	336	688	756	892	1009	1109	1198	1335	1501	1505	1642	1722	1849	1989	2044	2130	2189
CSP38.g9438.t1	142	267	330	520	588	724	841	938	1027	1109	1164	1330	1444	1524	1651
CSP39.g5700.t1	142	267	339	574	642	778	895	992	1081	1218	1384	1498	1578	1705	1848
CSP40.g15919.t1	142	270	342	670	738	874	991	1091	1180	1317	1483	1597	1677	1804	1944
CTROP.Csp11.Scaffold629.g13653.t1	142	270	366	628	696	832	949	1049	1138	1275	1441	1555	1695
CVIRI.g6412.t1	139	264	339	523	591	727	844	941	1030	1112	1167	1333	1447	1527	1654
DCORO.DCO_007017	142	339	499	579	829	932	1021	1103	1158	1324	1444
