CAFRA.g7777.t1	109	239	346	528	703	819	981	1129	1215	1469	1542	1671	1911	2131	2290	2483	2627	3189
CANGA.Cang_2012_03_13_00036.g2028.t1	127	257	364	546	721	999	1147	1233	1308	1560	1689	1929	2149	2308	2645	2838	3207
CBREN.CBN30737	290	397	579	754	870	1032	1180	1266	1341	1520	1593	1722	1962	2211	2427	2525	2669	2793	3238
CBRIG.CBG17362	162	311	418	600	775	885	1083	1097	1150	1311	1386	1565	1812	2052	2272	2598	2696	2840	2964	3321
CCAST.g1248.t1	118	248	355	537	712	990	1138	1224	1299	1551	1680	1920	2140	2299	2636	2829	3198
CDOUG.g2089.t1	97	279	454	570	732	880	966	1041	1220	1293	1422	1662	1882	2041	2136	2234	2378	2502	2676	2859	2940
CELEG.ZK455.2	112	242	349	531	706	822	984	1132	1218	1293	1472	1545	1674	1914	2134	2293	2388	2486	2630	2754	2928	3111	3192
CJAPO.CJA02401b	180	355	471	633	867	942	1138	1291	1450	1545	1643	1787	1911	2085	2268	2349
CKAMA.g1302.t1	112	242	349	531	706	822	984	1132	1218	1293	1472	1545	1674	1914	2131	2290	2385	2483	2627	2751	2925	3108	3189
CLATE.FL83_01133-RA	112	242	349	531	706	822	984	1132	1218	1293	1472	1545	1674	1914	2134	2293	2388	2486	2630	2754	2928	3111	3192
CMONO.g4878.t1	180	355	471	633	781	867	942	1121	1194	1323	1491	1660	1888	2174	2298	2472	2655	2736
CNOUR.g4880.t1	39	214	330	492	726	980	1053	1182	1422	1642	1801	1896	1994	2138	2262	2436	2619	2700
CPLIC.g616.t1	180	355	471	633	781	867	945	1124	1197	1326	1494	1566	1783	1942	2037	2135	2279	2403	2472	2577	2760	2841
CREMA.FL82_00514-RA	152	292	422	529	711	886	1002	1164	1312	1398	1473	1652	1725	1854	2094	2314	2473	2568	2666	2810	2934	3108	3291	3372
CSINI.Csp5_scaffold_00297.g8923.t2	112	242	349	550	618	793	909	1086	1320	1395	1574	1647	1776	2016	2236	2395	2490	2588	2732	3213	3294
CSP21.g13383.t1	88	221	328	510	685	801	963	1111	1197	1451	1524	1653	1713	1821	1893	2113	2272	2367	2465	2609	2733	2907	3090	3171
CSP26.g7233.t1	112	242	349	531	706	822	984	1218	1293	1472	1545	1674	1914	2134	2293	2388	2486	2630	3111	3192
CSP28.g9568.t1	215	322	504	679	795	957	1191	1445	1518	1647	1887	2107	2266	2361	2459	2603	2727	2901	3165
CSP29.g11798.t1	97	279	454	570	732	966	1220	1293	1422	1662	1882	2041	2136	2234	2378	2502	2676	2859	2940
CSP31.g10061.t1	109	239	346	528	703	819	981	1215	1469	1542	1671	1911	2131	2290	2483	2627	2751	2925	3189
CSP32.g2852.t1	180	355	471	633	781	867	1121	1194	1323	1563	1783	1942	2135	2279	2841
CSP34.Sp34_X0087300.t1	112	242	349	531	706	822	984	1132	1218	1293	1472	1545	1674	1914	2134	2293	2388	2486	2630	2754	2928	3111	3192
CSP38.g20648.t2	115	245	352	534	709	987	1135	1221	1296	1548	1677	1917	2137	2296	2391	2633	2826	3195
CSP39.g28790.t1	180	355	471	633	867	1080	1209	1449	1669	1828	1923	2021	2165	2289	2463	2646	2727
CSP40.g12633.t1	56	163	345	520	636	798	1032	1107	1286	1359	1488	1728	1948	2107	2202	2300	2444	2925	3006
CTROP.Csp11.Scaffold31.g128.t1	180	355	471	633	781	867	942	1121	1194	1323	1563	1783	1942	2037	2135	2279	2403	2577	2760
CVIRI.g109.t1	106	236	343	525	700	816	984	1218	1293	1472	1545	1674	1914	2137	2296	2489	2633	2826	2931	3114	3195
DCORO.DCO_003509	80	236	343	525	700	816	978	1126	1287	1466	1542	1734	1842	1914	1981	2131	2290	2385	2483	2526	2627	2691	2820	2925	3035	3108	3189
