CAFRA.g6422.t1	153	579	809	927
CANGA.Cang_2012_03_13_00631.g12985.t1	144	576	806	924
CBREN.CBN31126	141	567	797	915
CBRIG.CBG00735	150	576	806	944	1052	1195	1383	1447	1529
CCAST.g8903.t1	144	573	803	921
CDOUG.g9964.t1	144	570	800	918
CELEG.C41C4.10	144	570	800	918
CJAPO.CJA16858	138	567	797	915
CKAMA.g1818.t1	234	374	518	677	901	1011	1437	1667	1785
CLATE.FL83_08792-RA	144	570	800	918
CMONO.g6611.t1	141	199	324	435	567	708	794	912
CNOUR.g1757.t1	147	573	803	921	991	1123	1334	1662	1726	1808
CPLIC.g10733.t1	141	202	327	438	570	797	915
CREMA.FL82_05970-RA	144	570	800	877	1099	1247	1399	1587	1651	1733
CSINI.Csp5_scaffold_00893.g16531.t1	153	579	809	927
CSP21.g12688.t1	199	324	435	505	567	794	960
CSP26.g6459.t1	150	576	806	924
CSP28.g16816.t1	150	576	806	924
CSP29.g5344.t1	147	573	803	921	991	1304	1414	1575	1639	1721
CSP31.g9392.t1	147	444	514	576	806	924
CSP32.g5461.t1	17	135
CSP34.Sp34_20152100.t1	144	570	800	918
CSP38.g13198.t1	141	570	800	918
CSP39.g6612.t1	150	576	806	924
CSP40.g19251.t1	150	576	806	924
CTROP.Csp11.Scaffold629.g10301.t2	144	570	800	918
CVIRI.g2522.t1	94	135	275	419	578	736	813	1251	1321	1527	1613	1731
DCORO.DCO_015545	144	327	438	570	711	797	915
