CAFRA.g6476.t1	138	1206	1557
CANGA.Cang_2012_03_13_00051.g2667.t1	141	936	1266	1512	1602
CBREN.CBN09139	138	840	1254	1605
CBRIG.CBG18300	147	852	1266	1617
CCAST.g11611.t1	141	936	1266	1512	1602
CDOUG.g1066.t1	138	843	1257	1608
CELEG.Y39A1C.4	138	768	1182	1533
CJAPO.CJA14591	141	546	786	1200	1463	1551
CKAMA.g9009.t1	138	1233	1584	1711	1828	1951
CLATE.FL83_11469-RA	138	828	1242	1593
CMONO.g18517.t1	162	251	305	435	573	708	765	831	945	1020	1098	1245	1350	1461	1596	1686
CNOUR.g6807.t1	132	519	924	1230	1395
CPLIC.g587.t1	144	173	420	678	792	945	1092	1197	1437	1527
CREMA.FL82_22954-RA	138	828	1242	1593
CSINI.Csp5_scaffold_00622.g13672.t1	138	843	1257	1608	1811
CSP21.g6048.t1	72	240	378	513	570	636	750	1050	1266	1401	1491
CSP26.g7532.t1	138	813	1227	1578
CSP28.g7277.t1	252	479	652	773	1053	2505
CSP29.g708.t1	168	403	598	719	916	1029	1434	1740	1896	2286	2410	2533
CSP31.g21114.t1	147	257	408	681	804	1218	1323	1434	1569	1659	1783	1921	2041
CSP32.g12191.t1	138	1251	1602
CSP34.Sp34_30110820.t1	135	843	1257	1608
CSP38.g3825.t1	153	951	1281	1527	1617
CSP39.g2084.t1	273	497	670	886	920	951	1095	2598
CSP40.g383.t1	138	843	1257	1608
CTROP.Csp11.Scaffold628.g7284.t1	138	843	1257	1608
CVIRI.g9545.t1	138	378	774	888	1041	1189	1404	1539	1629
DCORO.DCO_008435	12	89	252	390	525	582	648	759	912	1059	1164	1272	1407	1497
