CAFRA.g10151.t1	126	293	606	729	869	984
CANGA.Cang_2012_03_13_00136.g5321.t1	144	275	390
CBREN.CBN23417	53	165	263	332	645	768	1023
CBRIG.CBG13560	53	165	263	332	645	771	1026
CCAST.g12233.t1	53	332	768	908	1023
CDOUG.g19404.t1	117	203	383	456	762	917	1085	1197	1295	1364	1677	1800	2055
CELEG.K03H6.1	53	165	263	332	645	768	908	1023
CJAPO.CJA10851b	80	192	290	860
CKAMA.g14760.t1	53	165	263	645	768	908
CLATE.FL83_19013-RA	53	165	263	332	645	768	1023
CMONO.g15001.t1	35	116	228	395	514	645	708	831	895	974	1089
CNOUR.g11935.t1	53	165	263	332	645	768	908	1023
CPLIC.g12441.t1	53	165	332	424	618	741	881	996
CREMA.FL82_07446-RA	53	165	263	332	645	768	1023
CSINI.Csp5_scaffold_00214.g7204.t2	34	207	305	374	687	810	1065
CSP21.g5445.t1	129	415	546	732	875	990
CSP26.g21678.t1	53	165	263	332	645	768	1023
CSP28.g14120.t1	3	170	483	606	746	861
CSP29.g16454.t1	11	123	221	290	603	726	866
CSP31.g9570.t1	53	165	645	765	905	1020
CSP32.g15738.t1	53	165	332	645	768	908	1023
CSP34.Sp34_40027200.t1	53	165	263	332	645	768	908	1023
CSP38.g15555.t1	559	699	814
CSP39.g2837.t1	53	165	332	645	768	908	1023
CSP40.g21386.t1	53	165	263	332	645	768	1023
CTROP.Csp11.Scaffold629.g10616.t1	110	179	492	615	870
CVIRI.g9153.t1	3	170	483	746	861
DCORO.DCO_012435	74	186	353	430	564	627	741	884	999	1088
