CAFRA.g2488.t1	150	347
CANGA.Cang_2012_03_13_00052.g2716.t1	347
CBREN.CBN12235	150	347
CBRIG.CBG23930	150	347
CCAST.g14152.t1	347
CDOUG.g25982.t1	167
CELEG.ZK973.10.1	150	347
CJAPO.CJA08670	150	347
CKAMA.g17256.t1	150
CLATE.FL83_18833-RA	150	347	427	540	1063
CMONO.g14371.t1	147	279	344	444
CNOUR.g7315.t1	150	347
CPLIC.g4697.t1	144	276
CREMA.FL82_23144-RA	51	201	398	578	675	1198
CSINI.Csp5_scaffold_02157.g25154.t1	144	341
CSP21.g5221.t1	135	267	332	432
CSP26.g21600.t1	150	347
CSP28.g8536.t1	150	347
CSP29.g10260.t1	150	347
CSP31.g841.t1	150	347	447
CSP32.g8604.t1	150	347
CSP34.Sp34_10347500.t1	33	69	219	416
CSP38.g22115.t1	347
CSP39.g11324.t1	150	347
CSP40.g21031.t1	150	347
CTROP.Csp11.Scaffold456.g1361.t1	150	347
CVIRI.g15966.t1	150	347
DCORO.DCO_021279	56	171	303	368	468
