CAFRA.g1235.t1	117	248	315
CANGA.Cang_2012_03_13_00280.g8403.t1	248
CBREN.CBN04312	117	248	315
CBRIG.CBG00465	117	248	315
CCAST.g9471.t1	248
CDOUG.g10901.t1	74	141
CELEG.F54C4.1	123	254	321	486
CJAPO.CJA01403	117	248	315
CKAMA.g2641.t1	108	239	306
CLATE.FL83_18616-RA	117	248	315
CMONO.g12687.t1	129	260	327	450
CNOUR.g18269.t1	117	248	315
CPLIC.g11121.t1	126	324	447
CREMA.FL82_23898-RA	117	248	315
CSINI.Csp5_scaffold_00847.g16050.t1	120	251	318
CSP21.g27.t1	15	324	495	626	693	816
CSP26.g11968.t1	117	248	315
CSP28.g11152.t1	117	248	315	402
CSP29.g570.t1	117	248	315
CSP31.g20941.t1	81	212	279
CSP32.g12041.t1	117	248	315
CSP34.Sp34_30324400.t1	117	248	315
CSP38.g21002.t1	248	315
CSP39.g1166.t1	74	141
CSP40.g6906.t1	117	248	315
CTROP.Csp11.Scaffold630.g16729.t1	117	248	315
CVIRI.g15802.t1	132	263	330	453
DCORO.DCO_020825	138	269	336	459
