CAFRA.g14545.t1	195	634	696	1026
CANGA.Cang_2012_03_13_00051.g2646.t1	49	113	186	607	1665
CBREN.CBN19416	195	628	690	1668
CBRIG.CBG00593	315	625	684	1014	1275	1503	1665
CCAST.g11592.t1	52	116	189	610	1333	1656
CDOUG.g18317.t1	114	234	547	609	942	1431	1593
CELEG.ZK637.3	195	315	628	690	1020	1506	1668
CJAPO.CJA09914	192	312	1662
CKAMA.g5223.t1	198	511	573	903	1196	1328	1551
CLATE.FL83_18418-RA	321	567	894	1383	1545
CMONO.g8516.t2	67	228	345	465	599	664	732	804	960	1065	1227	1286	1387	1473	1554	1716
CNOUR.g496.t1	195	637	699	1515	1677
CPLIC.g2825.t1	110	312	374	561	678	795	926	1125	1278	1395	1705	2034
CREMA.FL82_16349-RA	324	634	696	1023	1419	1581	1649	1703
CSINI.Csp5_scaffold_04939.g34080.t1	310	369	699	1188	1350
CSP21.g817.t1	82	151	294	411	522	653	715	858	1014	1119	1272	1331	1432	1599	1761
CSP26.g18147.t1	321	634	693	855	1023	1512	1674
CSP28.g16810.t1	315	634	1665
CSP29.g2066.t1	195	637	699	1515	1677
CSP31.g25887.t1	128	318	429	622	1020	1182	1342	1506	1668
CSP32.g1792.t1	195	634	696	1026
CSP34.Sp34_30272700.t1	195	315	628	690	1020	1506	1668
CSP38.g20889.t1	55	122	195	610	1318	1641
CSP39.g8555.t1	195	315	625	687	1665
CSP40.g1442.t1	321	631	690	1020	1509	1671
CTROP.Csp11.Scaffold629.g9839.t1	201	321	634	696	1026	1518	1680
CVIRI.g6051.t1	122	195	435	566	690	762	915	1020	1179	1339	1506	1668
DCORO.DCO_026058	96	222	339	456	584	646	783	846	963	1181	1269	1423	1509	1590	1690	1752
