CAFRA.g18247.t1	48	198	466	570	977	1100	1467	1693	1891	2164	2451	2788
CANGA.Cang_2012_03_13_00895.g14806.t3	54	316	419	1078	1204	1675	2175
CBREN.CBN20504	48	180	451	555	962	1085	1452	1639	2110	2397	2734
CBRIG.CBG14821	48	198	469	573	980	1470	1663	2179	2466
CCAST.g7042.t1	54	204	460	564	971	1630	2101	2388
CDOUG.g7913.t1	48	198	469	573	980	1103	1470	1657	1855	2128	2415	2752
CELEG.C45B2.7	48	198	469	573	980	1103	1470	1666	1864	2137	2424	2761
CJAPO.CJA09492	48	198	472	576	983	1106	1657	2128	2415	2752
CKAMA.g3542.t1	48	198	469	573	980	1103	1470	1657	1855	2128	2415	2752
CLATE.FL83_00421-RA	48	198	466	570	977	1100	1467	1657	1855	2128	2415	2752
CMONO.g1926.t1	54	204	469	573	651	789	860	980	1103	1240	1470	1633	1764	1831	1872	2008	2113	2186	2295	2390	2490	2632
CNOUR.g13261.t1	48	198	469	573	980	1103	1470	1654	1852	2125	2412	2749
CPLIC.g14761.t1	54	204	448	552	768	959	1219	1612	1810	2083	2261	2370	2465	2707
CREMA.FL82_01766-RA	48	198	466	570	977	1100	1467	1657	1855	2128	2415	2752
CSINI.Csp5_scaffold_00083.g3731.t1	48	198	469	573	980	1103	1470	1657	1855	2128	2415	2752
CSP21.g9233.t1	54	204	445	627	765	956	1079	1216	1286	1446	1609	1740	1807	1944	2080	2185	2367	2562	2704
CSP26.g21966.t1	48	198	469	573	980	1103	1470	1657	1855	2128	2415	2752
CSP28.g10579.t1	48	198	469	573	980	1103	1470	1651	1849	2122	2409	2746
CSP29.g3980.t1	48	198	469	573	980	1103	1470	1654	1852	2125	2412	2749
CSP31.g16072.t1	51	201	469	573	789	980	1470	1645	1843	2116	2403	2498
CSP32.g211.t1	48	198	466	570	977	1100	1467	1681	1879	2152	2439	2776
CSP34.Sp34_X0230700.t1	48	198	463	567	974	1097	1464	1651	1849	2122	2409	2746
CSP38.g10381.t1	54	204	469	573	980	1470	1639	2110	2397
CSP39.g7235.t1	48	198	469	573	980	1103	1470	1654	1852	2412	2749
CSP40.g13981.t1	48	198	469	573	980	1103	1470	1657	1855	2128	2415	2752
CTROP.Csp11.Scaffold626.g6530.t1	9	159	430	534	941	1064	1431	1618	1816	2089	2376	2713
CVIRI.g2944.t1	204	460	564	780	971	1094	1231	1630	1828	2101	2279	2388	2583
DCORO.DCO_003999	54	204	363	529	708	846	917	1037	1160	1297	1438	1527	1617	1705	1903	2040	2176	2281	2354	2403	2463	2558	2658	2800
