CAFRA.g19402.t1	216	414	497	644	1333	2572	2780
CANGA.Cang_2012_03_13_00014.g959.t2	562	710	1116	1492	1694
CBREN.CBN02087	183	381	464	611	1177	1300	2037	2641	2882
CBRIG.CBG23448	183	381	464	611	1177	1300	2046	2587	2831
CCAST.g10158.t1	168	449	596	1291	1439	1848	2239	2441
CDOUG.g21126.t1	183	381	464	611	1177	1300	2037	2626	2867
CELEG.C51F7.1	183	381	464	611	1177	1300	2028	2533	2786
CJAPO.CJA12454	198	396	479	626	1315	2013	2569	2747
CKAMA.g4439.t1	183	381	464	611	1177	1300	1998	2530
CLATE.FL83_13015-RA	183	381	464	611	1177	1300	2037	2593	2834
CMONO.g13979.t1	118	216	322	414	497	644	794	884	1049	1216	1348	1868	1977	2133	2251	2400	2599	2717
CNOUR.g20746.t2	180	461	608	1174	1303	2037	2599	2816
CPLIC.g10354.t1	67	165	271	363	446	593	833	1159	1818	2043	2339
CREMA.FL82_11218-RA	183	381	464	611	1177	1300	2037	2593	2834
CSINI.Csp5_scaffold_01272.g19752.t1	183	381	464	611	1177	2091	2638	2879
CSP21.g1308.t1	180	286	378	461	608	848	926	1174	1294	1377	1530	1610	1713	1875	2097	2263	2354
CSP26.g13774.t1	183	381	464	611	1177	1300	2013	2557	2798
CSP28.g6096.t1	180	461	608	1174	1297	2034	2596	2810
CSP29.g19160.t1	180	461	608	1174	1297	2031	2593	2810
CSP31.g9279.t1	195	393	476	623	863	1312	1398	1950	2092	2467	2660
CSP32.g444.t1	201	399	482	629	1318	2545	2762
CSP34.Sp34_50128000.t1	183	381	464	611	1177	1300	2031	2566	2807
CSP38.g11975.t1	174	455	602	1306	1392	1457	2293	2555
CSP39.g1950.t2	180	253	476	623	695	887	1261	1384	2121	2689	2903
CSP40.g24425.t1	183	381	464	611	1177	1300	2034	2569	2807
CTROP.Csp11.Scaffold575.g4433.t1	183	381	464	611	1177	1300	2037	2617	2846
CVIRI.g6426.t1	198	396	479	626	1031	1192	1315	1974	2497	2747
DCORO.DCO_003825	39	244	342	448	540	623	770	920	1010	1175	1269	1342	1468	1560	1616	2017	2280	2454	2558	2688	2842	2960
