CAFRA.g12777.t1	102	219	367	457
CANGA.Cang_2012_03_13_01023.g15394.t1	108	400
CBREN.CBN03169	102	219	370	466
CBRIG.CBG16905	102	219	367	454
CCAST.g14868.t1	108	400
CDOUG.g75.t1	102	219	367	451
CELEG.C02B8.4	102	219	367	454
CJAPO.CJA09725	102	219	367	454
CKAMA.g3290.t1	102	219	367	454
CLATE.FL83_00029-RA	102	219	367	454
CMONO.g3440.t1	79	366	483	610	703
CNOUR.g3085.t1	102	219	367	454
CPLIC.g14693.t1	105	222	361	442
CREMA.FL82_01315-RA	102	219	367	454
CSINI.Csp5_scaffold_00286.g8714.t1	57	205	292
CSP21.g6162.t1	120	237	361
CSP26.g13110.t1	102	219	367	454
CSP28.g14669.t1	102	219	367	454
CSP29.g12032.t1	102	219	367	454
CSP31.g21695.t1	102	367	427
CSP32.g4110.t1	102	219	367	457
CSP34.Sp34_X0217200.t1	102	219	367	457
CSP38.g12779.t1	108	225	418	475
CSP39.g27372.t1	102	219	454
CSP40.g16651.t1	102	219	370	457
CTROP.Csp11.Scaffold630.g18860.t2	216	318	435	583	670
CVIRI.g593.t1	111	228	448
DCORO.DCO_022275	105	222	355
