CAFRA.g9976.t1	197	246	415	567	639	806	1425	1598	1894	2117	2210	2469	2603	2727
CANGA.Cang_2012_03_13_00059.g2990.t2	194	304	671	1296	1877	2399	2520
CBREN.CBN25520	197	246	316	418	573	645	812	897	1431	1604	1818	1900	2015	2123	2484	2618	2751
CBRIG.CBG07388	197	315	385	501	523	678	750	929	1014	1548	1721	1959	2041	2156	2264	2357	2628	2756	2880	3003
CCAST.g9103.t1	194	304	400	767	1392	1973	2495	2616
CDOUG.g987.t1	197	246	316	418	573	645	812	897	1431	1604	1818	1900	2015	2123	2216	2484	2618	2745
CELEG.C04A11.4	197	246	316	415	567	639	806	891	1425	1598	1812	1894	2009	2117	2210	2481	2615	2745
CJAPO.CJA08862	141	350	399	478	580	729	968	1053	1587	1760	2056	2171	2634	2744	2868
CKAMA.g8393.t1	75	321	593	1206	1570	1804	2402	2978	3207	3348	3486	3698	3747	3817	3916	4083	4155	4322	4407	4941	5114	5328	5410	5525	5633	5726	5961	6098	6216
CLATE.FL83_01577-RA	197	246	316	424	576	648	815	900	1434	1607	1821	1903	2018	2126	2150	2418	2552	2679
CMONO.g14908.t1	44	122	320	369	535	669	741	813	908	1000	1118	1260	1377	1512	1685	1744	1848	1930	2045	2153	2249	2418	2546	2664
CNOUR.g21558.t1	197	246	316	415	564	1422	1595	1891	2006	2114	2594	2715
CPLIC.g14684.t1	28	150	222	389	474	614	756	873	1008	1181	1282	1395	1477	1592	1700	1793	2004	2123	2208
CREMA.FL82_02620-RA	197	246	316	424	576	648	815	900	1434	1607	1821	1903	2018	2126	2219	2487	2621	2748
CSINI.Csp5_scaffold_00189.g6636.t2	51	260	309	379	487	645	884	969	1503	1972	2087	2195	2288	2556	2690	2826
CSP21.g11893.t1	134	171	340	456	528	695	780	914	1056	1173	1308	1481	1582	1768	1883	1991	2087	2411	2484
CSP26.g8565.t1	191	240	310	409	555	794	879	1413	1882	1997	2105	2198	2460	2576	2712
CSP28.g4180.t1	191	240	310	409	570	1428	1601	1815	1897	2012	2120	2493	2624	2748
CSP29.g20013.t1	197	246	316	415	567	891	1425	1598	1894	2009	2117	2591	2712
CSP31.g11156.t1	194	313	409	612	779	864	1146	1398	1574	1870	1985	2093	2403	2525	2643
CSP32.g7891.t1	197	246	316	415	564	636	803	1422	1595	1891	2114	2207	2466	2600	2706
CSP34.Sp34_X0122600.t1	197	246	316	418	579	651	818	903	1437	1610	1824	1906	2021	2129	2222	2475	2609	2748
CSP38.g18465.t1	197	316	412	785	1410	1583	1982	2391	2513	2631
CSP39.g10783.t1	197	246	316	415	567	639	806	1425	1598	1812	1894	2009	2117	2210	2505	2642	2766
CSP40.g13304.t1	197	246	316	418	573	812	897	1431	1900	2015	2123	2216	2478	2612	2733
CTROP.Csp11.Scaffold630.g22045.t2	191	240	310	412	561	633	800	1419	1592	1806	1888	2003	2111	2204	2451	2585	2706
CVIRI.g1920.t1	197	246	316	412	615	782	867	1401	1574	1788	1870	1985	2093	2186	2546	2673
DCORO.DCO_004365	67	164	222	409	555	627	794	879	1019	1167	1284	1502	1592	1803	1885	2108	2204	2429	2561
