CAFRA.g2062.t1	152	468	583	908	1035	1809
CANGA.Cang_2012_03_13_00359.g9719.t2	7	340	455	586	792	1335	1650	1781
CBREN.CBN11644	152	258	468	583	908	1035	1550	1725	1809	2124
CBRIG.CBG22668	167	273	646	971	1098	1613	1893	1977	2292
CCAST.g887.t1	152	589	704	835	1041	1557	1815
CDOUG.g22885.t1	387	502	827	954	1469	1644	1728
CELEG.W04C9.1a	152	258	468	583	908	1035	1725	1809	2124
CJAPO.CJA00495b	152	258	468	583	908	1035	1725	2124
CKAMA.g8315.t1	108	174	237	447	562	887	1014	1704	1788	2103
CLATE.FL83_06345-RA	152	219	429	544	869	996	1511	1686	1770	2085
CMONO.g394.t1	41	168	438	684	858	942	1045	1158	1257
CNOUR.g2449.t1	152	468	583	908	1035	1809	2124
CPLIC.g9244.t1	152	337	471	586	701	832	911	1038	1236	1554	1728	1812	2127	2261
CREMA.FL82_16184-RA	152	258	468	583	908	1035	1550	1725	1809	2124
CSINI.Csp5_scaffold_04314.g32617.t1	111	225	435	550	875	1002	1209	1517	1692	1776
CSP21.g5708.t1	5	167	273	352	616	731	941	1068	1266	1449	1584	1758	1842	2157	2300
CSP26.g22131.t1	152	258	468	583	908	1035	1242	1550	1725	1809	2124
CSP28.g3920.t1	152	468	583	908	1035	1809
CSP29.g17659.t1	152	468	583	908	1035	1809	2124
CSP31.g5690.t1	152	258	471	586	832	1038	1236	1554	1728	1812	2127
CSP32.g6617.t1	152	468	583	908	1035	1809
CSP34.Sp34_10252900.t1	152	258	468	583	908	1035	1725	1809	2124
CSP38.g2314.t1	152	586	701	832	1038	1554	1812	2127	2258
CSP39.g18635.t1	152	468	583	908	1035	1809
CSP40.g10221.t1	152	258	468	583	839	966	1173	1481	1656	1740	2043
CTROP.Csp11.Scaffold629.g9931.t2	95	201	411	526	812	939	1454	1629	1713	2028
CVIRI.g5312.t1	152	337	583	698	829	908	1035	1233	1551	1725	1809	2267
DCORO.DCO_005075	149	255	334	468	698	829	908	1035	1114	1233	1305	1416	1551	1725	1809	1912	2025	2124	2300
