CAFRA.g18717.t1	32	198	285	459	525
CANGA.Cang_2012_03_13_00927.g14973.t1	32	198	285	356	459	525
CBREN.CBN09876	32	198	285	459	525
CBRIG.CBG15800	32	198	285	423	489
CCAST.g17391.t1	32	198	285	356	459	525
CDOUG.g4800.t2	32	198	285	459	525	617
CELEG.F15D3.6	32	198	285	459	525
CJAPO.CJA15010	32	198	285	459	525
CKAMA.g13817.t1	32	198	285
CLATE.FL83_15894-RA	32	198	372	438
CMONO.g17658.t1	32	103	198	285	356	459	525
CNOUR.g13682.t1	32	198	285	459	525
CPLIC.g10325.t2	32	103	198	285	356	459	525
CREMA.FL82_17003-RA	32	198	285	381	447
CSINI.Csp5_scaffold_07454.g37788.t1	166	253	427
CSP21.g3739.t1	32	103	198	285	356	459	525
CSP26.g21852.t1	32	198	285	459	525
CSP28.g2705.t1	32	198	459	525
CSP29.g14298.t1	32	198	372	438
CSP31.g12262.t1	32	198	285	356	459	525
CSP32.g5020.t1	32	198	285	459	525
CSP34.Sp34_10046000.t1	32	198	285	459	525
CSP38.g21077.t1	32	198	285	356	459	525
CSP39.g44.t1	32	198	285	459	525
CSP40.g1819.t1	32	198	285	459	525
CTROP.Csp11.Scaffold629.g8488.t1	32	198	285	459	525	867	945	1060	1132	1229	1434
CVIRI.g6916.t1	32	198	285	356	459	525
DCORO.DCO_020243	32	198	285	356	525
