CAFRA.g4291.t1	130	262	313	465	704	1032	1134	1218	1353	1448	1638
CANGA.Cang_2012_03_13_00044.g2380.t1	106	219
CBREN.CBN14280	202	354	593	939	1122	1254	1349	1542
CBRIG.CBG16083	166	298	349	501	740	942	1083	1257	1389	1484	1686
CCAST.g648.t1	7	354	584	756	1140	1330	1443
CDOUG.g5841.t1	133	265	316	468	707	888	1032	1221	1362	1457	1656
CELEG.F49E2.2c	133	265	316	468	707	891	1038	1206	1344	1439	1632
CJAPO.CJA19003	133	265	316	468	707	909	1146	1263	1404	1499	1692
CKAMA.g9913.t1	157	289	340	492	731	927	1071	1224	1371	1466	1659
CLATE.FL83_02217-RA	133	265	316	468	707	882	1023	1194	1332	1427	1632
CMONO.g4060.t1	6	46	154	205	357	489	593	741	843	903	1014	1083	1221	1408	1518	1580
CNOUR.g22480.t1	22	154	205	357	596	795	948	1032	1107	1245	1340	1533
CPLIC.g6794.t1	106	157	309	428	542	837	978	1038	1395	1461	1658	1738	1851
CREMA.FL82_15378-RA	133	265	316	468	707	882	1023	1194	1332	1427	1632
CSINI.Csp5_scaffold_00008.g594.t2	28	157	208	360	599	795	936	1104	1260	1355	1557
CSP21.g12504.t1	22	142	193	345	480	590	840	1101	1233	1340	1423	1533	1595
CSP26.g1441.t1	7	73	205	256	408	647	840	981	1152	1284	1379	1581
CSP28.g13769.t1	19	94	262	445	597	836	1044	1284	1359	1503	1598	1791
CSP29.g13994.t1	133	265	316	468	707	903	1056	1137	1212	1350	1445	1638
CSP31.g15348.t1	103	154	306	438	756	883	966	1107	1242	1340	1423	1536
CSP32.g7102.t1	130	262	313	465	704	1029	1137	1215	1362	1457	1650
CSP34.Sp34_X0056500.t1	133	265	316	468	707	834	975	1152	1290	1385	1569
CSP38.g5455.t1	130	474	704	912	1278	1468
CSP39.g10605.t2	109	241	292	444	683	903	1164	1239	1383	1478	1671
CSP40.g4749.t2	133	268	319	471	710	906	1047	1215	1347	1442	1647
CTROP.Csp11.Scaffold629.g13467.t1	121	253	304	456	695	873	1017	1185	1320	1415	1608
CVIRI.g265.t1	145	328	480	719	1275	1467	1556	1645	1758
DCORO.DCO_007593	121	273	408	518	810	885	948	1347	1455	1561	1671
