CAFRA.g15674.t1	85	287	890	1001	2131	2229	2338	2599	2895
CANGA.Cang_2012_03_13_00043.g2356.t1	188	290	921	1038	1352	1527	1888	2005
CBREN.CBN28366	139	341	944	1055	1948	2117	2283	3039
CBRIG.CBG04211	217	419	1022	1133	2026	2195	2263	2842	3138
CCAST.g10089.t1	275	860	965	1599	1716	2030	2205	2566	2683
CDOUG.g20911.t1	73	275	878	989	1882	2051	2217	2326	2587	2883
CELEG.Y71F9AR.1	76	275	430	878	989	1882	2048	2116	2214	2323	2584	2880
CJAPO.CJA05472a	73	275	887	998	2155	2253
CKAMA.g13208.t1	70	272	427	875	986	1891	2060	2226	2335	2461	2713	3009
CLATE.FL83_17240-RA	76	173	776	887	1786	1926	1989	2098	2362	2661
CMONO.g4560.t1	136	217	344	446	505	790	941	1049	1272	1549	1695	1812	1916	2114	2191	2398	2671	2794	2931
CNOUR.g8230.t1	76	278	433	881	992	1885	2122	2220	2329	2590	2886
CPLIC.g7169.t1	124	279	431	724	1728	2048	2388	2508	2678
CREMA.FL82_08023-RB	50	653	764	1663	1803	1866	1975	2239	2538
CSINI.Csp5_scaffold_00561.g12898.t1	76	278	881	992	1885	2054	2122	2220	2329
CSP21.g6156.t1	55	136	254	350	409	561	685	845	953	1057	1453	1599	1716	1855	1944	2024	2101	2199	2308	2376	2578	2707	2877
CSP26.g17154.t1	76	278	881	992	1885	2054	2122	2220	2329	2590	2886
CSP28.g5097.t1	20	206	361	809	920	2260	2521	2817
CSP29.g16511.t1	76	278	433	881	992	1885	2122	2220	2329	2590	2886
CSP31.g8326.t1	82	290	893	1004	1102	1372	1635	1897	2066	2134	2232	2341	2602	2898
CSP32.g11868.t1	79	281	884	995	2125	2223	2332	2593	2889
CSP34.Sp34_10146700.t1	76	281	436	884	995	1888	2057	2125	2223	2332	2593	2883
CSP38.g21297.t1	257	845	953	1590	1707	2021	2098	2196	2557	2674
CSP39.g29594.t1	284	887	998	2060	2335	2596	2892
CSP40.g15407.t1	119	321	924	1035	1928	2097	2165	2263	2372	2633
CTROP.Csp11.Scaffold627.g6894.t1	26	629	740	1633	1802	1968	2077	2338	2634
CVIRI.g5301.t1	64	278	433	878	989	1209	1360	1623	2054	2131	2229	2599
DCORO.DCO_003581	6	103	181	317	413	472	633	763	926	1028	1135	1254	1314	1405	1531	1677	1794	1942	2028	2191	2289	2398	2466	2707	2836	3012
