CAFRA.g16015.t1	60	147	249	349	561	714	831
CANGA.Cang_2012_03_13_00350.g9592.t1	60	147	349	438	591	642	759
CBREN.CBN17064	27	114	216	316	528	681
CBRIG.CBG07339	102	204	304	516	669	786
CCAST.g5320.t1	60	147	349	472	561	714	831
CDOUG.g21699.t1	57	144	246	346	558	711	828
CELEG.F48F7.2.1	27	114	216	316	528	681	798
CJAPO.CJA09715	60	147	249	349	561	714	831
CKAMA.g472.t1	57	144	246	346	558	711	828
CLATE.FL83_01531-RA	57	144	246	346	558	711
CMONO.g4641.t1	27	111	213	313	436	525	678	795
CNOUR.g3688.t1	57	144	246	346	558	711
CPLIC.g8757.t1	27	114	216	316	439	528	681	798	828	897	1083	1209	1322	1400	1527
CREMA.FL82_02664-RA	57	144	246	346	558	711
CSINI.Csp5_scaffold_00317.g9288.t1	27	114	216	316	528	681	798
CSP21.g7890.t1	30	117	219	319	442	531	684	801	890
CSP26.g16723.t1	57	144	246	346	558	711	828
CSP28.g4244.t1	57	144	346	558	711	762	1080	1193	1398
CSP29.g7619.t1	57	144	246	346	558	711	828
CSP31.g19096.t1	27	216	316	442	531	684	801	870	1062	1301	1379	1506	1679
CSP32.g16324.t1	57	144	246	346	558	711	828
CSP34.Sp34_X0117000.t1	27	114	216	316	528	681	798
CSP38.g16485.t1	27	114	216	316	439	528	681	798
CSP39.g15972.t1	57	144	246	346	558	711	828
CSP40.g10990.t1	27	114	216	316	528	798
CTROP.Csp11.Scaffold629.g11089.t1	102	204	304	516	786
CVIRI.g209.t1	57	144	246	346	469	558	711	828
DCORO.DCO_016959	27	213	313	525	678	795
