CAFRA.g9738.t1	143	294	496	943	1247	1818
CANGA.Cang_2012_03_13_01917.g16816.t2	45	160	310	601
CBREN.CBN14413	140	291	381	493	652	728	809	946	1250	1422	1821
CBRIG.CBG02627	131	282	372	484	640	716	934	1238	1410	1809
CCAST.g13404.t1	143	294	384	499	649	940	1419	1681	1812
CDOUG.g863.t1	140	291	381	694	770	851	988	1292	1464	1863
CELEG.C32D5.2	140	291	381	493	649	743	824	961	1265	1437	1836
CJAPO.CJA05403a	149	432	544	697	776	994	1298	1869
CKAMA.g9442.t1	139	290	380	492	651	736	954	1258	1430	1829
CLATE.FL83_04516-RA	140	291	381	493	646	729	967	1271	1443	1842
CMONO.g871.t1	131	282	372	487	613	683	770	907	951	1052	1130	1208	1380	1512	1650	1773
CNOUR.g10751.t1	146	297	387	499	731	949	1253	1425	1824
CPLIC.g7961.t1	140	291	381	496	634	713	794	931	1079	1235	1407	1590
CREMA.FL82_12132-RA	140	291	381	493	646	725	943	1247	1419	1818
CSINI.Csp5_scaffold_00235.g7634.t2	149	287	438	528	640	872	1090	1394	1566	1965
CSP21.g6418.t1	152	303	393	514	637	704	791	928	972	1073	1229	1398	1500	1640	1735
CSP26.g5302.t1	128	279	369	481	637	713	931	1235	1407	1776
CSP28.g15360.t1	146	387	499	949	1253	1425	1824
CSP29.g1337.t1	146	297	387	499	731	949	1253	1425	1824
CSP31.g27292.t1	158	309	399	514	761	979	1283	1455	1584	1845
CSP32.g7475.t1	137	288	490	937	1241	1812
CSP34.Sp34_20282800.t1	140	291	381	493	649	728	809	946	1250	1422	1821
CSP38.g4306.t1	137	288	378	493	643	797	934	1806
CSP39.g20981.t1	158	309	399	511	746	964	1268	1842
CSP40.g8573.t1	131	282	372	484	640	934	1238	1410	1806
CTROP.Csp11.Scaffold629.g11597.t1	140	291	381	493	646	722	803	940	1244	1416	1761
CVIRI.g3631.t1	131	282	372	487	731	812	949	1097	1253	1425	1566	1687	1815
DCORO.DCO_007093	170	303	511	640	710	791	843	928	972	1076	1154	1232	1404	1527	1662	1788
