CAFRA.g5826.t1	70	720	2567
CANGA.Cang_2012_03_13_00616.g12810.t1	67	437	958	2064	2405	2555
CBREN.CBN16546	55	711	783	2555
CBRIG.CBG15766	55	123	306	693	765	1266	2826	2855
CCAST.g6784.t1	64	434	961	2067	2408	2558
CDOUG.g26090.t1	79	759	831	1329	2609
CELEG.Y37D8A.13	73	717	789	1299	2576
CJAPO.CJA16560	52	707	1032	2297
CKAMA.g869.t1	67	684	756	1254	2498	2938
CLATE.FL83_14517-RA	79	816	1248	2510
CMONO.g532.t1	49	163	303	419	515	579	681	753	898	1005	1142	1416	1747	1818	2004	2175	2324	2417	2483	2606	2779
CNOUR.g12418.t1	67	693	765	2516
CPLIC.g1711.t1	117	189	334	861	1009	1183	1440	1539	1922	2215
CREMA.FL82_22421-RA	70	804	876	1374	2636
CSINI.Csp5_scaffold_03084.g29011.t1	73	357	759	831	1332	2639	2964
CSP21.g10454.t1	52	166	306	422	518	663	735	880	1124	1599	1729	1989	2324	2531	2776
CSP26.g16786.t1	58	342	723	795	1290	2591	2913
CSP28.g8422.t1	64	714	786	2537
CSP29.g397.t1	70	696	768	2519
CSP31.g5791.t1	70	184	324	440	597	714	786	931	1175	1284	1606	1780	2037	2136	2375	2522	2839
CSP32.g5864.t1	67	717	2567
CSP34.Sp34_30293300.t1	70	714	786	1284	2552
CSP38.g6137.t1	67	190	446	961	1208	1317	2079	2432	2585	2896
CSP39.g6862.t1	61	546	717	789	1132	2371
CSP40.g14976.t1	79	363	750	822	1341	2621	2979
CTROP.Csp11.Scaffold630.g18025.t1	48	1784
CVIRI.g8091.t1	70	324	440	536	597	747	819	964	1071	1317	1491	2070	2552
DCORO.DCO_003629	67	181	321	437	600	717	789	934	1041	1287	1645	1959	2290	2453	2525	2681	2887	3058
