CAFRA.g19339.t1	63	135	227	678
CANGA.Cang_2012_03_13_00304.g8868.t1	576
CBREN.CBN08175	69	141	233	505	684
CBRIG.CBG10738	69	141	505	684
CCAST.g17008.t1	51	123	663
CDOUG.g9131.t1	63	135	227	678
CELEG.F37C4.4a	24	96	188	460	639
CJAPO.CJA33188	151	330
CKAMA.g12883.t1	60	152	424	603
CLATE.FL83_20987-RA	69	141	233	505	684
CMONO.g5073.t1	60	152	517	603
CNOUR.g5861.t1	24	96	188	460	639
CPLIC.g11640.t1	78	147	239	425	604	690	798
CREMA.FL82_03193-RA	69	141	233	505	684
CSINI.Csp5_scaffold_01432.g20893.t1	66	168	260	532	711
CSP21.g2393.t2	30	99	185	457	550	636
CSP26.g16880.t1	259	438
CSP28.g12619.t1	63	227	499	678
CSP29.g3438.t1	24	96	188	460	639
CSP31.g15894.t1	24	96	188	553	642
CSP32.g778.t1	63	135	227	678
CSP34.Sp34_40080700.t1	57	129	221	493	672
CSP38.g934.t1	24	96	185	636
CSP39.g26235.t2	45	171	243	335	607	786
CSP40.g14058.t1	66	138	230	502	681
CTROP.Csp11.Scaffold477.g1737.t1	60	152	603
CVIRI.g5181.t1	24	96	463	642
DCORO.DCO_018727	117	212	398	577	663
