CAFRA.g6706.t1	91	328	729	988	1401
CANGA.Cang_2012_03_13_00198.g6791.t1	109	291	434	904	1194
CBREN.CBN22772	322	681	943	1365
CBRIG.CBG18471	298	645	938	1347
CCAST.g5019.t1	109	297	443	1275
CDOUG.g16580.t1	301	666	925	1386
CELEG.T26A8.4	280	633	901	1326
CJAPO.CJA04587	328	717	979	1356
CKAMA.g14160.t1	561
CLATE.FL83_11705-RA	298	660	926	1374
CMONO.g5367.t1	109	219	283	380
CNOUR.g12015.t1	79	283	648	901	1296
CPLIC.g3918.t1	91	189	374	630	1131
CREMA.FL82_03245-RA	298	660	922	1350
CSINI.Csp5_scaffold_00017.g1086.t1	334	720	1000	1401
CSP21.g11037.t1	103	210	368
CSP26.g13405.t2	286	669	934	1329
CSP28.g9177.t1	307	678	931	1314
CSP29.g3555.t1	79	289	654	907	1305
CSP31.g7967.t1	106	415	783	1039	1323
CSP32.g9040.t1	91	325	723	982	1392
CSP34.Sp34_40066100.t1	286	636	895	1311
CSP38.g2252.t1	91	261	407	1356
CSP39.g1749.t1	346	711	1356
CSP40.g2948.t1	286	928	1275
CTROP.Csp11.Scaffold630.g17243.t1	283	648	907	1299
CVIRI.g11996.t1	100	416	672	937	1200
DCORO.DCO_006737	54	120	232	528	689	899	985	1119	1248	1489
