CAFRA.g16441.t1	118	246	309	464	633	877	985
CANGA.Cang_2012_03_13_00245.g7784.t1	118	246	309	464	593	877	985
CBREN.CBN05188	90	308	437	567	721	829
CBRIG.CBG22211	118	246	464	593	877	985	1011	1056
CCAST.g12734.t1	118	246	309	464	593	877	985
CDOUG.g11436.t1	118	246	464	593	723	877	985
CELEG.M01D7.7a	118	246	464	593	723	877	985
CJAPO.CJA02839	118	246	464	593	723	877	985
CKAMA.g8231.t1	230	604	1095	1257	1395	1484	1663	1791	1854	2009	2138	2268	2422	2530	2607	2758	3036
CLATE.FL83_17378-RA	118	246	464	593	723	877	985
CMONO.g10677.t1	118	246	309	464	593	633	723	877	985
CNOUR.g14878.t1	118	246	309	464	593	633	723	877	985
CPLIC.g6317.t1	118	246	309	464	593	633	723	877	985
CREMA.FL82_07794-RA	118	246	464	593	723	877	985
CSINI.Csp5_scaffold_01393.g20622.t2	6	205	300	517	645	863	992	1122	1276	1384
CSP21.g7636.t1	118	246	309	464	593	633	723	877	985
CSP26.g19019.t1	84	283	411	629	758	888	1042	1150
CSP28.g1579.t1	118	246	309	464	593	633	723	877	985
CSP29.g11387.t1	156	294	383	535	663	726	881	1010	1050	1140	1294	1402
CSP31.g22700.t1	118	246	464	633	723	877	985
CSP32.g1413.t1	118	246	309	464	633	877	985
CSP34.Sp34_10240010.t1	118	246	464	593	723	877	985
CSP38.g19581.t1	118	246	309	464	593	877	985
CSP39.g13092.t1	118	246	309	464	593	633	723	877	985
CSP40.g13315.t1	128	346	475	605	759	867
CTROP.Csp11.Scaffold629.g8433.t1	118	246	464	593	723	1048
CVIRI.g4411.t1	118	246	309	464	593	633	723	877	985
DCORO.DCO_014535	51	118	246	464	593	649	723	877	985
