CAFRA.g17254.t1	74	117	567
CANGA.Cang_2012_03_13_00001.g25.t1	117
CBREN.CBN33000	74	117	222	317	567
CBRIG.CBG03050	74	117	222	317	567
CCAST.g2974.t1	117
CDOUG.g5435.t1	74	117	222	317	567
CELEG.C14A4.11.1	74	117	317	567
CJAPO.CJA12224	12	212	462
CKAMA.g10986.t1	74	117	222	317	567
CLATE.FL83_21946-RA	74	117	222	317	567	684
CMONO.g4600.t1	74	117	222	317	475	567
CNOUR.g22406.t1	74	117	222	317	567
CPLIC.g3258.t1	74	117	222	317	475	567
CREMA.FL82_05395-RA	74	117	222	317	567	708
CSINI.Csp5_scaffold_00248.g7924.t1	74	117	222	317	567
CSP21.g3118.t1	77	120	320	478	570
CSP26.g1654.t1	74	117	222	317	567
CSP28.g15846.t1	74	117	222	317	567
CSP29.g9949.t1	74	117	222	317	567
CSP31.g16533.t1	74	117	222	475	567
CSP32.g16802.t1	74	117	567
CSP34.Sp34_20290500.t1	74	117	317	567
CSP38.g14518.t1	117	222	567
CSP39.g15533.t1	74	117	222	317	567
CSP40.g17330.t1	74	117	222	317	567
CTROP.Csp11.Scaffold629.g8897.t2	80	330
CVIRI.g16909.t1	74	117	317	475	567
DCORO.DCO_020377	87	192	287	445	537
