CAFRA.g16125.t1	265	363	459	676	800	1268	1577	1720
CANGA.Cang_2012_03_13_01287.g16170.t1	82	449	606	758	901
CBREN.CBN23188	265	363	459	676	800	1268	1425	1720
CBRIG.CBG01917	269	393	489	706	830	1298	1455	1750
CCAST.g5562.t1	90	265	459	586	904	1271	1428	1580	1723
CDOUG.g1173.t1	265	363	459	676	800	1268	1425	1720
CELEG.F21G4.1	265	363	459	676	800	1268	1425	1720
CJAPO.CJA00717	265	363	459	800	1268	1425	1577	1642	1720
CKAMA.g9192.t1	265	363	459	800	1268	1425	1642	1720
CLATE.FL83_01442-RA	265	363	459	676	1268	1425	1720
CMONO.g15427.t1	87	262	360	450	577	667	791	907	1072	1194	1274	1431	1583	1648	1726
CNOUR.g17358.t1	265	462	589	679	803	1271	1425	1586	1651	1729
CPLIC.g10000.t1	93	268	465	592	682	806	916	1081	1203	1440	1592	1657	1735
CREMA.FL82_21116-RA	265	363	459	676	1268	1425	1720
CSINI.Csp5_scaffold_00072.g3368.t1	265	363	459	676	800	1268	1425	1720
CSP21.g8760.t1	93	268	366	450	577	667	791	892	1057	1179	1259	1416	1568	1711
CSP26.g967.t1	265	363	459	676	800	1268	1425	1720
CSP28.g8235.t1	297	396	613	737	1359	1520	1585	1663
CSP29.g1613.t1	265	462	589	679	803	1271	1425	1586	1651	1729
CSP31.g8663.t1	24	199	297	393	520	610	734	835	1000	1122	1202	1359	1511	1576	1654
CSP32.g17432.t1	265	363	459	676	800	1268	1425	1577	1720
CSP34.Sp34_X0061600.t1	265	363	459	676	800	1268	1425	1720
CSP38.g11648.t1	90	265	459	586	904	1271	1428	1580	1723
CSP39.g20836.t1	265	363	459	676	800	1268	1422	1726
CSP40.g20053.t1	265	363	459	676	800	1268	1425	1720
CTROP.Csp11.Scaffold629.g13627.t1	265	363	459	676	800	1268	1425	1720
CVIRI.g10495.t1	90	363	459	586	676	800	901	1066	1188	1268	1425	1577	1642	1720
DCORO.DCO_006703	108	184	283	549	601	691	737	809	934	1032	1099	1301	1458	1632	1756
