CAFRA.g18893.t2	48	315	456	915
CANGA.Cang_2012_03_13_00281.g8423.t1	41	222	232	294	436	631	846	948	1085
CBREN.CBN01250	27	119	300	441	900	1037
CBRIG.CBG09958	41	222	363	828	965
CCAST.g2659.t2	30	113	294	373	435	577	792	894	1031
CDOUG.g2282.t1	48	140	321	462	921	1058
CELEG.K11H3.1b	48	137	318	459	486	945	1082
CJAPO.CJA14389	41	222	363	822	959
CKAMA.g4176.t1	24	116	297	438	897	1034
CLATE.FL83_18368-RA	98	279	420	447	906	1043
CMONO.g20141.t1	41	120	222	301	363	508	723	962
CNOUR.g13971.t1	12	101	282	423	882
CPLIC.g2598.t1	12	98	358	420	450	592	807	909
CREMA.FL82_15133-RA	45	137	318	459	918	1055
CSINI.Csp5_scaffold_00071.g3299.t1	41	222	363	822
CSP21.g15550.t2	41	222	505	720	852	989
CSP26.g14081.t1	48	134	315	456	915
CSP28.g4942.t1	41	222	363	822
CSP29.g20259.t1	41	222	363	822
CSP31.g13353.t2	60	140	219	321	462	604	819	921	1058
CSP32.g18044.t1	12	279	420	879
CSP34.Sp34_30203600.t1	12	104	285	426	885	1022
CSP38.g15746.t1	60	149	330	471	613	828	930
CSP39.g8549.t1	12	98	279	420	447	708	984	1026
CSP40.g3469.t1	41	222	363	822
CTROP.Csp11.Scaffold629.g9393.t1	41	222	363	822
CVIRI.g8336.t1	33	116	195	297	376	438	795	1034
DCORO.DCO_014587	41	120	222	301	363	508	624	723	855	919
