CAFRA.g5375.t1	398	555	682	805	936	1016	1379	1647	1743	2500	3171	3282	3443
CANGA.Cang_2012_03_13_00257.g7997.t3	98	176	420	547	670	804	881	1107	1182	1352	1643	1767	2032	2134	2317	3017
CBREN.CBN20430	97	228	308	686	954	1050	1861	2496	2669
CBRIG.CBG18446	94	225	305	671	933	1029	1822	2478	2586
CCAST.g5466.t2	218	471	585	712	835	969	1046	1272	1347	1517	1776	1962	2227	2557	2740	3452
CDOUG.g2023.t1	115	246	326	692	960	1056	1846	2502	2613	2786
CELEG.T08H4.1c	350	516	658	781	912	992	1370	1638	1734	2518	3165	3273	3440
CJAPO.CJA14516a	120	200	575	843	939	1720
CKAMA.g16121.t1	365	543	670	793	924	1004	1373	1641	1737	2509	3168	3270	3422
CLATE.FL83_09545-RA	8	377	639	735	1543
CMONO.g19833.t2	68	235	626	783	843	910	1033	1164	1244	1365	1590	1760	1923	2019	2205	2334	2473	2561	2702	2785	2974	3218	3501	3615	3824
CNOUR.g7406.t1	392	567	694	817	948	1028	1421	1689	1785	2566	3222	3330	3497
CPLIC.g8308.t1	120	197	828	924	1705	1882	2331	2504
CREMA.FL82_06696-RA	8	326	588	684	1492
CSINI.Csp5_scaffold_02046.g24579.t1	171	251	620	885	981	1113	1921	2577	2685	2849
CSP21.g16336.t1	112	223	298	363	468	631	727	913	1042	1178	1413	1502	1676	1767	1899	2161	2397
CSP26.g12661.t2	278	456	631	756	895	1018	1149	1229	1595	1857	1953	2746	3402	3510	3677
CSP28.g9045.t1	404	579	706	829	960	1040	1406	1674	1770	2551	3201	3309	3473
CSP29.g1540.t1	374	549	676	799	930	1010	1376	1644	1740	2521	3177	3285	3449
CSP31.g27269.t1	323	537	673	796	927	1004	1394	1499	1662	1758	2203	2518	2804	3276	3437
CSP32.g11396.t1	353	522	649	772	903	983	1352	1620	1716	2482	3150	3261	3416
CSP34.Sp34_20240100.t1	93	232	355	486	566	932	1200	1296	2077	2730	2841	3005
CSP38.g7070.t1	200	444	504	571	694	831	908	1134	1209	1379	1638	1824	2089	2404	3332
CSP39.g4975.t1	287	462	589	712	843	923	1289	1557	1653	2434	3084	3192	3356
CSP40.g14787.t1	118	249	329	695	957	1053	1846	2505	2613	2780
CTROP.Csp11.Scaffold500.g2267.t1	272	453	592	715	846	926	1298	1566	1662	2458	3111	3219	3392
CVIRI.g7307.t1	290	471	598	721	932	1298	1566	1662	1977	2455	2632	2744	3195
DCORO.DCO_003677	26	180	246	313	436	624	792	978	1148	1311	1407	1719	1858	2057	2362	2721	2838	3104
