CAFRA.g13237.t1	57	147	254	378	457	888
CANGA.Cang_2012_03_13_00324.g9222.t1	147	457	681	888
CBREN.CBN18241	147	254	378	457	888
CBRIG.CBG23018	147	254	378	457	633	888
CCAST.g2228.t1	147	457	681	888
CDOUG.g6847.t1	147	378	457	633	888
CELEG.F58F6.4	147	254	378	457	633	888
CJAPO.CJA12198	57	147	457	888
CKAMA.g18215.t1	255
CLATE.FL83_06493-RA	147	254	378	457	888
CMONO.g7714.t1	135	242	291	366	445	540	603	669	770	876
CNOUR.g12024.t1	57	147	254	378	457	888
CPLIC.g13284.t1	51	141	451	675	776	882
CREMA.FL82_19035-RA	147	254	378	457	888
CSINI.Csp5_scaffold_05737.g35498.t1	107	231	310	486	741
CSP21.g14462.t1	51	141	248	372	451	546	609	675	776	882
CSP26.g5626.t1	147	254	378	457	633	888
CSP28.g9186.t1	57	147	254	457	888
CSP29.g3564.t1	57	147	254	378	457	888
CSP31.g8010.t1	57	147	254	457	681	782	888
CSP32.g16258.t1	57	147	254	378	457	888
CSP34.Sp34_50014400.t1	147	254	378	457	888
CSP38.g8593.t1	48	138	448	672	879
CSP39.g1742.t2	57	147	254	378	457	888	933
CSP40.g11525.t1	135	242	366	445	621	876
CTROP.Csp11.Scaffold629.g14509.t1	147	254	378	457	888
CVIRI.g15241.t1	57	147	254	457	681	888
DCORO.DCO_015923	87	129	236	360	439	534	663	764	867
