CAFRA.g14122.t1	50	165	277	354	481	606
CANGA.Cang_2012_03_13_00023.g1442.t1	50	177	289	493	618
CBREN.CBN23495	50	165	277	354	481
CBRIG.CBG16169	50	165	277	354	481	606
CCAST.g13860.t1	50	177	289	493	618
CDOUG.g2356.t1	50	165	277	354	481	606
CELEG.B0416.3	50	168	280	357	484	579
CJAPO.CJA12306	50	165	277	354	481	606
CKAMA.g9873.t1	50	165	277	354	481	606
CLATE.FL83_02272-RA	50	165	277	354	481	606
CMONO.g3368.t1	56	159	271	348	475	600
CNOUR.g19543.t1	50	165	277	354	481	606
CPLIC.g7872.t1	53	168	280
CREMA.FL82_15427-RA	50	165	277	354	481	606
CSINI.Csp5_scaffold_00211.g7128.t1	50	165	277	354	481	606
CSP21.g16359.t2	38	141	253	330	457	582
CSP26.g163.t1	50	165	277	354	481	606
CSP28.g16426.t1	50	165	277	354	481	606
CSP29.g1755.t1	50	165	277	354	481	606
CSP31.g15287.t1	50	165	277	481	606
CSP32.g12141.t1	50	165	277	354	481	606
CSP34.Sp34_X0052600.t1	50	162	274	351	478	603
CSP38.g17920.t1	50	177	289	493	618
CSP39.g20017.t1	50	165	277	354	481	606
CSP40.g4789.t1	50	165	277	354	481	606
CTROP.Csp11.Scaffold629.g13418.t1	53	168	280	357	484	609
CVIRI.g6693.t1	50	162	274	351	478	603
DCORO.DCO_017185	77	108	281	384	496	573
