CAFRA.g17562.t1	61	189	391	579	618	930	1197
CANGA.Cang_2012_03_13_00648.g13127.t1	61	189	315	391	579	821	1035	1302
CBREN.CBN04524	61	189	391	579	618	930	1197
CBRIG.CBG00233	61	189	391	579	618	927	1194
CCAST.g13756.t1	61	189	315	391	579	924	1191
CDOUG.g7005.t1	61	189	391	579	930	1197
CELEG.C24A3.6.1	61	189	391	579	618	930	1197
CJAPO.CJA02576	61	189	391	618	921	1188
CKAMA.g11707.t1	61	189	391	579	618	918	1185
CLATE.FL83_03500-RA	61	189	391	579	618	927	1194
CMONO.g17778.t1	61	189	315	391	579	618	936	1078	1245
CNOUR.g22647.t1	61	189	391	579	618	924	1179
CPLIC.g9082.t1	61	189	315	391	618	930	1030	1194
CREMA.FL82_01906-RA	61	189	391	579	618	927	1194
CSINI.Csp5_scaffold_00034.g1879.t1	61	189	391	579	618	924	1191
CSP21.g8562.t1	61	189	315	391	579	618	918	1042	1212	1375
CSP26.g19554.t1	61	189	391	579	618	924	1191
CSP28.g5387.t1	61	189	391	579	618	915	1170
CSP29.g7245.t1	61	189	391	579	618	924	1179
CSP31.g17907.t1	61	189	318	394	582	621	930	1197
CSP32.g15022.t1	61	189	391	579	618	927	1194
CSP34.Sp34_X0182800.t1	61	189	391	579	618	921	1188
CSP38.g14369.t1	61	189	315	391	579	924	1024	1191
CSP39.g18516.t1	61	189	391	579	618	915	1167
CSP40.g23048.t1	61	189	391	579	618	927	1194
CTROP.Csp11.Scaffold630.g18706.t1	61	189	391	579	618	930	1197
CVIRI.g1982.t1	61	189	315	391	606	645	942	1042	1209
DCORO.DCO_010039	61	189	386	552	816	933	1066	1233
