CAFRA.g5010.t1	55	220	402	560	883	1044	1575	1778	1905	2040	2088	2149
CANGA.Cang_2012_03_13_00152.g5718.t1	52	217	397	517	809	1122	1412	1539
CBREN.CBN13460	58	223	563	1104	1838
CBRIG.CBG19796	55	220	560	895	1074	1968
CCAST.g17914.t1	52	217	557	880	1172	1485	1775	1902
CDOUG.g7879.t1	55	220	560	898	1059	1793
CELEG.Y105E8B.2a.1	55	220	560	898	1059	1793	1920
CJAPO.CJA19410	55	220	402	560	892	1584	1787	1914
CKAMA.g3764.t1	55	220	560	901	1062	1796	1923
CLATE.FL83_09173-RA	55	220	560	898	1059	1793	1920
CMONO.g2816.t1	76	241	322	423	581	695	786	868	1029	1132	1311	1375	1473	1560	1763	1890
CNOUR.g5541.t1	55	220	402	560	889	1050	1581	1784	1911
CPLIC.g4470.t1	64	229	569	816	892	1335	1497	1584	1914
CREMA.FL82_19647-RA	43	208	548	886	1047	1781	1908	2046
CSINI.Csp5_scaffold_00354.g9975.t1	55	220	560	898	1059	1920
CSP21.g6565.t1	58	223	304	402	560	674	807	874	1029	1132	1311	1375	1473	1560	1766	1893
CSP26.g5883.t1	55	220	560	895	1056	1917
CSP28.g6622.t1	55	220	402	560	889	1050	1581	1784	1911
CSP29.g19714.t1	55	220	402	560	889	1050	1581	1784	1911
CSP31.g6002.t1	61	226	408	566	813	895	1059	1503	1590	1793	1920
CSP32.g9238.t1	55	220	402	560	880	1041	1572	1775	1902
CSP34.Sp34_10008900.t1	55	220	560	901	1062	1796	1923
CSP38.g1772.t1	52	217	557	877	1169	1482	1772	1899
CSP39.g12378.t1	55	220	402	560	880	1041	1572	1775	1902
CSP40.g22327.t1	55	220	560	904	1065	1926
CTROP.Csp11.Scaffold630.g19027.t1	55	220	560	889	1050	1784	1911
CVIRI.g15514.t1	58	223	563	810	889	1050	1332	1494	1784
DCORO.DCO_006285	61	159	307	425	563	671	804	944	1041	1193	1323	1387	1485	1575	1772	1899
