CAFRA.g10626.t1	105	196	323	1211	2265
CANGA.Cang_2012_03_13_19383.g26228.t1	
CBREN.CBN10770	105	196	323	1211	1812	2265
CBRIG.CBG02534	105	196	323	1211	1575
CCAST.g3736.t1	108	199	529	882	1071	1178	1659	1770	2001	2089	2223
CDOUG.g958.t1	105	196	323	1211	1575	1812	2265
CELEG.F59G1.3	105	196	323	1211	1575	1812	2265
CJAPO.CJA16714	105	196	323	1208	1809	2262
CKAMA.g18875.t1	105	196	323	1211	1575	1812	2265
CLATE.FL83_04435-RA	105	196	323	1211	1575	1812	2265
CMONO.g7048.t1	90	181	308	515	577	707	834	930	1020	1110	1217	1290	1383	1494	1581	1818	1887	2049	2137	2271
CNOUR.g5615.t1	105	196	323	1211	1812	2265
CPLIC.g6372.t1	105	196	323	550	680	807	996	1086	1193	1266	1359	1548	1674	1785	2104	2238
CREMA.FL82_12060-RA	168	334	478	556	694	807	898	1025	1913	2277	2514	2967
CSINI.Csp5_scaffold_00105.g4436.t1	105	196	323	1214	1578	1815	2268
CSP21.g15905.t1	105	196	323	515	683	810	906	1002	1092	1199	1272	1365	1476	1563
CSP26.g2833.t1	105	196	323	1214	1578	1815	2268
CSP28.g13277.t1	105	196	323	1211	1575	2265
CSP29.g1166.t1	105	196	323	1211	1812	2265
CSP31.g14867.t2	99	190	317	514	867	1044	1151	1224	1515	1641	2077	2211
CSP32.g12984.t1	105	196	323	1211	2265
CSP34.Sp34_20119300.t1	105	196	323	1211	1575	1812	2265
CSP38.g9290.t1	105	196	547	900	1083	1190	1680	1791	2022	2110	2244	2438	2531
CSP39.g21879.t1	316	1362
CSP40.g9737.t1	105	196	323	1214	1578	1815	2268
CTROP.Csp11.Scaffold629.g16404.t1	105	196	323	1211	1575	1812	2265
CVIRI.g5081.t1	69	177	323	384	493	670	837	948	1039	1166	1402	1755	1938	2045	2211	2322	2409	2535	2646	2877	2965	3099
DCORO.DCO_004811	49	165	251	315	383	494	569	648	794	921	1104	1194	1301	1467	1578	1665	1788	1899	1968	2130	2247	2352	2484
