CAFRA.g11668.t1	123	180	261	458	1083
CANGA.Cang_2012_03_13_04318.g18761.t2	51	383
CBREN.CBN17712	108	162	240	322	416	801	1050
CBRIG.CBG01805	135	192	270	443	831	1080
CCAST.g4231.t1	111	1071
CDOUG.g21674.t1	123	180	258	349	449	834	1083
CELEG.JC8.6a	126	282	391	497	885	1131
CJAPO.CJA17046	126	183	267	355	1101
CKAMA.g4330.t1	126	183	267	358	461	849	1101
CLATE.FL83_19453-RA	129	183	261	346	443	831	1074
CMONO.g17527.t1	39	174	291	396	524	730	763	815	959	1047
CNOUR.g19856.t2	120	171	258	352	840	1089
CPLIC.g12253.t1	21	129	204	291	382	458	573	768	846	1004	1080
CREMA.FL82_03527-RA	129	183	261	355	452	840	1083
CSINI.Csp5_scaffold_00041.g2221.t1	141	198	276	361	452	840	1086
CSP21.g336.t1	75	167	373	474	563	674
CSP26.g15226.t1	138	216	310	407	795	1041
CSP28.g12111.t1	120	174	261	355	843	1092
CSP29.g3022.t1	120	171	258	343	831	1080
CSP31.g5287.t1	117	213	303	406	494	618	891	1055	1131
CSP32.g14424.t1	123	180	264	464	1089
CSP34.Sp34_40142000.t1	120	180	258	367	473	861	1110
CSP38.g5577.t1	132	491	1101
CSP39.g6469.t3	120	171	261	343	831	1080
CSP40.g2382.t3	135	201	279	367	458	846	1092
CTROP.Csp11.Scaffold589.g5064.t1	117	195	295	389	774	1023
CVIRI.g7586.t1	138	276	539	927	1073	1149
DCORO.DCO_012687	117	249	467	584	679	863	920	1013	1089
