CAFRA.g1916.t1	224	918	1359
CANGA.Cang_2012_03_13_00030.g1738.t1	182	804	924	1141
CBREN.CBN25972	224	903	1344
CBRIG.CBG15152	227	891	1011	1332
CCAST.g6149.t1	179	804	924	1141
CDOUG.g26122.t1	227	915	1035	1356
CELEG.Y92C3B.2a	230	526	685	918	1038	1359
CJAPO.CJA11843	81	233	900	1341
CKAMA.g13784.t1	230	903	1023	1344
CLATE.FL83_16781-RA	251	909	1029	1290
CMONO.g6532.t1	56	256	402	532	699	819	934	1033	1128
CNOUR.g12244.t1	221	885	1005	1326
CPLIC.g1227.t1	102	254	721	888	1008	1126	1225
CREMA.FL82_11593-RA	77	387	641	1308	1428	1659
CSINI.Csp5_scaffold_01414.g20775.t1	260	948	1068	1389
CSP21.g250.t2	96	203	611	838	984	1114	1281	1338	1458	1576	1675	1779
CSP26.g3448.t1	236	921	1041	1362
CSP28.g11089.t1	77	133	387	513	752	1440	1560	1881
CSP29.g429.t1	233	903	1023	1344
CSP31.g10962.t1	111	221	433	709	876	1213
CSP32.g10591.t1	236	933	1374
CSP34.Sp34_30317200.t1	236	918	1038	1359
CSP38.g7234.t1	188	819	1156
CSP39.g18071.t1	77	133	387	629	1296	1416	1737
CSP40.g5288.t1	245	924	1044	1365
CTROP.Csp11.Scaffold630.g20304.t1	72	192	513
CVIRI.g13799.t1	114	218	685	852	1189	1293
DCORO.DCO_010587	45	215	382	528	658	825	945	1066	1184	1269
