CAFRA.g9324.t1	159	272	517	957	1049
CANGA.Cang_2012_03_13_12083.g23559.t1	
CBREN.CBN10213	93	188	416	517	924	1016
CBRIG.CBG12610	93	197	425	737	936	1028
CCAST.g17356.t1	129	215	707	906
CDOUG.g7121.t1	228	329	730	822
CELEG.ZC328.2	93	188	416	520	737	936	1028
CJAPO.CJA04686	96	191	410	514	704
CKAMA.g3589.t1	17	245	346	560	759	851
CLATE.FL83_24125-RA	164	265	560	650
CMONO.g11264.t1	240	388	610	816	903	1181	1326	1373	1479
CNOUR.g17994.t1	17	242	536	735	827
CPLIC.g3935.t1	69	221	578	890
CREMA.FL82_17881-RA	87	137	356	457	780	872
CSINI.Csp5_scaffold_00087.g3855.t1	93	188	416	520	725	924	1016
CSP21.g641.t1	54	138	286	386	564	744	834	928	1010	1155	1247
CSP26.g3854.t1	93	188	416	520	725	924	1016
CSP28.g17024.t1	93	191	416	520	634	819	911
CSP29.g5223.t1	97	200	425	532	719	918	1010	1058
CSP31.g7714.t1	111	197	422	600	777	863
CSP32.g11996.t1	17	346	732	824
CSP34.Sp34_10325900.t1	93	188	416	520	728	927	1019
CSP38.g7610.t1	129	221	725	924
CSP39.g3791.t1	93	191	416	520	722	806	893
CSP40.g9394.t1	93	188	416	520	725	924	1016
CTROP.Csp11.Scaffold630.g20361.t1	93	188	416	921	1013
CVIRI.g14608.t1	6	170	337	431	722	921
DCORO.DCO_010637	144	268	424	618	678	905	1050	1212
