CAFRA.g2510.t1	106	204	344	444	638
CANGA.Cang_2012_03_13_00020.g1269.t1	210	350	450	644
CBREN.CBN10032	106	449	549	666	743
CBRIG.CBG16925	106	204	344	444	561	638
CCAST.g12654.t1	210	350	450	644
CDOUG.g14538.t1	106	204	344	444	561	638
CELEG.C05E7.1	62	175	273	413	513	630	707
CJAPO.CJA17533	85	183	323	423	540	617
CKAMA.g3303.t1	63	123	219	330	443	556	654	794	894	1011	1088
CLATE.FL83_00016-RA	106	204	344	444	561	638
CMONO.g9560.t1	100	198	338	438	555	632
CNOUR.g3376.t1	100	198	338	438	632
CPLIC.g5931.t1	100	198	438	632
CREMA.FL82_01300-RA	106	204	344	444	561	638
CSINI.Csp5_scaffold_00040.g2159.t1	106	204	344	444	561	638
CSP21.g9031.t1	100	201	341	441	558	635
CSP26.g13126.t1	106	204	344	444	561	638
CSP28.g14798.t1	100	198	338	438	632	787	909	1025	1113	1236	1368	1480	1561	1634	1644	1711	1837	1885	1960	2122	2244	2372
CSP29.g6515.t1	100	198	338	438	632	815	825	958	1080	1196	1284	1407	1539
CSP31.g17913.t1	100	198	338	555	632
CSP32.g4130.t1	106	204	344	444	638
CSP34.Sp34_X0219200.t1	106	204	344	444	561	638
CSP38.g20514.t1	210	350	450	644	795	913	1035	1151	1362	1494
CSP39.g15612.t1	100	198	338	438	632
CSP40.g938.t1	63	123	222	291	428	541	639	779	879	996	1073
CTROP.Csp11.Scaffold630.g18836.t1	255	395	495	612	689
CVIRI.g10998.t1	201	341	441
DCORO.DCO_018085	100	192	284	432	549	623
