CAFRA.g11455.t1	80	228	352	614	778
CANGA.Cang_2012_03_13_00651.g13161.t1	68	468	769
CBREN.CBN14262	80	228	352	614	778
CBRIG.CBG23309	80	228	352	614	778
CCAST.g3450.t1	68	468	769
CDOUG.g18047.t1	80	228	352	614	778
CELEG.F35B12.2	80	228	352	614	778
CJAPO.CJA13752b	71	219	346	650	814
CKAMA.g3672.t1	242	390	514	776	940
CLATE.FL83_15606-RA	80	228	352	614	778
CMONO.g13881.t1	65	213	331	456	593	757	863
CNOUR.g19988.t1	80	352	778
CPLIC.g7487.t1	68	216	340	602	766	872
CREMA.FL82_11408-RA	80	228	352	614	778
CSINI.Csp5_scaffold_00353.g9966.t1	80	228	352	614	778
CSP21.g6114.t1	56	204	331	456	593	696	757
CSP26.g10805.t1	80	228	352	614	778
CSP28.g1369.t1	80	352	581	745
CSP29.g18485.t1	80	352	614	778
CSP31.g22518.t1	80	352	614	778	884
CSP32.g10256.t1	80	228	346	608	772
CSP34.Sp34_50152700.t1	80	228	352	614	778
CSP38.g6438.t1	77	225	477	778
CSP39.g12580.t1	60	322	486
CSP40.g14399.t1	80	228	352	614	778
CTROP.Csp11.Scaffold629.g16607.t2	80	228	352	614	778
CVIRI.g12518.t1	80	228	352	614	778	884
DCORO.DCO_015349	56	204	328	453	590	754	860
