CAFRA.g16069.t1	91	198	331
CANGA.Cang_2012_03_13_00058.g2941.t1	115	442
CBREN.CBN21513	91	331
CBRIG.CBG14327	91	331
CCAST.g1635.t1	46	72	190	517
CDOUG.g192.t1	91	331
CELEG.R02E12.6.1	97	337
CJAPO.CJA16256b	91	331
CKAMA.g3086.t1	94	334
CLATE.FL83_00744-RA	91	331
CMONO.g12467.t1	94	198	331	418
CNOUR.g7355.t1	88	195	328
CPLIC.g1012.t1	207	340
CREMA.FL82_00937-RA	88	328
CSINI.Csp5_scaffold_00094.g4090.t1	88	328
CSP21.g9595.t1	82	189	322	409
CSP26.g11996.t1	88	328
CSP28.g13891.t1	88	328
CSP29.g14685.t1	88	195	328
CSP31.g9096.t1	109	349	436
CSP32.g11367.t1	88	195	328
CSP34.Sp34_X0262400.t1	97	337
CSP38.g10874.t1	144	192	301	628
CSP39.g26595.t1	88	328
CSP40.g20952.t1	88	328
CTROP.Csp11.Scaffold630.g18261.t1	94	334
CVIRI.g1011.t1	82	189	322
DCORO.DCO_021345	49	144	277	364
