CAFRA.g19320.t1	118	303	458	717	932
CANGA.Cang_2012_03_13_00069.g3325.t1	118	303	518
CBREN.CBN18617	118	303	458	717	810	932
CBRIG.CBG08377	118	303	458	717	810	932
CCAST.g7807.t1	118	303	458	587	597	812
CDOUG.g18856.t1	118	303	458	717	810	932
CELEG.R10H10.5	118	303	458	717	810	932
CJAPO.CJA08931	147	302	561	654	776
CKAMA.g13915.t1	118	303	458	669	762
CLATE.FL83_18219-RA	118	303	458	717	810	932
CMONO.g18218.t1	49	292	348	477	632	761	891	984	1106
CNOUR.g5883.t1	118	303	458	717	810	932
CPLIC.g11281.t1	118	303	458	587	717	810	932
CREMA.FL82_03106-RA	118	303	458	717	810	923
CSINI.Csp5_scaffold_01619.g22113.t1	118	303	458	717	810	932
CSP21.g1620.t1	118	174	303	458	591	746	875	1005	1098	1220
CSP26.g8860.t1	118	303	458	717	810	932
CSP28.g12597.t1	133	256	441	596	855	948	1070
CSP29.g3419.t1	118	303	458	717	810	932
CSP31.g5373.t1	118	303	458	717	932
CSP32.g797.t1	118	303	458	717	932
CSP34.Sp34_40078500.t1	118	303	458	717	810	932
CSP38.g17344.t1	118	303	458	587	717	932
CSP39.g4730.t1	118	303	458	717	810	932
CSP40.g15076.t1	118	303	458	717	810	932
CTROP.Csp11.Scaffold630.g17767.t2	118	303	458	717	810	932
CVIRI.g8292.t1	118	303	458	587	717	810	932
DCORO.DCO_014637	118	174	303	458	587	636	717	828	932	969
