CAFRA.g487.t1	66	115	177	260	411
CANGA.Cang_2012_03_13_00836.g14489.t1	122	273
CBREN.CBN23916	116
CBRIG.CBG21512	122	273
CCAST.g14520.t1	66	130	308	459
CDOUG.g21423.t1	29
CELEG.Y57G11C.12b.1	273
CJAPO.CJA08541	29	180
CKAMA.g8551.t1	122	273
CLATE.FL83_15903-RA	122	273
CMONO.g13559.t1	105
CNOUR.g21697.t1	66	115	177	299	450
CPLIC.g9699.t1	29	180
CREMA.FL82_04919-RA	122	273
CSINI.Csp5_scaffold_00908.g16653.t1	122	273
CSP21.g2970.t1	29	180
CSP26.g9468.t1	122	273
CSP28.g7749.t1	122	273
CSP29.g2737.t1	122	273
CSP31.g15839.t1	29	180
CSP32.g652.t1	29	180
CSP34.Sp34_40182400.t1	66	115	177	260
CSP38.g8309.t1	66	196	293	444
CSP39.g6574.t1	66	115	221	290	441
CSP40.g22215.t1	29	180
CTROP.Csp11.Scaffold630.g21261.t1	116
CVIRI.g4188.t1	29	180
DCORO.DCO_023361	125	276
