CAFRA.g7631.t1	77	185	261	355	404	517	649	716	874	1031	1202	1329
CANGA.Cang_2012_03_13_00071.g3379.t1	80	136	442	770	897
CBREN.CBN22066	37	86	196	334	422	580	737	908	1039
CBRIG.CBG16006	77	185	261	355	404	511	649	731	913	1070	1241	1368
CCAST.g8619.t1	398	454	799	1127	1254
CDOUG.g3466.t1	77	185	261	355	404	514	655	743	904	1061	1232	1359
CELEG.F59F4.3	77	185	261	355	404	514	658	728	916	1073	1244	1371
CJAPO.CJA03411a	77	185	355	404	523	640	725	874	1031	1202	1329
CKAMA.g10188.t1	38	114	208	260	373	484	581	742	899	1070	1197
CLATE.FL83_02184-RA	77	185	261	355	404	514	658	752	940	1097	1268	1395
CMONO.g6158.t1	71	179	255	280	433	532	590	667	824	995	1122
CNOUR.g22452.t1	77	185	261	355	404	514	658	746	925	1082	1253	1380
CPLIC.g6945.t1	37	86	238	370	449	586	743	914	1041
CREMA.FL82_15348-RA	77	185	261	355	404	514	658	752	940	1097	1268	1395
CSINI.Csp5_scaffold_00008.g555.t1	56	146	254	330	424	473	592	733	988	1103	1274	1396
CSP21.g4092.t1	71	179	255	325	398	570	622	758	923	1050
CSP26.g9426.t1	77	185	261	355	404	514	637	883	1040	1211	1338
CSP28.g13792.t1	180	274	323	430	574	668	829	986	1157	1284
CSP29.g14020.t1	77	185	261	355	404	514	652	743	922	1079	1250	1377
CSP31.g15390.t1	77	261	355	407	499	625	716	862	1019	1190	1317
CSP32.g18159.t1	77	185	261	355	404	517	649	719	877	1034	1205	1332
CSP34.Sp34_X0037600.t1	77	185	261	355	404	514	658	725	886	1043	1214	1341
CSP38.g19021.t1	261	398	454	781	938	1109	1236
CSP39.g7659.t1	77	185	261	355	404	505	649	740	895	1223	1350
CSP40.g4718.t1	77	185	261	355	404	514	655	907	1064	1235	1362
CTROP.Csp11.Scaffold629.g13494.t2	77	185	261	355	404	514	661	731	892	1049	1220	1347
CVIRI.g1356.t1	77	185	261	355	407	511	649	716	762	862	1019	1190	1317
DCORO.DCO_008801	71	182	373	452	556	691	769	842	915	1024	1181	1352	1492
