CAFRA.g5362.t1	180	308	785	1044	1209	1341	1476	2140	2295	4369	4540	5010	5190
CANGA.Cang_2012_03_13_00525.g11863.t2	138	266	743	1002	1137	1512	2149	2219	3057	3870	4704	4907	5455	5605	6060
CBREN.CBN11521	150	278	755	1014	1179	1452	2101	2256	2537	3405	3562	3724	4182	4347
CBRIG.CBG00979	147	275	512	731	990	1155	1290	1425	2080	2235	4149	4306	4477	4938	5118
CCAST.g5426.t1	111	239	716	975	1140	1521	2331	3183	3755	4312	4462	4914	5094
CDOUG.g19634.t1	150	278	755	1014	1179	1449	2101	2256	4170	4327	4498	4959	5139
CELEG.K04B12.1	150	278	755	1014	1179	1314	1449	2107	2262	3027	4122	4279	4450	4917	5097
CJAPO.CJA03785	177	305	782	1041	1206	1341	2149	2304	4218	4375	4546	5010	5190
CKAMA.g18330.t1	23	500	759	924	1059	1864	2019	3933	4090	4261	4728	4908
CLATE.FL83_04672-RB	168	296	773	1032	1197	1332	1467	2128	4197	5100	5280
CMONO.g17681.t1	105	325	535	710	796	966	1131	1257	1392	1503	1685	1770	1917	2065	2217	2385	2526	2607	2802	2975	3079	3262	3378	3528	3732	4014	4125	4279	4441	4902	4974	5082	5166
CNOUR.g7421.t1	162	290	767	1026	1191	1326	1461	2131	2286	4200	4357	4528	4995	5175
CPLIC.g4782.t1	126	254	737	823	917	996	1161	1290	1425	1533	1715	1806	2086	2238	2406	2628	2996	3183	3549	3756	3909	4038	4306	4465	4646	4920	5100
CREMA.FL82_23057-RA	168	296	773	1032	1197	1332	1467	2128	4197	4354	4525	4986	5166
CSINI.Csp5_scaffold_00386.g10539.t2	147	275	752	1011	1176	1311	2179	2334	4248	4402	4573	5034	5214
CSP21.g7177.t1	48	123	251	343	556	731	817	911	990	1155	1281	1416	1527	1709	1794	1941	2083	2235	2323	2403	2544	2823	2996	3183	3283	3399	3549	3747	3900	3954	4108	4273	4469	4596	4743	4815	4923	5007
CSP26.g5086.t1	141	269	746	1005	1170	1305	1440	2101	2256	4170	4327	4498	4959	5139
CSP28.g9058.t1	156	284	586	761	1020	1185	1320	1455	2125	2280	4194	4351	4522	4989	5169
CSP29.g8063.t1	162	290	767	1026	1191	1326	1461	2131	2286	4200	4357	4528	4995	5175
CSP31.g12009.t1	168	296	598	773	1032	1197	1326	1461	1572	1760	2307	3252	3468	3828	4221	4378	4537	5004	5184
CSP32.g16015.t1	180	308	785	1044	1209	1338	1473	2137	2292	4366	4537	5007	5187
CSP34.Sp34_20167810.t1	165	293	770	1029	1194	1329	1464	2152	2307	4218	4375	4546	5034	5214
CSP38.g12391.t1	114	725	984	1149	1530	3174	4294	4444	4619	4893	5073
CSP39.g7460.t1	165	293	770	1029	1194	1329	2134	2289	4203	4360	4531	5178
CSP40.g2272.t1	13	53	530	789	954	1089	1224	1870	2025	4093	4264	4719	4899
CTROP.Csp11.Scaffold606.g5714.t2	153	281	758	1017	1182	1455	2092	2247	2598	4023	4180	4351	4809	4989
CVIRI.g5831.t1	153	281	583	758	844	1020	1185	1311	1446	1557	1745	1977	2122	2445	3139	3222	3438	3792	3945	4074	4185	4342	4516	4709	4983	5163	5247
DCORO.DCO_002457	42	147	276	364	515	574	692	749	835	999	1164	1293	1428	1539	1644	1806	1964	2089	2244	2412	2553	2634	2829	2987	3085	3165	3259	3366	3516	3631	3714	3882	4011	4122	4273	4420	4613	4734	4881	5055	5139
