CAFRA.g14145.t1	102	680
CANGA.Cang_2012_03_13_00087.g3930.t1	217	428	1740
CBREN.CBN23585	102	428	680	786	1140
CBRIG.CBG16133	102	428	680	1140
CCAST.g19269.t1	217	428	1140	1350
CDOUG.g2380.t1	102	428	680	786	1140
CELEG.ZK899.2	102	428	680	786	1140
CJAPO.CJA01472	102	428	1140
CKAMA.g9894.t1	102	428	680	1140
CLATE.FL83_02247-RA	102	428	786	1140
CMONO.g2602.t1	102	217	318	413	548	665	771	868	933	996	1086	1169	1248	1296
CNOUR.g12507.t1	102	428	680	786	1140
CPLIC.g12220.t1	102	217	333	428	563	883	987	1140	1302
CREMA.FL82_15402-RA	102	428	786	1140
CSINI.Csp5_scaffold_00011.g758.t2	102	428	680	786
CSP21.g13958.t1	102	217	428	563	680	786	987	1140	1223
CSP26.g141.t1	102	428	680	786	1140
CSP28.g8018.t1	102	428	680	786	1140
CSP29.g1803.t1	102	428	680	786	1140
CSP31.g15333.t1	102	680	987	1140	1347
CSP32.g7086.t1	680
CSP34.Sp34_X0055100.t1	102	428	680	786	1140	1355
CSP38.g5444.t1	217	428	786	1140	1338
CSP39.g18098.t1	102	428	786	1140
CSP40.g4768.t1	102	428	680	786	1140
CTROP.Csp11.Scaffold629.g13438.t1	102	680	1140
CVIRI.g254.t1	217	333	563	680	1140	1302	1401
DCORO.DCO_010871	102	217	333	563	680	883	987	1053	1143	1226	1305
