CAFRA.g14985.t1	108	217	407	557	648	937	998	1086	1201	1272	1713	1790
CANGA.Cang_2012_03_13_00436.g10830.t2	189	301	897	957	1032	1216	1480	1541	1576	1879	2153	2268	2477
CBREN.CBN24433	108	217	401	551	642	943	1004	1204	1275	1716	1793
CBRIG.CBG14124	108	217	404	554	645	810	1007	1281	1722	1799
CCAST.g12700.t1	177	289	723	1024	1085	1297	1571	1686	1794	1871
CDOUG.g1523.t1	108	217	401	551	642	807	943	1004	1207	1278	1719	1796
CELEG.C33D12.6	108	217	404	554	645	810	1052	1282	1347	1788	1865
CJAPO.CJA02453	108	217	404	554	645	1073	1161	1282	1335	1776	1853
CKAMA.g1139.t1	108	217	404	554	645	810	946	1007	1095	1210	1275	1716	1793
CLATE.FL83_00904-RA	108	217	404	554	645	810	946	1007	1210	1281	1722	1799
CMONO.g13208.t1	108	217	309	401	477	551	642	807	943	1004	1092	1222	1287	1423	1505	1620	1731	1808
CNOUR.g6762.t1	108	217	404	554	810	946	1007	1095	1290	1731	1808
CPLIC.g3386.t1	108	217	425	501	575	666	831	967	1028	1116	1234	1302	1520	1743	1820
CREMA.FL82_00763-RA	108	217	404	554	645	750	814	875	1078	1149	1590	1667
CSINI.Csp5_scaffold_00046.g2409.t1	108	229	413	563	654	819	1016	1219	1290	1731	1808
CSP21.g9511.t1	102	211	291	380	456	530	621	922	983	1071	1183	1254	1390	1472	1587	1695	1772
CSP26.g12382.t1	108	217	401	551	642	807	943	1004	1207	1278	1719	1796
CSP28.g9728.t1	108	217	410	560	816	952	1013	1101	1222	1734	1811
CSP29.g11628.t1	108	217	404	554	810	946	1007	1095	1290	1731	1808
CSP31.g8624.t1	151	338	488	579	744	941	1029	1156	1230	1671	1748
CSP32.g16713.t1	108	217	404	554	645	934	995	1083	1198	1269	1710	1787
CSP34.Sp34_X0277400.t1	132	329	532	603	1044	1121
CSP38.g8398.t1	165	274	470	1012	1073	1279	1553	1668	1776	1853
CSP39.g19115.t1	108	217	404	554	810	946	1095	1219	1731	1808
CSP40.g19010.t1	108	217	401	551	642	807	943	1004	1207	1278	1719	1796
CTROP.Csp11.Scaffold629.g16545.t1	108	217	398	548	639	804	969	1105	1166	1440	1881	1958
CVIRI.g138.t1	108	217	407	557	648	813	1010	1098	1296	1629	1737	1814
DCORO.DCO_006625	108	217	345	431	581	672	837	973	1034	1122	1252	1338	1556	1671	1776	1853
