CAFRA.g13863.t1	130	450	585	675	934	1090	1212	1279
CANGA.Cang_2012_03_13_00221.g7309.t2	130	218	585	645	904	1045	1222
CBREN.CBN21939	130	218	450	585	844	1000	1174
CBRIG.CBG14483	130	218	450	585	693	952	1108	1282
CCAST.g14291.t1	17	148	236	603	663	922	1063	1231
CDOUG.g105.t1	130	218	450	585	723	982	1138	1312
CELEG.C07A12.7a.1	130	218	585	687	946	1102	1279
CJAPO.CJA10663	20	151	239	606	708	967	1123	1230	1297
CKAMA.g3143.t1	130	218	450	585	705	964	1120	1294
CLATE.FL83_00655-RA	130	218	450	585	684	943	1099	1273
CMONO.g2496.t1	32	163	251	483	618	678	780	928	1114	1206	1270
CNOUR.g5507.t1	20	151	239	471	606	696	955	1111	1221	1288
CPLIC.g6147.t1	248	379	467	699	834	909	1020	1168	1324	1425	1492
CREMA.FL82_01040-RA	130	218	450	585	684	943	1099	1273
CSINI.Csp5_scaffold_00006.g451.t1	130	450	585	1057	1216	1390	1421
CSP21.g12005.t1	11	142	350	597	666	777	925	1060
CSP26.g10929.t1	130	450	585	684	943	1099	1273
CSP28.g9850.t1	130	218	450	585	711	970	1126	1245	1312
CSP29.g11505.t1	130	218	450	585	675	934	1090	1200	1267
CSP31.g8930.t1	130	218	450	585	675	934	1090	1276
CSP32.g8436.t1	20	151	471	606	696	955	1111	1230	1297
CSP34.Sp34_X0254800.t1	20	151	239	606	690	949	1105	1279
CSP38.g12249.t1	17	148	236	603	660	919	1060	1234
CSP39.g26666.t1	20	151	239	471	606	699	958	1114	1233	1300
CSP40.g12454.t1	20	151	471	606	711	970	1126	1300
CTROP.Csp11.Scaffold622.g6259.t1	20	151	606	708	967	1123	1300
CVIRI.g2437.t1	20	151	239	606	675	934	1093	1203	1267
DCORO.DCO_011615	133	221	366	453	588	639	747	895	1090	1203	1267
