CAFRA.g16057.t1	156	237	364	455	573
CANGA.Cang_2012_03_13_00156.g5817.t1	38	237	448	543	595
CBREN.CBN08837	186	273	400	491	606	715
CBRIG.CBG14306	60	182	426	513	640	731	846	955
CCAST.g15338.t1	69	203	402	613	704	819	871
CDOUG.g10317.t1	60	182	426	513	640	731	846	958
CELEG.F47F2.3	198	285	412	503	618	727
CJAPO.CJA03102	71	303	393	520
CKAMA.g3070.t1	51	173	408	495	622	713	831	937
CLATE.FL83_00758-RA	60	182	423	510	637	728	843	955
CMONO.g3846.t1	48	179	357	441	568	659	774	883
CNOUR.g7372.t1	71	297	387	514	605	723	829
CPLIC.g3242.t1	54	176	387	471	683	789
CREMA.FL82_00924-RA	60	182	423	510	637	687	799
CSINI.Csp5_scaffold_00336.g9651.t1	60	182	391	435	562	653	768	880
CSP21.g10111.t1	48	191	354	429	550	641	747	847
CSP26.g12592.t1	60	182	417	504	631	722	837	949
CSP28.g10390.t1	71	297	387	505	596	714	832
CSP29.g14671.t1	51	173	399	489	616	707	825	931
CSP31.g15974.t1	71	291	375	593	802
CSP32.g357.t1	57	179	408	489	616	707	825
CSP34.Sp34_X0263900.t1	71	309	396	523	614	729	838
CSP38.g10939.t1	69	197	387	595	686	801	856
CSP39.g26582.t1	60	182	408	498	716	834	940
CSP40.g22442.t1	60	182	420	507	634	725	834	946
CTROP.Csp11.Scaffold630.g18242.t3	71	312	396	523	614	729	847
CVIRI.g7245.t1	51	173	387	468	595	686	807	907
DCORO.DCO_014919	54	99	369	462	613	734	755
