CAFRA.g4512.t1	102	174	340	489	625
CANGA.Cang_2012_03_13_00713.g13627.t1	102	174	246	382
CBREN.CBN25380	102	174	340	489	625
CBRIG.CBG11023	102	174	340	489	625
CCAST.g14003.t1	102	174	340	489	625
CDOUG.g8294.t1	102	174	340	489	625
CELEG.T08A9.3	102	174	340	489	625
CJAPO.CJA12622	102	174	340	489	625
CKAMA.g3413.t1	4	160	412	1582	1676	2318	2509	2616	2656	2893	2973	3141	3246	3320	4059	4215	4465	4707	5572	6617	6808	7264	7349	7452	7524	7690	7839	7975
CLATE.FL83_00199-RA	102	174	340	489	625
CMONO.g18539.t1	123	195	361	510	646
CNOUR.g3754.t1	102	174	340	489	625
CPLIC.g7008.t1	102	174	340	489	625
CREMA.FL82_01492-RA	102	174	340	489	625
CSINI.Csp5_scaffold_00022.g1335.t1	102	174	340	509	649
CSP21.g13374.t1	102	174	340	489
CSP26.g6541.t1	102	174	340	489	625
CSP28.g3290.t1	102	174	340	489	739	867	949	1077
CSP29.g4235.t1	102	174	340	489	625
CSP31.g14043.t1	174	340	489
CSP32.g1756.t1	102	174	340	489	625
CSP34.Sp34_X0203000.t1	102	174	340	489	625
CSP38.g17268.t1	102	174	340	489	625
CSP39.g26932.t1	39	111	277
CSP40.g21261.t1	102	174	340	489	625
CTROP.Csp11.Scaffold629.g12490.t1	45	211	360
CVIRI.g17024.t1	102	174	340	489
DCORO.DCO_017227	49	237	403	546	688
