CAFRA.g11732.t2	77	154	222	366	441	590	726	976	1044
CANGA.Cang_2012_03_13_00071.g3385.t1	109	180	296	432	558
CBREN.CBN16591	40	108	252	327	443	579	865	921
CBRIG.CBG10835	68	139	213	357	432	548	684	970	1041
CCAST.g15896.t1	36	174	249	365	501	621
CDOUG.g1269.t1	68	139	207	351	426	542	678	928	990
CELEG.F22A3.5	68	139	207	351	426	542	678	931	1002
CJAPO.CJA00759	68	139	396	471	587	723	946	1017
CKAMA.g3498.t1	68	139	207	351	426	542	678	913	984
CLATE.FL83_00335-RA	68	139	207	351	426	542	678
CMONO.g12275.t1	68	139	204	345	420	536	672	757	807
CNOUR.g3868.t1	68	139	207	351	426	542	678	928	996
CPLIC.g8823.t1	27	143	279	400	480
CREMA.FL82_01669-RA	68	139	207	351	426	542	678	934
CSINI.Csp5_scaffold_00292.g8812.t1	71	142	216	360	435	551	687	973	1044
CSP21.g12107.t1	68	139	204	345	420	536	672	829	873
CSP26.g6787.t2	71	142	210	354	429	545	681	967	1038
CSP28.g12402.t1	68	139	207	351	426	542	678	937	1005
CSP29.g4054.t1	68	139	207	351	426	542	678	940	1008
CSP31.g26496.t1	65	136	204	345	420	536	672	904	963
CSP32.g284.t1	77	154	222	366	441	557	693	952	1020
CSP34.Sp34_X0190200.t1	68	139	207	351	426	542	678	934	1005
CSP38.g19015.t1	68	139	207	348	423	539	675	784	816
CSP39.g29020.t1	68	139	207	351	426	542	678	919	987
CSP40.g15703.t2	71	142	210	354	429	545	681	967	1038
CTROP.Csp11.Scaffold626.g6418.t1	68	139	207	351	426	542	678	937	1008
CVIRI.g16275.t1	68	139	351	426	542	678	814
DCORO.DCO_016177	38	109	174	315	390	506	642	709	846
