CAFRA.g11309.t1	168	255	393	1119
CANGA.Cang_2012_03_13_00220.g7284.t2	276	414	548	744	1044	1134
CBREN.CBN14219	159	246	384	1110
CBRIG.CBG27085	159	246	384	1110
CCAST.g3123.t1	204	338	534	834	924
CDOUG.g8751.t1	159	246	384	1110
CELEG.R186.6	159	246	384	1110
CJAPO.CJA15977	159	246	384	1113
CKAMA.g1063.t1	138	225	363	1089
CLATE.FL83_07688-RA	159	246	384	1110
CMONO.g5335.t1	192	264	399	539	638	853	960	1122
CNOUR.g7790.t1	130	362	701	778	942	1029	1167	1893
CPLIC.g7082.t1	171	267	417	668	765	883	990	1062	1152
CREMA.FL82_15866-RA	159	246	384	1110
CSINI.Csp5_scaffold_00409.g10946.t2	159	246	384	1110
CSP21.g4763.t1	261	321	557	654	879	951	1041
CSP26.g20103.t1	159	246	384	1110
CSP28.g16359.t1	162	249	387	1113
CSP29.g21216.t1	130	362	701	778	942	1029	1167	1893
CSP31.g18643.t1	186	273	411	1041	1131
CSP32.g17536.t1	171	258	284	302	906
CSP34.Sp34_50276700.t1	159	246	384	1110
CSP38.g8229.t1	189	276	414	647	1044	1134
CSP39.g8127.t1	162	249	387	1113
CSP40.g9487.t1	159	246	384	1110
CTROP.Csp11.Scaffold629.g10796.t2	159	297	1023
CVIRI.g7487.t1	156	243	381	942	1014	1104
DCORO.DCO_011859	33	99	198	264	399	545	644	741	859	966	1128	1202
