CAFRA.g17979.t1	72	1500	1746	2124	4839	4974	5272
CANGA.Cang_2012_03_13_00300.g8800.t1	15	481	1624	1755
CBREN.CBN03395	369	615	993	1368	1993	2183	2303	2619	3081	3231	3532
CBRIG.CBG16531	117	582	696	828	1611	1857	2235	2610	2984	3235	3425	3614	4911	5395
CCAST.g2888.t1	54	375	621	815	1087	2230	2397	3374	4383	4572
CDOUG.g10814.t1	117	407	528	642	774	1557	1803	2181	2556	2930	3181	3371	3560	4878	5028	5338
CELEG.C27F2.8	96	386	507	753	1536	1782	2160	2909	3160	3350	3539	4890	5040	5338
CJAPO.CJA13525	108	395	516	630	762	1240	1397	1545	1791	2169	2544	2918	3169	3359	3548	4914
CKAMA.g8661.t1	102	389	510	624	756	1539	1785	2163	2538	2912	3163	3353	3542	4872	5031	5317
CLATE.FL83_12477-RA	117	407	528	642	774	1557	1803	2181	2556	2930	3181	3371	3560	4869	5013	5290
CMONO.g12027.t1	78	257	353	474	588	720	804	911	1013	1086	1186	1346	1494	1665	1740	2034	2124	2257	2332	2499	2586	2721	2849	2951	3100	3290	3479	3637	3813	3895	3980	4107	4228	4401	4522	4662	4798
CNOUR.g2402.t1	66	471	585	762	1195	1352	1500	1746	2124	2499	2637	2873	3124	3314	3503	4599	4737	5032
CPLIC.g5234.t1	66	320	441	687	1059	1316	1635	1863	2299	3443	3604	4719	4861
CREMA.FL82_10133-RA	147	437	558	672	804	1587	1833	2211	2586	2960	3211	3401	3590	4899	5046	5323
CSINI.Csp5_scaffold_00009.g626.t2	147	425	546	660	792	1575	1821	2199	2574	2948	3199	3389	3578	4881	5025	5296
CSP21.g11017.t1	21	192	267	420	561	648	866	1161	1370	1472	1621	1811	2000	2161	2486	2666	2758	2949	3198
CSP26.g18631.t1	108	386	507	621	753	1533	1779	2157	2532	2906	3157	3347	3536	4827	4971	5242
CSP28.g9983.t1	78	192	324	757	914	1062	1308	1530	1905	2909	4197	4338	4657
CSP29.g10762.t1	66	471	585	762	1195	1317	1563	1941	2316	2454	2690	2941	3026	4080	4218	4507
CSP31.g20022.t1	111	374	495	609	741	941	1367	1515	1686	1761	2139	2601	2888	3139	3329	3518	5050
CSP32.g1241.t1	114	1545	1791	2169	4944	5079	5362
CSP34.Sp34_30053500.t1	108	398	519	633	765	1551	1797	2175	2550	2924	3175	3365	3554	4899	5049	5338
CSP38.g6198.t1	126	377	498	744	938	1213	1373	1521	1692	2356	2523	3121	3500	4503	4692	5053
CSP39.g7273.t1	111	383	504	618	750	1228	1385	1779	2157	2532	2906	3157	3347	3536	4806	4947	5272
CSP40.g3036.t1	108	386	507	621	1530	1776	2154	2529	2903	3154	3344	3533	4490	4782	4926	5200
CTROP.Csp11.Scaffold629.g14387.t1	117	398	519	633	765	1548	1794	2172	2547	2921	3172	3362	3551	4854	4998	5281
CVIRI.g2121.t1	299	404	525	639	771	855	971	1073	1249	1409	1728	1803	1956	2184	2392	2646	3157	3347	3536	4012	4734	4935
DCORO.DCO_002343	138	407	605	840	972	1056	1277	2769	2991	3218	3557	3746	3949	4085	4183	4337	4422	4803	5254	5541	5695	5974
