CAFRA.g5230.t1	216	609	777	861	1259	1363	1533	1793	1943	2244	2337
CANGA.Cang_2012_03_13_00318.g9108.t1	579	1001	1398	1587
CBREN.CBN21575	129	218	492	749	899	1200	1293
CBRIG.CBG05657	126	240	329	603	1013	1314	1407
CCAST.g17036.t1	579	1001	1398	1587
CDOUG.g6603.t1	114	243	332	606	866	1016	1317	1410
CELEG.C06H5.6a	123	252	341	445	615	872	1037	1338	1431
CJAPO.CJA00358b	120	237	326	430	600	857
CKAMA.g8391.t1	129	218	322	480	737	905	1206
CLATE.FL83_14221-RA	126	191	722	852	1089	1123
CMONO.g18440.t1	192	315	386	487	657	755	854	914	1064	1276	1368	1461	1557
CNOUR.g20830.t1	117	237	326	430	600	857	1016	1320	1413
CPLIC.g12286.t1	105	225	412	582	779	839	1001	1213	1302	1395	1491	1578
CREMA.FL82_12889-RA	126	161	692	816	1068	1161
CSINI.Csp5_scaffold_00845.g16030.t1	126	243	332	606	1025	1326	1419
CSP21.g2256.t1	49	141	341	448	618	716	815	875	1034	1246	1335	1428	1524
CSP26.g2403.t1	129	246	335	609	1019	1320	1413
CSP28.g6033.t1	117	237	326	430	600	857	1016	1320	1413
CSP29.g19084.t1	210	378	597	729	849	938	1042	1212	1469	1628	1932	2025
CSP31.g3798.t1	243	430	600	857	1019	1320
CSP32.g4676.t1	159	279	368	472	642	902	1055	1356	1449
CSP34.Sp34_50406120.t1	255	344	448	618	875	1040	1434
CSP38.g8931.t1	111	231	317	588	1007	1401	1497
CSP39.g7522.t1	117	237	326	430	600	857	1016	1320	1413
CSP40.g23408.t1	126	243	332	606	1016	1317	1410
CTROP.Csp11.Scaffold630.g21869.t2	120	237	326	600	857	1010	1311	1404
CVIRI.g10036.t1	117	237	323	424	594	851	1010	1311
DCORO.DCO_007445	42	165	291	371	478	648	746	845	905	1064	1194	1276	1458	1674
