CAFRA.g18223.t1	151	276	528	705	808	1125	1540	1628	1707	1802	1897	2064	2237
CANGA.Cang_2012_03_13_00002.g238.t1	303	480	900	1296	1620	1921	2088	2255
CBREN.CBN11287	151	276	528	705	995	1540	1628	1707	2047	2214	2387
CBRIG.CBG14773	151	276	528	705	995	1540	1628	1731	2056	2223	2396
CCAST.g14753.t1	154	531	708	1128	1386	1710	2005	2172	2339
CDOUG.g5552.t1	151	276	528	705	995	1540	1628	1707	2053	2220	2393
CELEG.F49E10.2b	151	276	528	705	995	1540	1628	1707	2029	2196	2369
CJAPO.CJA14366b	151	276	528	631	818	948	1451	1530	1807	1974	2135
CKAMA.g3563.t1	151	276	528	705	808	995	1540	1628	1707	2047	2214	2387
CLATE.FL83_00447-RA	151	276	528	705	808	995	1540	1628	1707	2053	2220	2393
CMONO.g15598.t1	145	270	384	561	664	851	981	1058	1143	1339	1407	1503	1676
CNOUR.g13233.t2	151	276	528	705	808	995	1125	1540	1628	1707	2047	2214	2387
CPLIC.g6601.t1	145	270	522	699	802	989	1119	1701	2181	2354
CREMA.FL82_01796-RA	151	276	398	507	610	797	1342	1430	1509	1858	2025	2198
CSINI.Csp5_scaffold_00459.g11653.t1	151	276	528	705	995	1540	1628	2110	2277	2450
CSP21.g12650.t1	172	297	549	726	1016	1146	1293	1404	1561	1731	1981	2049	2145	2315
CSP26.g7782.t2	151	276	528	705	995	1540	1628	1707	2035	2202	2375
CSP28.g10555.t1	151	276	528	705	808	995	1125	1540	1632	1981	2148	2321
CSP29.g3955.t1	151	276	528	705	808	995	1125	1540	1628	1707	2044	2211	2384
CSP31.g16043.t2	157	282	534	711	1001	1131	1546	1634	1713	1743	1807	1974	2153
CSP32.g189.t2	151	276	528	705	808	1125	1540	1628	1707	2062	2229	2402
CSP34.Sp34_X0232900.t1	151	276	528	705	808	995	1540	1628	1707	2059	2226	2399
CSP38.g10403.t1	154	531	708	811	1128	1386	1666	1833	2006
CSP39.g7968.t1	151	276	528	705	808	995	1125	1540	1628	1707	2059	2226	2399
CSP40.g14005.t2	151	276	528	705	995	1540	1628	1707	2038	2205	2378
CTROP.Csp11.Scaffold626.g6559.t1	51	303	480	770	1315	1385	1464	1798	1965	2138
CVIRI.g946.t2	151	276	528	705	995	1383	1540	2059	2229	2402
DCORO.DCO_004605	166	291	429	543	720	823	1010	1140	1287	1555	1728	2056	2232	2405
