CAFRA.g14081.t1	69	200	1912	2001	2116	2224	2396
CANGA.Cang_2012_03_13_00038.g2131.t1	693	1080	1335
CBREN.CBN15509	81	212	348	408	1134	1413	2023	2181	2296	2404
CBRIG.CBG23685	3	156	287	1281	1560	1758	1953	2304	2422	2530
CCAST.g11193.t1	69	200	396	1122	1279	1401	1788	2001	2224
CDOUG.g8663.t1	84	215	411	1137	1416	1939	2031	2146	2254
CELEG.Y32G9A.6d	78	209	345	405	1131	1410	1614	1806	1960	2118	2233	2341	2483
CJAPO.CJA19273	69	200	336	396	1122	1401	1602	1966	2061	2176	2287	2423
CKAMA.g3706.t1	69	197	333	393	1116	1395	1596	1785	1927	2088	2203	2311
CLATE.FL83_05332-RA	69	200	336	396	1122	1401	1611	1812	1972	2127	2242	2350	2501
CMONO.g19573.t3	159	290	426	486	640	750	900	1051	1144	1212	1260	1378	1503	1647	1857	1978	2067	2182	2399
CNOUR.g13360.t1	69	336	396	1125	1767	1912	1991	2050	2158
CPLIC.g14670.t1	69	200	336	396	550	660	958	1051	1119	1276	1431	1689	1863	1929	2166	2281
CREMA.FL82_13494-RA	90	221	357	417	1143	1422	1632	1833	1993	2148	2263	2371	2522
CSINI.Csp5_scaffold_00670.g14229.t1	75	206	1128	1410	1614	1827	1978	2086	2243
CSP21.g15591.t1	111	171	325	435	529	658	751	976	1095	1278	1392	1440	1552	1647	1762	1965
CSP26.g492.t1	69	200	1122	1404	1608	1809	1957	2052	2167	2275	2426
CSP28.g1491.t1	69	336	1062	1909	2079	2194	2302
CSP29.g5643.t1	33	300	360	1050	1686	1813	1902	2017	2125
CSP31.g22568.t1	72	200	396	1122	1276	1386	1770	2098
CSP32.g14115.t1	69	200	336	1122	1836	1878	1993	2101	2249
CSP34.Sp34_50065100.t1	90	221	357	417	1143	1419	1626	1824	1972	2064	2179	2287	2441
CSP38.g2794.t1	69	200	396	1122	1279	1413	1794	2007	2230
CSP39.g2576.t1	69	324	456	1182	2017	2106	2221	2329	2468
CSP40.g8956.t1	75	206	1128	1410	1614	1827	1972	2064	2179	2287
CTROP.Csp11.Scaffold629.g13078.t1	69	200	336	396	1122	1395	1596	1797	1957
CVIRI.g5536.t1	72	203	339	399	663	955	1125	1416	1587	1773
DCORO.DCO_004671	69	200	336	396	550	660	810	961	1054	1122	1279	1416	1531	1752	1863	1983	2098	2187	2302	2397	2519
