CAFRA.g14991.t1	177	1186
CANGA.Cang_2012_03_13_00249.g7868.t1	63	183	878	1192	1495	1574	1888	2191
CBREN.CBN09852	57	177	1186
CBRIG.CBG14130	57	177	1186
CCAST.g8373.t1	63	183	878	1192	1495
CDOUG.g1528.t1	57	177	1186
CELEG.F52E4.1a.1	57	177	1186
CJAPO.CJA17822	57	177	1186
CKAMA.g1134.t1	57	177	1186
CLATE.FL83_00896-RA	57	177	1186
CMONO.g7781.t1	54	174	288	528	633	748	869	999	1075	1183	1383
CNOUR.g22014.t1	57	177	1186
CPLIC.g3391.t1	57	177	531	872	1186	1489
CREMA.FL82_00770-RA	57	177	1186
CSINI.Csp5_scaffold_00046.g2416.t1	57	177	1186
CSP21.g8098.t1	57	177	291	636	1186	1386
CSP26.g12377.t1	57	177	1186
CSP28.g9733.t1	57	177	1186
CSP29.g11623.t1	57	177	1186
CSP31.g8619.t1	57	177	1189	1492
CSP32.g16719.t1	177	1186
CSP34.Sp34_X0276400.t1	57	177	1186
CSP38.g15511.t1	67	261	956	1573
CSP39.g19110.t1	57	177	1186
CSP40.g19002.t1	57	177	1186
CTROP.Csp11.Scaffold629.g16540.t1	57	177	1186
CVIRI.g130.t1	57	531	872	1287
DCORO.DCO_008531	63	195	309	444	549	654	769	890	1020	1096	1204	1305	1507
