CAFRA.g15377.t1	83	168	396	639	762	877	1174	1366	1770	1861	1917
CANGA.Cang_2012_03_13_00471.g11237.t1	71	408	858	943	1141	1560
CBREN.CBN29037	89	174	258	501	624	739	812	951	1036	1126	1234	1806
CBRIG.CBG21349	98	183	411	654	777	892	1104	1189	1279	1387	1953	2035
CCAST.g15785.t1	68	296	633	1083	1168	1366	1809	1876
CDOUG.g8912.t1	89	174	402	645	768	883	956	1095	1180	1270	1378	1953	2032	2079
CELEG.ZC434.9e	92	177	405	648	771	886	959	1098	1183	1273	1381	1887	1969	2016
CJAPO.CJA10196	111	339	582	705	820	1032	1117	1207	1309	1842	1912	1965
CKAMA.g7537.t1	104	189	417	660	783	898	971	1110	1195	1285	1390	1872	1957	1998
CLATE.FL83_05243-RA	89	174	402	645	768	956	1095	1180	1270	1378	1938	2014	2064
CMONO.g4335.t1	71	159	384	519	627	750	865	938	1077	1162	1252	1369	2052	2128	2187
CNOUR.g16112.t1	89	174	402	645	768	883	1095	1180	1270	1372	1896	1969	2022
CPLIC.g12684.t1	80	302	387	630	753	868	1165	1363	1770	1825
CREMA.FL82_15810-RA	89	174	402	645	768	956	1095	1180	1270	1378	1953	2029	2079
CSINI.Csp5_scaffold_00140.g5450.t3	95	180	408	651	693	901	1113	1198	1564	2130	2212	2247
CSP21.g6096.t1	177	312	420	543	647	707	846	931	973	1081	1623	1717	1773
CSP26.g18257.t1	89	174	402	645	768	883	1095	1180	1270	1378	1926	2008	2043
CSP28.g5212.t1	86	171	399	642	880	1092	1177	1369	1932	2005	2058
CSP29.g13726.t1	92	177	405	648	771	886	1098	1183	1273	1375	1911	1984
CSP31.g4164.t1	86	171	396	639	762	877	950	1089	1174	1276	1623	1690	1743
CSP32.g4566.t1	74	159	390	633	756	871	1083	1168	1258	1360	1788	1861	1896
CSP34.Sp34_10219800.t1	107	192	420	663	786	901	974	1113	1198	1288	1396	1923	2008	2058
CSP38.g10236.t1	74	296	1083	1168	1405	1755	1840
CSP39.g6112.t1	86	171	399	642	753	868	1080	1165	1255
CSP40.g15202.t1	98	183	411	654	892	1104	1189	1279	1387	1971	2053	2088
CTROP.Csp11.Scaffold545.g3457.t1	180	423	608	747	832	922	1030
CVIRI.g1830.t1	83	168	305	393	636	947	1086	1171	1261	1366	1941	2026	2076
DCORO.DCO_001098	140	228	365	462	597	705	828	943	1016	1155	1240	1330	1441
