CAFRA.g18279.t1	264	396	483	720	816	998
CANGA.Cang_2012_03_13_00063.g3092.t1	7	303	627	899	996
CBREN.CBN04522	264	396	483	720	816	1001
CBRIG.CBG05028	525	762	858	1064
CCAST.g11896.t1	387	711	974	1071
CDOUG.g14636.t1	264	396	483	720	816	1037
CELEG.W05H9.1a.1	264	396	483	720	816	1001
CJAPO.CJA04778	264	483	720	816	1010
CKAMA.g3465.t1	59	273	758	1251	1619	2432	2697	2829	2916	3153	3249	3428
CLATE.FL83_00384-RA	396	483	720	816	1025
CMONO.g4406.t1	90	152	264	342	396	459	558	696	792	867	986	1083
CNOUR.g13302.t1	264	396	483	720	998
CPLIC.g8721.t1	149	261	393	480	579	717	1058	1155
CREMA.FL82_01726-RA	396	483	720	816	1022
CSINI.Csp5_scaffold_00138.g5391.t1	396	483	720	816	1022
CSP21.g15659.t1	87	149	393	579	717	813	980	1077
CSP26.g1944.t1	396	483	720	816	1022
CSP28.g13012.t1	264	396	483	720	816	1001
CSP29.g4013.t1	264	396	483	720	998
CSP31.g26045.t1	264	396	483	720	998	1095
CSP32.g243.t1	264	396	483	720	816	998
CSP34.Sp34_X0227410.t1	264	396	483	720	816	998
CSP38.g10362.t1	143	387	711	983	1080
CSP39.g20053.t1	264	396	483	720	816	998
CSP40.g15758.t1	396	483	720	816	1022
CTROP.Csp11.Scaffold626.g6468.t1	264	396	483	720	816	1022
CVIRI.g14816.t2	255	387	711	882	1001
DCORO.DCO_011561	111	173	285	417	504	603	741	837	912	1040	1137
