CAFRA.g5449.t1	375
CANGA.Cang_2012_03_13_00182.g6384.t1	375	780
CBREN.CBN02899	375	792
CBRIG.CBG18957	375	792
CCAST.g12393.t1	375	780
CDOUG.g1468.t1	375	792
CELEG.F46E10.10a	375	792
CJAPO.CJA04341	375	610
CKAMA.g11845.t1	375	792
CLATE.FL83_10797-RA	375
CMONO.g2283.t1	96	199	265	375	501	610	678	792	960
CNOUR.g19280.t1	375	610
CPLIC.g6075.t1	203	682
CREMA.FL82_18826-RA	375
CSINI.Csp5_scaffold_00013.g856.t1	375	792
CSP21.g5611.t1	132	228	327	474	572	666	775	887	1010	1107	1210	1512	1689	1803
CSP26.g8481.t1	375	792
CSP28.g6438.t1	375	610	792
CSP29.g20979.t1	375	610
CSP31.g11259.t1	199	375	610	792
CSP32.g14909.t1	375
CSP34.Sp34_50214600.t1	4	59	435	852
CSP38.g10697.t1	375	610	792
CSP39.g3955.t1	375	384	568	657	762
CSP40.g11361.t1	792
CTROP.Csp11.Scaffold630.g17518.t1	375	792
CVIRI.g542.t1	199	375	678	792
DCORO.DCO_014883	7	15	120	223	289	399	525	634	702	821	984
