CAFRA.g11445.t1	64	198	306	417	582	767
CANGA.Cang_2012_03_13_00044.g2408.t1	67	201	420	585	770
CBREN.CBN13911	61	195	303	414	579	764
CBRIG.CBG16392	61	195	303	414	579	763
CCAST.g13771.t1	67	201	420	585	770
CDOUG.g2228.t1	61	195	303	414	579	764
CELEG.R11.1	52	186	294	405	570	755
CJAPO.CJA15070	147	255	366	531	716
CKAMA.g10143.t1	86	157	291	399	471	636	821
CLATE.FL83_02384-RA	61	195	303	414	579	764
CMONO.g2458.t1	61	195	303	414	460	552	661	737
CNOUR.g17400.t1	64	198	306	417	767
CPLIC.g13344.t1	61	195	414	579	688	764
CREMA.FL82_18275-RA	61	195	303	414	579	764
CSINI.Csp5_scaffold_00001.g16.t1	61	195	303	414	579	764
CSP21.g13909.t1	64	198	306	417	490	582	691	767
CSP26.g4263.t1	61	195	303	414	579	764
CSP28.g8270.t1	64	306	417	582	767
CSP29.g15437.t1	114	222	333	683
CSP31.g2654.t1	64	198	306	417	582	691	767
CSP32.g13777.t1	64	198	306	417	582	767
CSP34.Sp34_X0040900.t1	61	195	303	414	579	764
CSP38.g10468.t1	64	198	417	582	767
CSP39.g9442.t1	64	198	306	417	582	767
CSP40.g1881.t1	61	195	303	414	579	764
CTROP.Csp11.Scaffold629.g13361.t1	61	195	303	414	579	764
CVIRI.g6503.t1	64	198	306	417	582	691	767
DCORO.DCO_017125	52	186	294	405	478	570	755
