CAFRA.g9008.t1	147	288	465
CANGA.Cang_2012_03_13_00021.g1301.t1	147	288
CBREN.CBN11468	147	288	465
CBRIG.CBG21343	147	288	465
CCAST.g6736.t1	147	288
CDOUG.g8921.t1	147	288	465
CELEG.ZC434.2	147	288	465
CJAPO.CJA01278	147	288	465
CKAMA.g7546.t1	147	288	465
CLATE.FL83_05250-RA	147	288	465
CMONO.g13921.t1	147	288	465
CNOUR.g16100.t2	213	320	954	1012	1167	1308	1485
CPLIC.g10224.t1	147	288	465
CREMA.FL82_15816-RA	171	312	489
CSINI.Csp5_scaffold_02254.g25645.t1	147	288	465
CSP21.g12658.t1	162	300	477
CSP26.g20581.t1	147	288	465
CSP28.g8563.t1	777	922	1077	1395
CSP29.g13738.t1	213	320	954	1000	1155	1296	1473
CSP31.g4141.t1	147	288	465
CSP32.g4579.t1	147	288	465
CSP34.Sp34_10220510.t1	147	288	465
CSP38.g13349.t1	147	288	465
CSP39.g9905.t1	147	288	465
CSP40.g15210.t1	147	288	465
CTROP.Csp11.Scaffold545.g3450.t1	147	288	465
CVIRI.g16467.t1	147	288	465
DCORO.DCO_020737	147	291	468
