CAFRA.g6242.t1	30	180	280	465	749	879	1033
CANGA.Cang_2012_03_13_00093.g4151.t1	253	593	722	852
CBREN.CBN06580	30	127	312	467	596	726	880
CBRIG.CBG08580	30	127	312	467	596	726	880
CCAST.g729.t1	253	593	722	852
CDOUG.g13444.t1	30	174	271	456	611	740	870	1024
CELEG.F18E2.5b	30	192	286	471	626	755	885	1039
CJAPO.CJA08475a	81	236	365	495	649
CKAMA.g15664.t1	185	340	361	491	645
CLATE.FL83_13940-RA	30	192	289	474	629	758	888	1042	1128
CMONO.g16961.t1	33	93	202	261	387	542	671	801	895	945
CNOUR.g20763.t1	30	168	265	605	734	864	1018
CPLIC.g10531.t1	155	284	414	568
CREMA.FL82_11101-RA	30	192	289	474	629	758	888
CSINI.Csp5_scaffold_01575.g21828.t1	30	198	295	480	635	764	894	1048
CSP21.g1363.t1	21	265	324	450	605	734	864
CSP26.g4931.t1	189	286	471	626	755	885	1039
CSP28.g6082.t1	30	165	256	596	725	855	1009
CSP29.g19145.t1	30	168	265	605	734	864	1018
CSP31.g1023.t1	30	277	462	617	746	876	936	1030
CSP32.g12311.t1	30	183	295	480	764	894	1048
CSP34.Sp34_50179100.t1	30	192	289	474	629	758	888	1042
CSP38.g4768.t1	256	441	596	725	855	1009
CSP39.g6978.t1	30	165	259	599	728	858	1012
CSP40.g18508.t1	180	277	462	617	746	876	1030
CTROP.Csp11.Scaffold630.g21507.t1	216	371	500	630	784
CVIRI.g9904.t1	30	123	226	411	566	695	885	979
DCORO.DCO_014019	33	117	184	243	369	524	653	783	843	937	1028
