CAFRA.g10217.t1	128	913	1071	1145
CANGA.Cang_2012_03_13_00078.g3593.t1	77	426	868	1026	1106
CBREN.CBN05580	170	362	519	726	955	1113	1187
CBRIG.CBG01072	185	377	534	741	970	1128	1199
CCAST.g12322.t1	77	426	868	1026	1106
CDOUG.g15273.t1	182	374	531	967	1125	1196
CELEG.Y58G8A.4b	149	341	498	705	934	1092	1166
CJAPO.CJA07281a	113	305	462	669	898	1056	1130
CKAMA.g10622.t1	152	344	501	708	937	1095	1169
CLATE.FL83_12732-RA	167	359	723	856	1014
CMONO.g8493.t1	80	272	359	429	636	780	865	1023	1100
CNOUR.g17163.t1	98	290	363	570	799	957	1031
CPLIC.g12653.t1	83	139	275	432	639	783	868	1026	1103
CREMA.FL82_17911-RA	125	317	681	910	1068	1142
CSINI.Csp5_scaffold_05386.g34892.t1	192	349	556	785	943	1014
CSP21.g8322.t1	89	368	438	550	789	874	1032	1103
CSP26.g2979.t1	191	383	540	747	976	1134	1205
CSP28.g289.t1	98	290	441	648	877	1035	1109
CSP29.g18339.t1	3	151	263	455	612	738	967	1125	1199
CSP31.g14432.t1	77	269	426	633	862	1020	1091
CSP32.g7782.t1	125	317	681	910	1068	1142
CSP34.Sp34_50013400.t1	131	323	480	687	916	1074	1148
CSP38.g17006.t1	74	423	627	856	1014	1088
CSP39.g16723.t1	98	290	447	654	883	1041	1115
CSP40.g18814.t1	197	389	546	753	982	1140	1211
CTROP.Csp11.Scaffold559.g3879.t2	150	357	586	744	815
CVIRI.g3387.t1	83	275	432	639	783	868	1026	1103
DCORO.DCO_010315	85	268	368	545	615	707	837	966	1051	1209	1286
