CAFRA.g12037.t1	121	291	375	496	663	1083	1707	2046	2568	2594	2672	2762
CANGA.Cang_2012_03_13_04881.g19185.t2	432
CBREN.CBN23799	135	219	340	507	927	1365	1551	1650	2121	2199
CBRIG.CBG14987	150	234	355	522	942	1380	1473	1566	1917	2439	2462	2540	2645
CCAST.g17407.t1	198	282	403	843	1131	1521	1713	2235	2261	2432
CDOUG.g340.t1	150	234	355	522	942	1380	1566	1665	1716	2187	2265
CELEG.Y23H5A.5a	150	234	355	522	942	1380	1473	1566	1665	2136	2188	2278
CJAPO.CJA18888	165	249	370	537	960	1491
CKAMA.g14949.t1	150	234	355	522	942	1380
CLATE.FL83_13901-RB	150	234	355	522	942	1380	1473	1566	1914	1965	2436	2459	2537	2627
CMONO.g15288.t1	126	210	331	498	611	677	771	918	1116	1221	1356	1449	1542
CNOUR.g8260.t1	150	234	355	522	942	1473	1566	1665	1716	2187	2209	2312
CPLIC.g11035.t1	84	205	267	551	645	990	1230	1323	1416	1758	2073	2154	2238	2316
CREMA.FL82_12629-RA	150	234	355	426	846	1284	1377	1470	1521	1992	2074	2164	2373	2460	2845	2982	3061	3155	3228	3306	3536
CSINI.Csp5_scaffold_00691.g14446.t1	150	234	355	522	942	1380	1473	1566
CSP21.g4380.t1	177	298	468	581	741	888	1055	1191	1326	1419	1512	1611	1779	1926	2049	2133	2211
CSP26.g17672.t1	150	234	355	522	942	1380	1473	1566	1665	1716	2112	2135	2213	2303
CSP28.g5035.t1	144	228	349	414	720	1251	1575	1626	2097
CSP29.g16539.t1	150	234	355	522	942	1473	1566	1896	1947
CSP31.g8358.t1	150	234	355	522	701	795	942	1245	1380	1473	1566
CSP32.g17342.t1	147	231	352	519	939	1377	1563
CSP34.Sp34_10139020.t1	156	240	361	528	948	1386	1479	1572	1671	1722	2193	2216	2294	2384
CSP38.g11197.t1	195	279	400	840	1128	1518	1710	1761	2232
CSP39.g5316.t2	156	240	361	528	948	1479	1572	1671	1722	2193	2219	2387
CSP40.g23509.t1	150	234	355	522	942	1380	1473	1566	1665	1716	2187	2265
CTROP.Csp11.Scaffold627.g6829.t1	139	306	726	1164	1350
CVIRI.g4281.t1	147	231	352	414	519	792	1137	1377	1470	1936	2490	2568
DCORO.DCO_005443	225	430	618	731	891	1038	1242	1350	1485	1578	1671
