CAFRA.g2815.t1	39	100	356	535	691	811	896	963	1115
CANGA.Cang_2012_03_13_00376.g9988.t1	33	91	290	457	508	544	664	816
CBREN.CBN01586	254	586	706	858	1001
CBRIG.CBG15860	266	445	610	762
CCAST.g11751.t1	33	91	290	457	616	736	888
CDOUG.g13751.t1	121	383	712	832	917	984	1127
CELEG.Y47H9C.2	36	100	356	532	688	808	893	960	1124
CJAPO.CJA29060a	217	373	493	578	645	797
CKAMA.g3008.t1	230	409	565	685	770	837	977
CLATE.FL83_09240-RA	257	436	592	712	797	864	1010
CMONO.g9776.t1	108	191	376	556	676	767	834	953	1052
CNOUR.g6259.t1	45	109	395	574	730	850	935	1002	1178	1230
CPLIC.g3635.t1	84	154	276	359	523	691	811	899	966	1091
CREMA.FL82_04676-RA	257	436	592	712	797	864	1010
CSINI.Csp5_scaffold_03000.g28715.t1	81	369	761	973	1129	1249	1334	1401
CSP21.g6145.t1	79	189	272	436	610	730	821	888	1043	1152
CSP26.g1827.t1	6	82	374	727	847	932	999	1136
CSP28.g2654.t1	83	801	1148	1339	1761	2120	2859	3213	3277	3464	3533	3712	3868	3988	4140	4313
CSP29.g11099.t1	275	454	610	730	815	882	1061
CSP31.g280.t1	54	97	303	386	556	721	841	926	993	1115
CSP32.g5008.t1	39	100	332	511	667	787	872	939	1094
CSP34.Sp34_10027910.t1	35	226	376	496	581	648	806
CSP38.g1731.t1	33	91	204	287	454	613	733	885
CSP39.g9712.t1	45	127	422	601	757	877	962	1029	1208
CSP40.g13778.t1	290	484	640	760	845	912	1058
CTROP.Csp11.Scaffold629.g11739.t1	227	550	670	755	822	962
CVIRI.g11660.t1	30	100	240	323	511	682	802	887	954
DCORO.DCO_009565	60	301	573	656	823	903	1024	1144	1229	1296	1412
