CAFRA.g11846.t1	19	105	209	320	568	715	918	1035	1143	1371	1503	1631	2001	2093	2334
CANGA.Cang_2012_03_13_00059.g3003.t2	72	176	257	505	652	855	972	1080	2081	2322
CBREN.CBN02663	19	108	212	326	574	721	924	1149	1377	1509	1637	2007	2099	2340
CBRIG.CBG22756	19	105	209	320	568	715	918	1419	1551	1679	2049	2141	2382
CCAST.g9087.t1	19	114	218	299	547	694	897	1014	1122	1350	2072	2313
CDOUG.g3586.t1	19	108	212	329	577	724	927	1152	1380	1512	1640	2010	2102	2343
CELEG.F41D9.1	19	105	209	326	574	721	924	1149	1377	1509	1637	2007	2099	2340
CJAPO.CJA10016	19	108	212	323	718	921
CKAMA.g13151.t1	60	213	543	693	801	873	1013	1067	1224	1313	1491	1647	1977	2127	2235	2324	2523	2679	3009	3159	3267	3339	3439	3574	3660	3764	3893	4141	4288	4491	4716	4944	5076	5204	5574	5666	5907
CLATE.FL83_02009-RA	19	108	212	329	577	724	927	1152	1380	1512	1640	1956	2048	2289
CMONO.g16436.t1	19	111	221	326	448	574	721	843	924	1041	1149	1242	1377	1509	1637	1737	1912	2007	2099	2238	2340
CNOUR.g11403.t1	19	108	212	341	736	939	1056	1164	1392	1521	1649	2019	2111	2352
CPLIC.g12222.t1	19	212	308	430	556	906	1023	1131	1224	1359	1488	1616	1795	1891	1986	2319
CREMA.FL82_02175-RA	19	108	212	323	571	718	921	1146	1374	1506	1634	1919	2160
CSINI.Csp5_scaffold_00671.g14243.t2	19	108	212	320	568	715	918	1143	1371	1503	1631	2001	2093	2334
CSP21.g8123.t1	154	243	347	458	577	703	850	972	1053	1170	1278	1371	1506	1638	1766	1866	2041	2228	2367	2469
CSP26.g16018.t1	19	105	209	314	562	709	912	1137	1497	1995	2087	2328
CSP28.g10145.t1	19	108	212	338	936	1053	1161	1389	1518	1646	2016	2108	2349
CSP29.g7672.t1	188	325	470	1205	1294	1377	1481	1610	2005	2208	2325	2433	2661	2790	2918	3288	3380	3621
CSP31.g19033.t1	19	108	212	305	553	700	903	1020	1221	1356	1488	1616	1795	1869	1961	2202
CSP32.g12259.t1	19	105	209	320	568	715	918	1035	1143	1371	1503	1631	2001	2093	2334
CSP34.Sp34_X0163800.t1	19	105	209	332	580	727	930	1155	1383	1515	1643	2013	2105	2346
CSP38.g10259.t1	19	114	218	302	550	697	900	1017	1125	1353	1888	2075	2316
CSP39.g16254.t1	19	108	212	338	936	1161	1389	1518	1646	2016	2108	2349
CSP40.g2638.t1	19	108	212	317	565	915	1140	1368	1500	1628	1998	2090	2331
CTROP.Csp11.Scaffold629.g11016.t1	128	376	523	726	951	1179	1311	1439	1809	1901	2142
CVIRI.g13070.t1	19	111	302	550	697	900	1017	1353	1485	1613	2075	2316
DCORO.DCO_004921	19	111	215	308	430	556	703	825	1023	1131	1224	1359	1491	1619	1719	1798	1894	1989	2081	2220	2322
