CAFRA.g12445.t1	573	705	930	1657	2009	2120
CANGA.Cang_2012_03_13_00285.g8475.t1	96	186	357	1533	1643	1754
CBREN.CBN22176	72	206	383	522	612	783	915	1288	1549	2192	2303
CBRIG.CBG21011	72	206	383	522	612	783	915	1288	2210	2321
CCAST.g1028.t1	176	353	492	582	753	1941	2051	2162
CDOUG.g5674.t1	552	684	1060	1327	1979	2090
CELEG.Y17G7B.15a	72	206	383	522	612	783	915	1285	1867	2213	2324
CJAPO.CJA14957	72	147	206	383	522	612	783	915	1140	1267	1861	2219	2330
CKAMA.g7765.t1	72	206	383	522	612	783	1383	1515	1885	2178	2500	2846	2957
CLATE.FL83_09772-RA	72	206	383	522	612	783	915	1291	2207	2318
CMONO.g14958.t1	108	210	285	344	420	521	660	750	921	1053	1184	1281	1500	1632	1710	1831	1915	2008	2157	2267	2378
CNOUR.g11560.t1	87	315	421	726	988	1328	1439
CPLIC.g12739.t1	126	205	306	381	440	516	617	756	846	1017	1596	1728	1859	2799	2909	3020
CREMA.FL82_14475-RA	140	317	456	546	717	849	1225	2141	2252
CSINI.Csp5_scaffold_03373.g29980.t1	334	1250	1361
CSP21.g11650.t1	406	573	705	836	936	1065	1143	1275	1489	1579	1669	1821	1931	2042
CSP26.g15063.t1	555	687	1063	1979	2090
CSP28.g15955.t1	591	723	948	1063	1645	1997
CSP29.g18664.t1	36	111	170	347	486	576	747	879	1107	1210	1521	1792	2126	2237
CSP31.g17141.t1	414	546	777	1032	1384	1710	1820	1931
CSP32.g11978.t1	564	696	924	1057	1633	1988	2099
CSP34.Sp34_20061900.t1	72	206	383	522	612	783	915	1294	1858	2201	2312
CSP38.g8480.t1	117	176	252	353	492	582	753	1016	1228	1581	2013	2123	2234
CSP39.g5482.t1	219	351	576	685	790	1154	1265
CSP40.g5662.t1	334	1244	1355
CTROP.Csp11.Scaffold630.g19522.t1	546	678	1054	1321	1979	2090
CVIRI.g12700.t1	339	471	699	888	1321	1665	1775	1886
DCORO.DCO_004853	78	153	212	288	389	528	618	712	789	921	1052	1149	1431	1590	1730	1873	1945	2094	2204	2315
