CAFRA.g14861.t1	9	109	228	341	455	561	780	979	1061	1189	1363	1509	2057	2165	2250	2356	2475	2634	2706
CANGA.Cang_2012_03_13_00185.g6483.t1	129	410	538	1406	1514	1705	1983	2055
CBREN.CBN04417	9	103	222	335	449	555	774	973	1055	1183	1357	1503	2051	2159	2244	2350	2469	2628	2700
CBRIG.CBG15941	9	109	228	341	561	795	994	1076	1204	1378	1524	2072	2216	2301	2407	2761	2811	2883
CCAST.g13891.t1	9	115	225	452	558	771	1052	1180	2048	2156	2347	2625	2697
CDOUG.g18591.t1	70	189	302	416	522	741	940	1022	1150	1324	1470	1929	2018	2126	2211	2317	2436	2595	2667
CELEG.C53C11.3	9	115	234	347	461	567	789	988	1070	1198	1372	1518	2066	2174	2259	2365	2484	2643	2715
CJAPO.CJA16890	9	106	225	338	452	558	801	1082	1210	1384	1530	2078	2186	2271	2377	2496	2655	2727
CKAMA.g7856.t1	9	109	228	341	455	561	780	979	1061	1189	1363	1509	1968	2057	2165	2250	2356	2475	2634	2706
CLATE.FL83_19395-RA	9	106	225	338	452	558	777	976	1058	1186	1360	2016	2105	2213	2298	2404	2523	2682	2754
CMONO.g15944.t1	83	189	411	610	692	820	898	991	1140	1255	1348	1471	1599	1688	1796	1881	1987	2106	2265	2337
CNOUR.g6239.t1	9	112	231	344	458	564	783	982	1064	1192	1366	1512	1971	2060	2168	2253	2359	2478	2637	2709
CPLIC.g13958.t1	82	204	317	431	537	937	1019	1318	1464	1795	1923	2120	2205	2311	2430	2589	2661
CREMA.FL82_23272-RA	9	112	231	344	458	564	783	982	1064	1192	1366	2022	2111	2219	2304	2410	2529	2688	2760
CSINI.Csp5_scaffold_00004.g293.t1	9	151	270	383	497	603	834	1033	1115	1243	1411	1557	2016	2105	2213	2298	2404	2523	2682	2754
CSP21.g8505.t1	55	195	308	422	528	717	916	998	1126	1204	1297	1449	1564	1657	1780	1914	2003	2105	2190	2254	2373	2532	2604
CSP26.g11061.t1	9	115	234	347	461	567	792	991	1073	1201	1375	1521	1980	2069	2177	2262	2368	2487	2646	2718
CSP28.g16401.t1	9	124	243	356	470	576	795	1076	1204	1378	1524	2072	2180	2265	2371	2490	2649	2721
CSP29.g14067.t1	9	112	231	344	458	564	783	982	1064	1192	1366	1512	1971	2060	2168	2253	2359	2478	2637	2709
CSP31.g9935.t1	9	106	225	338	452	558	762	961	1043	1171	1342	1488	1947	2036	2144	2454	2613	2685
CSP32.g5563.t1	9	109	228	341	455	561	780	979	1061	1189	1363	1509	2057	2165	2250	2356	2475	2634	2706
CSP34.Sp34_X0033500.t1	12	124	243	356	470	576	798	997	1079	1207	1381	1527	1986	2075	2183	2268	2374	2493	2652	2724
CSP38.g20210.t1	9	118	228	455	561	774	1055	1183	2051	2159	2628	2700
CSP39.g23448.t1	9	127	246	359	473	579	1207	1381	1527	1986	2075	2183	2268	2374	2493	2652	2724
CSP40.g12346.t1	9	112	231	344	458	564	789	988	1070	1198	1372	1518	1977	2066	2174	2259	2365	2484	2643	2715
CTROP.Csp11.Scaffold629.g13551.t1	9	109	228	341	455	561	780	979	1061	1189	1363	1509	2057	2165	2356	2475	2634	2706
CVIRI.g11369.t1	9	103	225	338	452	558	762	961	1043	1171	1488	1603	2036	2144	2229	2454	2613	2685
DCORO.DCO_003725	256	372	485	705	796	1044	1117	1199	1405	1626	1745	1855	1978	2127	2327	2412	2518	2728	2796	2975
