CAFRA.g18417.t1	143	488
CANGA.Cang_2012_03_13_00456.g11074.t1	65	140	651
CBREN.CBN29697	89	164	249	434	654
CBRIG.CBG02749	101	176	261	446	672
CCAST.g8315.t1	65	140	657
CDOUG.g7799.t1	89	164	249	434	657
CELEG.ZK930.3a	83	243	428	651
CJAPO.CJA39660	62	137	407	630
CKAMA.g14213.t1	67
CLATE.FL83_10523-RA	8	83	172	320	555	610	731	806	891	1076	1308
CMONO.g4261.t1	71	146	231	315	416	606
CNOUR.g11365.t1	89	164	249	434	663
CPLIC.g13644.t1	98	173	342	666	746	906	1032	1284
CREMA.FL82_05873-RA	80	165
CSINI.Csp5_scaffold_00330.g9538.t2	55	176	261	446	681
CSP21.g13819.t1	65	140	225	309	410	612
CSP26.g11114.t1	107	182	267	452	678
CSP28.g15468.t1	89	164	368	597
CSP29.g6669.t1	89	164	249	410	639	704	864	1052	1233
CSP31.g27054.t1	110	185	270	675
CSP32.g16249.t1	119	464	669
CSP34.Sp34_20317800.t1	89	164	249	434	657
CSP38.g9735.t1	65	140	225	630
CSP39.g15760.t2	89	434	690
CSP40.g6219.t1	107	182	267	452	687
CTROP.Csp11.Scaffold629.g7887.t1	83	158	243	428	651
CVIRI.g15106.t1	104	179	264	449	678
DCORO.DCO_018477	68	228	312	446	501	648
