CAFRA.g4396.t1	156	377	555	723
CANGA.Cang_2012_03_13_00514.g11735.t1	159	386	561
CBREN.CBN30341	156	555	723
CBRIG.CBG10961	159	558	726
CCAST.g15330.t1	159	380	555
CDOUG.g13157.t1	156	555	723
CELEG.B0403.3	153	552	720
CJAPO.CJA06858	153	374	552	720
CKAMA.g3375.t1	153	552	720
CLATE.FL83_00247-RA	165	333	732	900
CMONO.g20010.t1	52	159	305	380	558	726
CNOUR.g18957.t1	168	389	567	735
CPLIC.g2.t1	156	555	723
CREMA.FL82_01553-RA	141	309	708	876
CSINI.Csp5_scaffold_00029.g1630.t1	153	552	720
CSP21.g8075.t1	49	144	290	543	711
CSP26.g8990.t1	261	429
CSP28.g13833.t1	153	374	552	720
CSP29.g4126.t1	30	183	404	582	750
CSP31.g20620.t1	156	377	546	714
CSP32.g5605.t1	156	377	555	723
CSP34.Sp34_X0199200.t1	153	552	720
CSP38.g10947.t1	159	380	555
CSP39.g7707.t1	153	374	552	720
CSP40.g2171.t1	153	552	720
CTROP.Csp11.Scaffold578.g4513.t1	153	552	720
CVIRI.g1456.t1	183	404	582	750
DCORO.DCO_017113	20	61	133	204	350	425	603	774
