CAFRA.g12327.t1	103	1401
CANGA.Cang_2012_03_13_00609.g12742.t1	94	787	919	1091	1253	1353
CBREN.CBN28171	97	790	1179	1383
CBRIG.CBG00964	97	1386
CCAST.g12669.t1	94	787	919	1091	1253	1353
CDOUG.g2032.t1	97	790	1185	1389
CELEG.ZK1307.8.1	100	793	1389
CJAPO.CJA14087	103	796	1176	1380
CKAMA.g12752.t1	103	796	1383
CLATE.FL83_08461-RA	97	790
CMONO.g3757.t1	97	226	322	416	486	544	617	712	853	923	1088	1188
CNOUR.g4631.t1	103	620	796	1392
CPLIC.g3239.t1	88	313	619	787	910	982	1052	1214	1314
CREMA.FL82_06803-RA	97	790	1398
CSINI.Csp5_scaffold_04472.g33018.t1	94	594	787
CSP21.g8190.t1	106	226	322	416	628	701	796	949	1094	1259	1356
CSP26.g2150.t1	97	790	1383
CSP28.g8838.t1	103	796	1395
CSP29.g6401.t1	551	727	1323
CSP31.g3071.t1	97	319	796	961	1286
CSP32.g14264.t1	103	1377
CSP34.Sp34_20188500.t1	103	796	1389
CSP38.g5851.t1	94	787	1091	1253	1353
CSP39.g18612.t1	106	799	1404
CSP40.g3210.t1	100	1386
CTROP.Csp11.Scaffold50.g317.t1	97	624	745	1137	1341
CVIRI.g9265.t1	100	325	631	799	1347
DCORO.DCO_009211	100	220	316	480	622	695	790	943	1075	1145	1310
