CAFRA.g7997.t1	40	102	200	1864	1938
CANGA.Cang_2012_03_13_00387.g10135.t1	188	639	1037	1135	1209
CBREN.CBN04384	40	102	200	414	651	837	1038	1267	1445	1772	1870
CBRIG.CBG18370	40	117	215	666	852
CCAST.g7900.t1	188	639	1035	1362	1760	1858	1932
CDOUG.g1120.t1	40	102	200	414	651	837	1038	1267	1445	1772	1870	1944
CELEG.F43D9.3a	40	102	200	414	651	837	1038	1267	1445	1772	1870
CJAPO.CJA08749a	188	639	825	1757	1855	1929
CKAMA.g756.t1	40	102	200	414	651	837	1038	1267	1445	1772	1870	1944
CLATE.FL83_11419-RA	40	102	200	414	651	837	1038	1267	1445	1772	1870
CMONO.g10214.t1	40	102	200	303	414	505	651	770	837	942	1038	1148	1261	1359	1443	1483	1736	1834	1908
CNOUR.g13045.t1	40	102	200	414	651	837	1038	1267	1445	1772	1870	1944
CPLIC.g9654.t1	40	200	414	651	770	837	1038	1154	1267	1365	1445	1617	1751	1923
CREMA.FL82_20792-RA	40	102	200	414	651	837	1038	1267	1445	1772	1870
CSINI.Csp5_scaffold_00128.g5097.t1	40	102	200	414	651	837	1032	1261	1439	1766	1864
CSP21.g2959.t1	40	102	200	414	505	651	770	837	942	1038	1148	1261	1350	1430	1599	1736	1834	1908
CSP26.g4856.t1	40	102	200	414	651	837	1032	1261	1439	1766	1864	1938
CSP28.g4749.t1	40	102	200	414	837	1038	1267	1445	1754	1852
CSP29.g2582.t1	40	102	200	414	651	837	1038	1267	1445	1772	1870	1944	2186	2269	2401	2601	2650	2750	2907	2986	3136	3392	3552	3609	3645	3768	3859
CSP31.g14168.t1	28	90	188	291	402	639	825	930	1142	1255	1433	1605	1757	1855	1929
CSP32.g2621.t1	40	102	200	1864	1938
CSP34.Sp34_30124800.t1	88	298	342	409	471	569	783	1020	1206	1407	1636	1814	2141	2239	2313
CSP38.g13595.t1	40	200	414	770	942	1365	1775	1873	1947
CSP39.g4328.t1	40	102	200	651	837	1038	1267	1631	1850	1948	2022
CSP40.g437.t1	40	102	200	414	651	837	1032	1261	1439	1864	1938
CTROP.Csp11.Scaffold628.g7336.t1	40	102	200	414	651	837	1038	1267	1445	1772	1870
CVIRI.g14056.t1	40	102	303	770	837	1154	1267	1365
DCORO.DCO_006609	49	111	209	312	423	514	660	779	846	948	1119	1267	1445	1614	1754	1929
