CAFRA.g6528.t1	76	500
CANGA.Cang_2012_03_13_01216.g16002.t1	503	685	1109	1291	1594
CBREN.CBN17247	76	500	806
CBRIG.CBG00721	76	500	806	1463
CCAST.g8116.t1	76	500	682	985	1466
CDOUG.g18739.t1	76	500	806	1463
CELEG.T05C12.7	76	500	806	1463
CJAPO.CJA11081	76	806	1463
CKAMA.g1841.t1	76	500	806	1463
CLATE.FL83_08768-RA	76	500	806	1463
CMONO.g10126.t1	76	162	267	411	500	573	682	809	985	1145	1302	1466	1542
CNOUR.g1801.t1	76	500	679	806	982	1463
CPLIC.g13902.t1	76	267	500	682	809	985	1302	1466
CREMA.FL82_05993-RA	85	509	815	1209
CSINI.Csp5_scaffold_00451.g11540.t1	76	500	806	1463
CSP21.g3128.t1	76	162	411	500	682	809	985	1145	1302	1466	1542	1655	1695
CSP26.g62.t1	76	500	806	1463
CSP28.g7101.t1	76	500	679	806	1463
CSP29.g5311.t1	76	500	679	806	982	1463
CSP31.g9415.t1	76	500	682	809	985	1145	1302	1466
CSP32.g10734.t1	76	500
CSP34.Sp34_20154700.t1	61	139	563	869	1526
CSP38.g2230.t1	76	500	682	985	1466
CSP39.g6634.t1	76	500	679	806	1463
CSP40.g19272.t1	76	500	806	1463
CTROP.Csp11.Scaffold630.g18485.t1	76	806	1463
CVIRI.g11176.t1	76	162	267	500	809	1466
DCORO.DCO_008305	76	162	267	411	573	682	809	985	1145	1302	1466	1542
