CAFRA.g14417.t1	93	276	379	495
CANGA.Cang_2012_03_13_00946.g15065.t1	90	376	492
CBREN.CBN13955	102	285	388	504
CBRIG.CBG23843	177	280	396
CCAST.g6558.t1	90	376	492
CDOUG.g22177.t1	72	255	358	474
CELEG.C15C6.1	96	279	382	498
CJAPO.CJA09458	99	282	385	501
CKAMA.g13046.t1	96	279	382	498
CLATE.FL83_14897-RA	96	279	382	498
CMONO.g10493.t1	84	267	370	486
CNOUR.g9801.t1	99	282	385	501
CPLIC.g8091.t1	111	294	397	513
CREMA.FL82_04620-RA	96	279	382	498
CSINI.Csp5_scaffold_07464.g37804.t1	108	291	394	510
CSP21.g2602.t1	78	261	364	480
CSP26.g16262.t1	111	294	397	513
CSP28.g2973.t1	102	285	388	504
CSP29.g4633.t1	99	282	385	501
CSP31.g15425.t1	99	282	385	501
CSP32.g16999.t1	93	276	379	495
CSP34.Sp34_10031500.t1	96	279	382	498
CSP38.g8764.t1	87	270	373	489
CSP39.g2222.t1	105	288	391	507
CSP40.g23904.t1	111	397	513
CTROP.Csp11.Scaffold630.g18636.t1	102	285	388	507
CVIRI.g5685.t1	90	273	376	492
DCORO.DCO_019703	119	219	300	402	505	651
