CAFRA.g13843.t1	100	202	324	435	1382	1563	1651	1815
CANGA.Cang_2012_03_13_00547.g12093.t1	97	199	321	524	1323	1411	1584
CBREN.CBN20607	97	199	321	524	1409	1590	1678	1842
CBRIG.CBG14460	97	199	321	432	1382	1563	1651	1815
CCAST.g14307.t1	97	199	321	524	1326	1414	1587
CDOUG.g125.t1	37	142	244	366	569	1463	1644	1732	1905
CELEG.R160.7	97	199	321	432	1409	1590	1678	1842
CJAPO.CJA06624a	100	202	324	435	1373	1554	1642	1806
CKAMA.g3129.t1	97	199	321	432	524	1364	1545	1633	1797
CLATE.FL83_00675-RA	97	199	321	432	1397	1578	1666	1830
CMONO.g4296.t1	97	199	321	432	524	704	846	1130	1308	1396	1560
CNOUR.g4334.t1	100	202	324	527	1382	1563	1651	1815
CPLIC.g1018.t1	100	202	324	527	707	849	1154	1332	1420	1605
CREMA.FL82_01015-RA	97	199	321	432	1397	1578	1666	1830
CSINI.Csp5_scaffold_00002.g145.t1	97	199	321	432	1388	1569	1657	1821
CSP21.g14981.t1	97	199	432	524	704	846	1352	1555	1719
CSP26.g9655.t1	97	199	321	432	1370	1551	1639	1803
CSP28.g9865.t1	9	133	235	357	560	1439	1620	1708	1872
CSP29.g11487.t1	100	202	324	527	1379	1560	1648	1812
CSP31.g8896.t3	97	199	321	432	524	1205	1386	1474	1647
CSP32.g8455.t1	100	202	324	435	1385	1566	1654	1827
CSP34.Sp34_X0256900.t1	97	199	321	432	1442	1620	1708	1881
CSP38.g22269.t1	97	199	321	432	524	1314	1402	1575
CSP39.g26649.t1	97	199	321	524	1391	1572	1660	1824
CSP40.g11542.t1	97	199	321	432	1385	1566	1654	1827
CTROP.Csp11.Scaffold622.g6239.t2	115	217	339	542	1424	1605	1693	1866
CVIRI.g4314.t1	97	199	321	524	704	846	1193	1371	1459	1632
DCORO.DCO_008167	50	151	253	375	486	578	758	900	996	1112	1175	1290	1545
