CAFRA.g8687.t1	93	315	570	664	837	1141	1227	1451	1950
CANGA.Cang_2012_03_13_00033.g1914.t1	153	519	613	783	1060	1272	1869
CBREN.CBN16198	93	153	306	552	649	822	1138	1221	1445	1608	1944
CBRIG.CBG14243	93	153	309	558	652	825	1138	1221	1445	1608	1944
CCAST.g610.t1	153	522	616	783	1060	1272	1869
CDOUG.g20219.t1	93	153	306	552	649	822	1144	1227	1451	1614	1950
CELEG.C18B2.5b	93	153	303	546	624	718	885	1192	1275	1499	1662	1998
CJAPO.CJA07594	132	282	534	618	712	882	1189	1272	1496	1995
CKAMA.g3039.t1	236	502	858	1015	1377	1519	1611	1671	1815	2049	2127	2227	2400	2713	2799	3023	3186	3522
CLATE.FL83_00802-RA	93	150	294	537	634	807	1120	1203	1427	1476	1812
CMONO.g1296.t1	87	171	342	576	637	738	801	927	996	1156	1368	1466	1629	1794	1965
CNOUR.g13777.t1	93	309	555	633	730	903	1207	1290	1416	1514	1677	2013
CPLIC.g2085.t1	75	138	300	537	609	697	804	864	1195	1275	1401	1499	1998
CREMA.FL82_00873-RA	93	150	294	537	634	807	1120	1203	1427	1476	1812
CSINI.Csp5_scaffold_00003.g176.t1	93	153	303	552	646	819	1132	1218	1442	1605	1941
CSP21.g2536.t1	75	126	219	609	676	786	861	954	1276	1583	1980	2082
CSP26.g18749.t1	93	153	306	543	621	715	888	1201	1287	1511	2010
CSP28.g10424.t1	13	134	201	358	720	862	957	1017	1173	1419	1497	1594	1767	2071	2154	2280	2378	2541	2877
CSP29.g14636.t1	93	303	549	646	819	1123	1206	1332	1430	1593	1929
CSP31.g1791.t1	324	502	861	1018	1134	1284	1368	1519	1601	1818	1902	1962	2133	2382	2482	2655	2962	3048	3174	3435	3600	3771
CSP32.g396.t1	93	318	573	667	840	1147	1233	1457	1956
CSP34.Sp34_X0267600.t1	93	153	303	546	640	807	1099	1182	1406	1569	1905
CSP38.g13075.t1	162	564	630	718	885	1165	1377	1974
CSP39.g20539.t1	93	153	300	549	646	819	1123	1206	1332	1430	1929
CSP40.g22484.t1	93	153	309	558	636	730	903	1213	1296	1520	2019
CTROP.Csp11.Scaffold630.g18197.t1	93	153	297	540	634	807	1120	1203	1427	1590	1926
CVIRI.g6206.t1	153	327	579	654	748	918	1326	1550	1713	2049
DCORO.DCO_005529	72	147	273	351	475	567	651	870	1002	1128	1407	1539	1637	1800	1965	2034	2139
