CAFRA.g4859.t1	148	294	712	868	1125
CANGA.Cang_2012_03_13_00629.g12963.t1	142	228	531	763	1011
CBREN.CBN21613	38	190	270	336	433	543	754	910	1185
CBRIG.CBG17593	151	231	297	394	504	715	871	1146
CCAST.g12537.t1	142	228	531	763	1023
CDOUG.g1309.t1	148	228	294	391	501	712	868	1143
CELEG.T05A10.3	148	228	294	391	501	724	880	1152
CJAPO.CJA04817	148	391	501	712	868	1134
CKAMA.g1390.t1	148	228	294	391	501	718	874	1146
CLATE.FL83_01257-RA	148	228	294	391	501	709	865	1137
CMONO.g10634.t1	430	495	561	658	687	1234	1343
CNOUR.g2947.t1	148	228	294	391	501	709	865	1134
CPLIC.g10692.t1	142	228	294	391	640	796	884	1035
CREMA.FL82_00394-RA	148	228	294	391	501	709	865	1137
CSINI.Csp5_scaffold_00044.g2343.t1	148	228	294	391	501	709	865	1140
CSP21.g10189.t1	151	237	303	400	510	624	724	989	1158
CSP26.g3095.t1	148	228	294	391	501	703	859	1131
CSP28.g11583.t1	148	228	294	391	501	724	880	1152
CSP29.g11914.t1	148	228	294	391	501	715	871	1140
CSP31.g21791.t1	181	333	540	739	916	1025	1194
CSP32.g2086.t1	148	294	715	871	1137
CSP34.Sp34_X0076500.t1	148	228	294	391	501	721	877	1149
CSP38.g21741.t1	148	234	531	796	1059
CSP39.g8498.t1	148	228	294	391	501	733	889	1161
CSP40.g19904.t1	148	228	294	391	501	703	859	1131
CTROP.Csp11.Scaffold629.g13806.t1	148	228	391	501	712	868	1143
CVIRI.g583.t1	145	231	297	394	504	998	1161
DCORO.DCO_010027	93	142	307	387	453	550	678	910	1061	1124	1305
