CAFRA.g15182.t1	192	366
CANGA.Cang_2012_03_13_00225.g7376.t1	567	694	927	1292	1712	1882	2056
CBREN.CBN09508	192	366
CBRIG.CBG11518	192	366	564
CCAST.g19133.t1	567
CDOUG.g7693.t1	192	366	564
CELEG.F53F4.10	192	564
CJAPO.CJA06241	192	366	564
CKAMA.g2796.t1	192	366	564
CLATE.FL83_03776-RA	165	339	537
CMONO.g5664.t1	363
CNOUR.g14777.t1	192	366	564
CPLIC.g11316.t1	366
CREMA.FL82_10895-RA	192	366	564	716	1532	1952
CSINI.Csp5_scaffold_00119.g4855.t1	192	366	564
CSP21.g1892.t1	189	363	483	561
CSP26.g519.t1	171	345	543
CSP28.g6320.t1	192	366	564
CSP29.g19397.t1	192	366	564
CSP31.g1116.t1	192	366	564
CSP32.g15649.t1	192	366
CSP34.Sp34_50164500.t1	24	30	240	414	612
CSP38.g14116.t1	567
CSP39.g8645.t1	174	348	546
CSP40.g7710.t1	192	366	564
CTROP.Csp11.Scaffold629.g14139.t1	192	366	564
CVIRI.g4038.t1	366
DCORO.DCO_017639	115	178	300	391	474	544	636	780
