CAFRA.g1284.t1	153	249	419	676	843	978	1417
CANGA.Cang_2012_03_13_00283.g8449.t1	172	345
CBREN.CBN25724	198	464	721	1023	1462
CBRIG.CBG21114	12	96	279	545	802	1104	1543
CCAST.g17995.t1	153	249	419	661	834	1408
CDOUG.g11065.t1	153	419	676	978	1417
CELEG.Y42G9A.6a	87	144	253	381	564	660	830	884	1141	1443	1882
CJAPO.CJA15178b	54	165	333	503	927	1062	1501
CKAMA.g831.t1	21	204	300	470	706	873	1008	1447
CLATE.FL83_08845-RA	183	449	706	1008	1447
CMONO.g4873.t1	81	153	249	330	419	673	752	846	978	1071	1207	1294	1417
CNOUR.g1851.t1	12	195	291	461	718	885	1020	1459
CPLIC.g4775.t1	81	153	249	419	676	749	843	975	1068	1204	1414
CREMA.FL82_13792-RA	342	608	865	1167
CSINI.Csp5_scaffold_00387.g10548.t2	84	611	868	1170	1609
CSP21.g4005.t1	3	114	186	363	452	621	703	779	873	1005	1098	1234	1321	1444
CSP26.g19420.t1	36	219	485	742	1044	1483
CSP28.g927.t1	72	521	924	1363
CSP29.g20120.t1	15	198	294	464	721	888	1012	1336
CSP31.g3255.t1	42	153	321	491	751	830	1059	1288	1375	1498
CSP32.g15714.t2	96	279	375	545	802	978	1113	1552
CSP34.Sp34_30147710.t1	87	144	256	384	567	663	833	1090	1392	1831
CSP38.g17332.t1	24	207	303	473	709	882	1456
CSP39.g6860.t1	183	279	449	706	873	1008	1106	1504
CSP40.g11250.t1	153	419	676	978	1417
CTROP.Csp11.Scaffold630.g18629.t1	108	291	557
CVIRI.g5154.t1	153	249	419	749	843	978	1294
DCORO.DCO_006277	117	177	277	405	516	588	684	854	1029	1104	1190	1284	1341	1416	1509	1645	1732	1855
