CAFRA.g7129.t1	31	195	404	727	930
CANGA.Cang_2012_03_13_00129.g5125.t1	
CBREN.CBN15260	31	401	523	927
CBRIG.CBG23577	58	137	238	392	601	784	923	1045	1246	1449
CCAST.g19563.t1	22	854
CDOUG.g13272.t1	31	395	517	718	921
CELEG.Y43F8C.13	31	392	514	715	918
CJAPO.CJA08351	25	177	386	709	912
CKAMA.g1703.t1	22	141	359	481	646	849
CLATE.FL83_14265-RA	22	395	517	718	921
CMONO.g18439.t1	22	87	177	240	332	433	573	652	794	879
CNOUR.g947.t1	31	192	401	724	924
CPLIC.g4058.t1	25	90	180	389	490	630	712	854	909
CREMA.FL82_12835-RB	31	404	526	727	876
CSINI.Csp5_scaffold_00355.g10010.t1	31	401	523	724	927
CSP21.g3215.t1	19	84	168	288	380	481	630	712	854	915
CSP26.g13338.t1	22	392	514	715	918
CSP28.g256.t1	31	192	401	924	1006	1234	1498
CSP29.g18273.t1	31	192	525	713	1036	1236	1268	1501	1765
CSP31.g18350.t1	28	183	398	639
CSP32.g6092.t1	31	195	404	727	927
CSP34.Sp34_50403200.t1	31	401	724	927
CSP38.g12873.t1	22	712	854
CSP39.g6154.t1	31	192	401	654	745	945
CSP40.g23385.t1	31	401	523	724	927
CTROP.Csp11.Scaffold630.g21900.t1	31	398	520	721	852
CVIRI.g10031.t1	31	186	398	639	721
DCORO.DCO_014697	37	102	189	312	404	505	645	727	948
