CAFRA.g9788.t1	94	198	1185
CANGA.Cang_2012_03_13_00398.g10294.t2	161	292	509	651	1038
CBREN.CBN20642	183	309	570
CBRIG.CBG02577	88	192	554	1047	1173	1434
CCAST.g6933.t1	180	434	649	1011	1398
CDOUG.g912.t1	88	192	560	1053	1179	1440
CELEG.C29H12.1	88	195	563	1056	1182	1443
CJAPO.CJA12875a	3	864	990	1248
CKAMA.g18921.t1	88	192	560	1179	1440
CLATE.FL83_04471-RA	88	192	560	1053	1179	1440
CMONO.g9463.t1	186	279	437	542	609	706	891	1017	1158	1278
CNOUR.g15470.t1	88	192	560	1053	1179	1440
CPLIC.g7851.t1	88	192	285	551	618	722	822	1020	1146	1284	1404
CREMA.FL82_12094-RA	88	192	560	1053	1179	1440
CSINI.Csp5_scaffold_00318.g9312.t1	88	192	554	1047	1173	1434
CSP21.g1946.t1	91	195	288	449	554	621	761	1059	1185	1326	1446
CSP26.g13870.t1	88	192	554	1047	1173	1434
CSP28.g11030.t1	88	192	560	1053	1179
CSP29.g1294.t1	88	192	560	1053	1179	1440
CSP31.g27043.t1	88	192	551	618	752	852	1050	1176	1437
CSP32.g1617.t1	94	198	1185
CSP34.Sp34_20125300.t1	88	192	563	1050	1176	1437
CSP38.g17286.t1	180	434	1008	1395
CSP39.g15525.t1	879	1140
CSP40.g8630.t1	88	192	554	1047	1173	1434
CTROP.Csp11.Scaffold629.g16442.t1	88	192	563	1056	1182	1443
CVIRI.g2296.t1	88	192	551	618	734	834	1032	1158	1419
DCORO.DCO_009861	58	128	252	413	585	707	807	893	1005	1131	1266	1386
