CAFRA.g8747.t1	34	158	259	439	632	782	861	980
CANGA.Cang_2012_03_13_00116.g4796.t1	263	364	544	627	737	887	1085
CBREN.CBN09417	67	106	227	328	508	701	795	851	930	1049
CBRIG.CBG14656	74	175	355	698	777	896
CCAST.g11837.t1	85	203	304	484	567	827	1025
CDOUG.g493.t1	34	155	256	436	629	723	779	858	977
CELEG.F32A6.5c	118	239	340	520	713	807	863	942	1061
CJAPO.CJA07513	74	175	355	548	698	777	896
CKAMA.g3246.t1	38	133	254	355	535	728	822	878	957
CLATE.FL83_00529-RA	100	221	322	502	789	845	924	1043
CMONO.g18318.t1	34	155	256	363	436	519	629	723	779	858	977
CNOUR.g774.t2	58	179	280	460	653	747	803	882	1001
CPLIC.g10433.t2	97	221	322	502	585	695	845	924	1043
CREMA.FL82_01184-RA	100	221	322	502	789	845	924	1043
CSINI.Csp5_scaffold_00012.g802.t1	100	221	322	502	845
CSP21.g13173.t2	100	212	313	420	493	576	686	836	915	1034
CSP26.g18232.t1	34	155	256	436	779	858	977
CSP28.g10487.t1	74	175	355	434	528	584	663
CSP29.g3884.t1	74	175	355	548	642	698	777
CSP31.g9048.t1	64	188	289	552	662	812	891	1010
CSP32.g15861.t1	106	230	331	511	704	854	933	1052
CSP34.Sp34_X0241100.t1	100	221	322	502	695	789	845	924	1043
CSP38.g10896.t2	112	224	325	505	588	698	848	1046
CSP39.g21625.t1	34	155	256	436	629	723	779	858	977
CSP40.g17678.t2	100	221	322	502	845	924	1043
CTROP.Csp11.Scaffold527.g3098.t1	100	221	322	502	644	794	873	992
CVIRI.g15955.t1	34	152	253	360	516	720	776	974
DCORO.DCO_001865	37	152	271	369	412	516	626	801
