CAFRA.g11253.t1	6	117	309	1203
CANGA.Cang_2012_03_13_00147.g5580.t1	63	159	351	824	1233
CBREN.CBN08896	90	282	480	734	1164
CBRIG.CBG04026	6	117	309	507	752	1182
CCAST.g9842.t1	45	141	333	797
CDOUG.g1784.t1	6	117	309	507	764	1194
CELEG.C34G6.7a	6	114	306	504	755	1188
CJAPO.CJA03119	90	282	1167
CKAMA.g2699.t1	36	144	336	782	1215
CLATE.FL83_14277-RA	111	303	501	755	1182
CMONO.g16450.t1	147	200	339	534	671	782	867	1011	1095	1158	1344
CNOUR.g2134.t1	9	111	303	501	761	1191
CPLIC.g13242.t1	93	285	480	728	1038	1191
CREMA.FL82_07895-RA	6	117	309	507	761	1188
CSINI.Csp5_scaffold_01226.g19407.t1	6	198	396	650	1080
CSP21.g6403.t1	93	146	285	465	596	701	936	1020	1161	1228
CSP26.g2043.t1	6	117	309	507	761	1191
CSP28.g2550.t1	90	282	480	740	1167
CSP29.g17787.t1	90	282	480	740	1170
CSP31.g1405.t1	96	288	486	623	734	1044	1182
CSP32.g8095.t1	6	114	306	1194
CSP34.Sp34_10294000.t1	6	114	306	504	758	1188
CSP38.g20813.t1	51	147	339	531	767	1077
CSP39.g15576.t1	90	282	480	740	1179
CSP40.g17016.t1	6	117	309	507	761	1191
CTROP.Csp11.Scaffold630.g17087.t1	6	117	309	507	761	1191
CVIRI.g5516.t1	57	156	348	549	815	1041	1275
DCORO.DCO_009391	114	170	309	492	635	737	858	966	1050	1233	1308
