CAFRA.g1915.t2	159	328	508	636	1705	2025	2223
CANGA.Cang_2012_03_13_00099.g4310.t1	159	325	505	952	1418
CBREN.CBN01403	159	328	636	1535	2175	2388
CBRIG.CBG20126	159	328	1511	1708	2094	2349
CCAST.g5698.t1	159	325	505	735	1636	2100	2453
CDOUG.g12940.t1	159	328	508	1592	2193	2462
CELEG.Y111B2A.11	159	328	508	636	1496	1702	2091	2321
CJAPO.CJA07117	159	328	508	636	2097	2285
CKAMA.g12705.t1	159	328	508	1532	1717	2142	2340
CLATE.FL83_14658-RA	159	328	508	1580	1762	2178	2454
CMONO.g4592.t1	159	373	553	681	783	1026	1326	1547	2032
CNOUR.g13922.t2	159	328	508	636	1714	2058	2274
CPLIC.g13555.t1	159	328	508	636	738	1451	1624	1938	2184
CREMA.FL82_19792-RA	159	328	508	636	1589	1771	2190	2460
CSINI.Csp5_scaffold_01026.g17700.t1	159	328	508	1520	1702	2193	2475
CSP21.g3327.t1	159	331	511	639	741	969	1263	1478	1630	1998	2228
CSP26.g11979.t2	159	328	508	1532	1717	2175	2415
CSP28.g9417.t1	159	328	508	636	1705	2025	2217
CSP29.g576.t1	159	328	508	636	1711	2085	2289
CSP31.g22429.t2	105	274	454	582	687	1394	1579	1896	2100
CSP32.g10592.t3	21	190	370	498	1561	1881	2067
CSP34.Sp34_30318700.t1	159	337	517	1571	1837	2289	2504
CSP38.g2269.t1	159	325	505	735	1615	1992	2210
CSP39.g8845.t2	159	331	511	639	1696	2016	2213
CSP40.g11660.t1	159	328	508	1538	1747	2229	2484
CTROP.Csp11.Scaffold630.g20892.t1	105	274	454	1529	2064	2304
CVIRI.g4099.t1	159	331	511	741	978	1257	1448	1938	2142
DCORO.DCO_004293	150	322	502	633	735	903	990	1086	1308	1604	2385	2666
