CAFRA.g15357.t1	96
CANGA.Cang_2012_03_13_00031.g1784.t1	90	208	423	558
CBREN.CBN00026	256	471	606
CBRIG.CBG02217	96	214	429	564
CCAST.g5523.t1	90	208	423	558
CDOUG.g8890.t1	85	537	682	837	955	1170	1305
CELEG.Y106G6H.14	96	214	429	564
CJAPO.CJA06993	54	172
CKAMA.g7516.t1	29	115	533	630	748	963	1098
CLATE.FL83_05218-RA	85	549	678	774	892	1107	1242
CMONO.g14965.t1	84	202	297	417	552
CNOUR.g16132.t1	96	214	564
CPLIC.g2292.t1	90	208	423	558
CREMA.FL82_15786-RA	96	214	429	564
CSINI.Csp5_scaffold_02524.g26847.t1	96	214	429	564
CSP21.g1339.t1	84	202	297	417	552
CSP26.g6972.t1	96	214	429	564
CSP28.g5180.t1	93	211
CSP29.g13709.t1	96	214	564
CSP31.g6772.t1	208	423
CSP32.g4547.t1	96
CSP34.Sp34_10217200.t1	96	214
CSP38.g5229.t1	90	208	423	558
CSP39.g25602.t1	96	214	564
CSP40.g15180.t1	96	214	429	564
CTROP.Csp11.Scaffold547.g3506.t1	96	214	429	564
CVIRI.g11637.t1	90	208	423
DCORO.DCO_019885	81	199	294	414	549
