CAFRA.g10266.t1	155	1011
CANGA.Cang_2012_03_13_00466.g11181.t1	250	360	642
CBREN.CBN02442	265	585	1020
CBRIG.CBG22065	179	283	603
CCAST.g7600.t1	217	430	540	822	969
CDOUG.g11642.t1	259	579	1014
CELEG.Y48G1A.3	152	256	576	1011
CJAPO.CJA15058b	276	711
CKAMA.g8283.t1	146	250	567	1002
CLATE.FL83_11525-RA	45	282
CMONO.g348.t1	55	152	256	355	576	681	864
CNOUR.g21915.t1	155	579	1014
CPLIC.g5060.t1	215	317	517	627	915	1062
CREMA.FL82_16977-RA	158	262	426	801	855	861	899
CSINI.Csp5_scaffold_01631.g22190.t1	188	292	612	744	1047
CSP21.g7111.t1	40	137	340	555	761	843
CSP26.g866.t1	182	286	606	738	1041
CSP28.g3882.t1	155	1014
CSP29.g17689.t1	155	579	1014
CSP31.g20265.t1	149	460	570	789	936
CSP32.g8834.t1	152	1008
CSP34.Sp34_10249900.t1	152	256	1011
CSP38.g19732.t1	146	463	573	1008
CSP39.g5771.t1	161	280	756	1029
CSP40.g9785.t1	188	292	612	744	1047
CTROP.Csp11.Scaffold629.g15186.t1	161	265	585	1020
CVIRI.g8323.t1	164	268	478	588	876	1023
DCORO.DCO_012875	36	94	197	301	400	546	612	672	818	957	1047	1173
