CAFRA.g17582.t1	156	218	378	497	1710
CANGA.Cang_2012_03_13_00881.g14721.t1	137	249	522	777	1227	1296	1490	1860
CBREN.CBN31632	171	233	393	512	1095	1161	1761
CBRIG.CBG06249	174	236	396	447	566	1149	1215	1779
CCAST.g10405.t1	269	429	684	1134	1203	1397	1767
CDOUG.g16854.t1	171	233	393	512	1095	1161	1725
CELEG.F35G2.1a.1	174	236	396	515	1098	1164	1728
CJAPO.CJA09663	153	215	375	494	1077	1143	1707
CKAMA.g6645.t1	183	245	405	524	1107	1173	1479	1737
CLATE.FL83_04848-RA	171	233	393	512	1095	1161	1725
CMONO.g1458.t1	153	215	375	494	536	630	779	935	1080	1146	1269	1340	1452	1542
CNOUR.g19345.t1	174	236	396	515	1098	1164	1728
CPLIC.g14127.t1	162	224	384	503	545	788	941	1086	1152	1275	1346	1458	1716
CREMA.FL82_03763-RA	171	233	393	512	1101	1167	1731
CSINI.Csp5_scaffold_00064.g3069.t1	174	236	396	515	1098	1164	1728
CSP21.g11767.t1	144	206	366	485	770	923	1068	1134	1328	1446	1614
CSP26.g5396.t1	111	230	813	879	1443
CSP28.g9312.t1	174	236	396	515	1098	1164	1728
CSP29.g3689.t1	153	215	375	494	1077	1143	1707
CSP31.g3668.t1	153	215	375	494	630	1077	1143	1449	1707
CSP32.g11019.t1	156	218	378	497	1710
CSP34.Sp34_40239800.t1	162	224	384	503	1086	1152	1599	1652	1766
CSP38.g5563.t1	242	402	521	645	1098	1167	1361	1731
CSP39.g2721.t1	177	239	399	518	1101	1167	1731
CSP40.g22667.t1	165	227	387	506	1089	1155	1719
CTROP.Csp11.Scaffold629.g12753.t1	171	233	393	512	1095	1161	1725
CVIRI.g1628.t1	165	227	387	506	791	1089	1155	1278	1461	1719
DCORO.DCO_007513	144	209	369	488	624	773	926	996	1137	1260	1443	1533	1704
