CAFRA.g1186.t1	49	217	345	552	726	1669	1956
CANGA.Cang_2012_03_13_00280.g8410.t1	143	643	922	1531	1716
CBREN.CBN09619	49	241	375	753	1017	2022
CBRIG.CBG15166	49	283	411	789	1077	1636	1735	2022
CCAST.g18532.t1	49	247	529	1194	2001
CDOUG.g13944.t1	49	259	387	765	1029	1708	1995
CELEG.F23H11.8a	49	244	372	1014	1690	1977
CJAPO.CJA14785	184	312	510	684	1218	1618	1905
CKAMA.g2616.t1	49	229	357	558	732	996	1269	1669	1956	2090	2213	2356	2497	2572	2676	2760	2817	2868	2895	2958	3183
CLATE.FL83_21825-RA	49	250	378	756	1020	1696	1983
CMONO.g16215.t1	51	123	225	429	579	693	767	839	986	1093	1260	1383
CNOUR.g8129.t1	49	238	366	567	741	1005	1278	1678	1965
CPLIC.g13350.t1	49	184	243	516	825	954	1104	1230	1304	1376	1630	1917
CREMA.FL82_11632-RB	49	265	393	771	1035	1711	1998
CSINI.Csp5_scaffold_02644.g27370.t1	49	259	1128	1506	1770	2449	2736
CSP21.g6415.t1	55	175	208	267	451	503	651	726	855	1005	1199	1271	1418	1692	1812
CSP26.g6554.t1	49	268	396	777	1041	1720	2007
CSP28.g11148.t1	49	226	354	555	729	1266	1525	1812
CSP29.g633.t1	49	177	378	450	714	987	1387	1641
CSP31.g21094.t1	49	177	298	375	447	549	813	963	1092	1238	1492
CSP32.g12077.t2	49	199	327	525	699	1242	1642	1929
CSP34.Sp34_30333500.t1	49	256	384	1029	1705	1992
CSP38.g3085.t1	52	250	553	1218	1421	2034
CSP39.g2681.t1	49	238	366	567	741	1005	1284	1684	1971
CSP40.g6808.t1	49	283	411	789	1053	1732	2019
CTROP.Csp11.Scaffold630.g16693.t2	49	277	405	786	1050	1726	2013
CVIRI.g4088.t1	49	193	321	442	519	693	957	1107	1310	1382	1529	1636	1923
DCORO.DCO_006763	55	114	183	262	292	441	603	678	807	957	1086	1160	1232	1379	1486	1653	1773	1892
