CAFRA.g8686.t1	62	165	279	397	562
CANGA.Cang_2012_03_13_00024.g1460.t1	62	165
CBREN.CBN09254	62	165	279	397
CBRIG.CBG14242	62	165	279	397	562
CCAST.g17205.t1	62	165
CDOUG.g20220.t1	62	165	279	397	562
CELEG.C18B2.4	62	165	279	397	559
CJAPO.CJA09711	62	165	279	397	562
CKAMA.g3038.t1	62	165	279	397	562
CLATE.FL83_00803-RA	107	210	324	442	607
CMONO.g1295.t1	62	165	276	394	541
CNOUR.g13776.t1	62	165	279	397	562
CPLIC.g1275.t1	62	165	397	574
CREMA.FL82_00872-RA	62	165	279	397	562
CSINI.Csp5_scaffold_00003.g175.t1	62	165	279	397	562
CSP21.g2537.t1	62	165	282	400	538
CSP26.g18750.t1	62	165	279	397	562
CSP28.g10425.t1	62	165	279	397	562
CSP29.g14635.t1	62	165	279	397	562
CSP31.g1790.t1	62	165	279	562
CSP32.g397.t1	62	165	279	397	562
CSP34.Sp34_X0267700.t1	62	165	279	397	559	645	747
CSP38.g15629.t1	62	165
CSP39.g20538.t1	62	165	279	397	562
CSP40.g22485.t1	62	165	279	397	562
CTROP.Csp11.Scaffold630.g18196.t1	62	165	279	397	562
CVIRI.g6207.t1	62	165	397	562
DCORO.DCO_017915	62	165	279	397	547	600
