CAFRA.g17218.t1	192	365	536	1171
CANGA.Cang_2012_03_13_01041.g15469.t3	192	648	696	1004
CBREN.CBN24485	198	371	542	1177
CBRIG.CBG12986	198	371	542	1192
CCAST.g11817.t1	192	693
CDOUG.g743.t1	198	371	542	1177
CELEG.ZK1290.12	198	371	542	1174
CJAPO.CJA09301	192	365	1177
CKAMA.g5967.t1	195	368	539	1180
CLATE.FL83_09400-RA	403	807	916	1092	1265	1436	2071
CMONO.g15832.t1	192	276	340	419	487	579	681	966	1051	1126	1230
CNOUR.g1058.t1	192	365	536
CPLIC.g9824.t1	368	533	604	1113
CREMA.FL82_14431-RA	403	807	913	1089	1262	1433	2068
CSINI.Csp5_scaffold_00169.g6172.t1	198	371	542	1177
CSP21.g10534.t1	189	226	377	616	702	898	987	1107	1198	1377	1473	1656	1892	2001
CSP26.g6862.t1	192	365	536	1171
CSP28.g15808.t1	192	365	536
CSP29.g9973.t1	192	365	536
CSP31.g27480.t1	201	374	545	1177
CSP32.g16839.t1	192	365	536	1171
CSP34.Sp34_20252800.t1	192	365	536	1168
CSP38.g3531.t1	198	699
CSP39.g18032.t1	192	365	1168
CSP40.g17156.t1	198	371	542	1177
CTROP.Csp11.Scaffold629.g15042.t1	198	371	542	1177
CVIRI.g12254.t1	201	545	1119
DCORO.DCO_009521	96	195	279	368	539	607	696	849	925	1014	1137	1234	1309	1413
