CAFRA.g17232.t2	31	153	196	311	470	596	669	777	941	1059	1333	1450	1929	2365	2721	2868
CANGA.Cang_2012_03_13_00080.g3680.t2	25	143	381	669	925	1057	1518	1534	1658	1780	2049	2136	2287
CBREN.CBN30494	25	140	290	416	489	591	749	867	996	1105	1228	1707	2143	2499	2697
CBRIG.CBG13003	43	162	205	320	470	542	615	717	878	996	1258	1381	1860	2296	2652	2803
CCAST.g12618.t1	186	229	347	623	804	1080	1333	1465	1926	2240	2362	2631	2718	2869
CDOUG.g10504.t1	108	151	266	416	542	615	717	872	990	1258	1381	1860	2296	2652	2799
CELEG.F35D2.5a	76	180	223	338	488	614	693	795	950	1068	1336	1459	1938	2374	2730	2881
CJAPO.CJA13549c	168	326	602	678	896	1014	1285	1704	2140	2496	2647
CKAMA.g5953.t1	146	531	665	772	838	948	1106	1256	1382	1455	1557	1691	1809	2065	2188	2670	3106	3462	3613
CLATE.FL83_09388-RA	156	199	314	590	663	765	914	1032	1294	1417	1905	2326	2682	2833
CMONO.g9072.t1	141	232	344	506	632	711	816	950	1080	1378	1510	1701	1805	2279	2401	2520	2670	2757	2895
CNOUR.g22429.t2	114	157	272	422	548	729	869	987	1261	1384	1863	2299	2655	2805
CPLIC.g306.t1	173	340	476	555	689	825	915	1036	1151	1301	1427	1506	1614	1700	1821	1975	2068	2324	2484	2798	2920	3189	3276	3399
CREMA.FL82_14443-RB	43	156	199	314	464	590	663	765	914	1032	1294	1417	1896	2317	2673	2820
CSINI.Csp5_scaffold_00169.g6154.t3	25	140	290	416	489	591	752	870	1132	1255	1734	2170	2526	2677
CSP21.g10704.t2	117	148	260	410	536	615	723	851	969	1099	1381	1587	1691	1776	1988	2165	2287	2556	2643	2793
CSP26.g6875.t1	106	228	271	386	536	662	735	837	998	1116	1378	1501	1980	2416	2772	2923
CSP28.g15820.t1	8	157	273	316	581	707	780	888	1031	1149	1417	1540	2019	2455	2811	2965	3052	3261	3396	3608	3825	5028	5187
CSP29.g9962.t1	114	157	272	422	548	729	869	987	1261	1384	1863	2299	2655	2809	2885	3210	3345	3563	3780	3972	4696	4983	5142
CSP31.g27498.t1	25	140	290	416	594	788	906	1177	1303	1619	1779	2093	2215	2484	2571	2718
CSP32.g16823.t1	132	175	290	449	575	648	756	920	1038	1312	1429	1908	2344	2700	2851
CSP34.Sp34_20251120.t1	43	153	196	311	461	587	666	768	923	1041	1309	1432	1911	2347	2703	2854
CSP38.g662.t1	177	220	338	488	614	795	959	1077	1333	1465	1926	2240	2362	2631	2718	2865
CSP39.g3436.t1	52	171	214	479	605	678	786	932	1050	1324	1447	1690	1935	2371
CSP40.g17142.t1	25	140	290	416	489	591	752	870	1132	1255	1734	2170	2526	2677
CTROP.Csp11.Scaffold625.g6332.t1	71	189	457	580	1059	1431	1445	1800	1951
CVIRI.g12662.t2	268	372	796	1138	1239	1400	1518	1801	1927	2379	2693	2815	3171	3318
DCORO.DCO_003789	30	120	217	329	425	497	623	702	807	998	1186	1378	1504	1658	1704	1814	1899	1991	2111	2288	2410	2529	2598	2766	2938
