CAFRA.g19583.t1	67	393	528
CANGA.Cang_2012_03_13_00049.g2588.t1	70	177
CBREN.CBN00627	67	375	510
CBRIG.CBG11108	67	378	513
CCAST.g9849.t1	61	168
CDOUG.g19626.t1	67	375	510
CELEG.F26H11.5	67	372
CJAPO.CJA31136	67	375	510
CKAMA.g18338.t1	67	378	513
CLATE.FL83_23917-RA	67	375
CMONO.g8617.t1	138	333	468	573
CNOUR.g13505.t1	67	375	510
CPLIC.g2575.t1	70	177	366	504	609
CREMA.FL82_06184-RA	67	375	564
CSINI.Csp5_scaffold_00601.g13403.t1	67	375	510
CSP21.g5622.t1	174	366	501	606
CSP26.g18284.t1	67	375	510
CSP28.g10999.t1	67	513
CSP29.g7084.t1	67	357	492
CSP31.g24401.t1	46	124	231	420	660
CSP32.g6302.t1	67	384	519
CSP34.Sp34_20165900.t1	67	375	510
CSP38.g21972.t1	67	174	363	513
CSP39.g1435.t1	67	381	516
CSP40.g18312.t1	67	375
CTROP.Csp11.Scaffold629.g15679.t1	718	1433	1699	2010	2145
CVIRI.g11813.t1	61	168	357	597
DCORO.DCO_019255	63	171	252	360	495	600
