CAFRA.g6971.t1	127	621
CANGA.Cang_2012_03_13_00139.g5397.t1	124	585
CBREN.CBN19775	127	618
CBRIG.CBG09135	105	402	582
CCAST.g15757.t1	124	457	585
CDOUG.g19908.t1	124	618
CELEG.T20B12.7	127	612
CJAPO.CJA20418	528
CKAMA.g10367.t1	127	621
CLATE.FL83_22435-RA	228
CMONO.g12072.t1	49	117	193	312
CNOUR.g16024.t1	127	600
CPLIC.g13586.t1	46	228	375	576
CREMA.FL82_20939-RA	127	621
CSINI.Csp5_scaffold_02648.g27384.t1	130	435	609
CSP21.g5801.t1	49	97	286	567
CSP26.g4007.t1	133	438	618
CSP28.g13479.t1	127	588
CSP29.g17942.t1	127	600
CSP31.g10992.t1	58	115	219	457	585
CSP32.g10564.t1	127	600
CSP34.Sp34_30052000.t1	127	339	513
CSP38.g14.t1	130	237	463	591
CSP39.g3547.t2	127	603	678
CSP40.g20179.t1	139	444	621
CTROP.Csp11.Scaffold629.g12611.t1	136	630
CVIRI.g8187.t1	46	124	466	594
DCORO.DCO_018701	61	148	280	441	514	642
