CAFRA.g17622.t1	95	272	368	468	667	1906
CANGA.Cang_2012_03_13_00588.g12534.t2	164	264	463	901	1228
CBREN.CBN32145	89	266	362	462	661	823	1168	1285
CBRIG.CBG03326	89	266	362	462	661	823	1168	1285	1900
CCAST.g12411.t1	80	257	353	453	652	811	1083	1561	1888
CDOUG.g17478.t1	89	266	362	462	661	823	1168	1285	1900
CELEG.F28D1.9	89	266	362	462	661	823	1168	1285	1900
CJAPO.CJA14803	181	335	512	608	907	1069	1414	2146	2396	2526
CKAMA.g12938.t1	89	266	362	462	661	823	1168	1285	1900	2069	2190
CLATE.FL83_04812-RA	89	266	362	462	661	823	1168	1285	1900
CMONO.g5740.t1	71	248	344	444	531	643	805	875	922	1210	1867
CNOUR.g15899.t1	203	380	476	576	775	1007	2011
CPLIC.g14210.t1	84	190	427	527	704	800	900	987	1258	1432	1720	2008
CREMA.FL82_03729-RA	89	266	362	462	661	823	1168	1285	1900
CSINI.Csp5_scaffold_01712.g22669.t1	66	207	278	455	551	651	850	1016	1291	2068
CSP21.g4067.t1	62	239	335	435	634	863	967	1005	1156	1306	1511	1774
CSP26.g5353.t1	164	260	360	559	721	1066	1183	1798
CSP28.g9346.t1	24	170	347	443	1249	1366	1978
CSP29.g3723.t1	167	344	440	540	739	971	1975
CSP31.g15788.t1	71	248	344	444	531	643	872	1147	1264	1552	1885
CSP32.g4608.t1	95	272	368	468	667	1906
CSP34.Sp34_40243100.t1	89	266	362	462	661	823	1168	1285	1900
CSP38.g4500.t1	77	254	350	450	537	649	808	1080	1153	1558	1885
CSP39.g21061.t1	89	266	661	767	817	1432
CSP40.g22709.t1	89	266	362	462	661	1168	1285	1900
CTROP.Csp11.Scaffold629.g12699.t1	89	266	362	661	823	1168	1285	1900
CVIRI.g10476.t1	86	263	459	658	817	887	1089	1162	1894
DCORO.DCO_006179	89	266	362	462	526	661	823	893	997	1095	1285	1432	1570	1735	1897
