CAFRA.g2255.t1	83	267	411	513
CANGA.Cang_2012_03_13_00915.g14907.t1	186	438
CBREN.CBN32255	
CBRIG.CBG00075	83	267	414	516	603
CCAST.g10464.t1	80	276	528
CDOUG.g10512.t1	83	273	417	519	606
CELEG.T22H6.1	83	267	411	513	600
CJAPO.CJA01699	83	267	411	513	600
CKAMA.g10872.t1	165	267	354
CLATE.FL83_03362-RA	83	276	420	522	609
CMONO.g12458.t1	89	270	414	516	603
CNOUR.g4416.t1	71	255	399	501	588
CPLIC.g10577.t1	65	255	396	585
CREMA.FL82_01266-RA	83	279	423	525	612
CSINI.Csp5_scaffold_00019.g1166.t1	83	270	414	516	603
CSP21.g8550.t1	80	264	408	510	597
CSP26.g13998.t1	144	246	333
CSP28.g14780.t1	71	258	402	504	591
CSP29.g6535.t1	71	255	399	501	588
CSP31.g21413.t1	86	270	414	603
CSP32.g13858.t1	165	267
CSP34.Sp34_X0221400.t1	83	267	411	513	600
CSP38.g17769.t1	80	267	606
CSP39.g29776.t1	71	258	402	504	591
CSP40.g12122.t1	47	231	375	477	564
CTROP.Csp11.Scaffold630.g18815.t1	83	270	414	603
CVIRI.g8511.t1	141	285	387	474
DCORO.DCO_019697	95	267	411	513	600
