CAFRA.g13881.t1	117	262	331	469	540
CANGA.Cang_2012_03_13_00263.g8086.t1	7	189	346	412	550
CBREN.CBN00296	117	262	331	469	540
CBRIG.CBG14510	117	262	331	469	540
CCAST.g12708.t1	64	243	400	466	604
CDOUG.g3417.t1	34	168	313	382	520	591
CELEG.C46C11.3	117	262	331	469	540
CJAPO.CJA00779a	63	197	342	411	549	620
CKAMA.g3156.t1	34	168	313	382	520	591
CLATE.FL83_00636-RA	117	262	331	469	540
CMONO.g17205.t1	117	262	331	469	549
CNOUR.g5490.t1	117	262	331	469	540
CPLIC.g10970.t1	117	262	322	460	528
CREMA.FL82_01064-RA	117	262	331	469	540
CSINI.Csp5_scaffold_00053.g2711.t1	117	262	331	469	540
CSP21.g13716.t1	117	262	331	469	549
CSP26.g2647.t1	157	291	436	505	643	714
CSP28.g9834.t1	117	262	331	469	540
CSP29.g11519.t1	40	174	319	388	526	597
CSP31.g8836.t1	66	211	280	418	498
CSP32.g8420.t1	34	168	313	382	520	591
CSP34.Sp34_X0252720.t1	117	262	331	469	537
CSP38.g18887.t1	67	234	379	445	583	657
CSP39.g26682.t1	40	171	316	385	523	594
CSP40.g12436.t1	34	168	313	382	520	591
CTROP.Csp11.Scaffold622.g6276.t1	117	262	331	469	540
CVIRI.g4300.t1	22	153	298	367	505	585
DCORO.DCO_017129	23	174	249	397	466	604	744
