CAFRA.g17028.t1	224	393	542
CANGA.Cang_2012_03_13_00065.g3178.t1	40	390	539	684
CBREN.CBN09108	55	239	557	702
CBRIG.CBG16864	55	236	699
CCAST.g16928.t1	40	390	539	684
CDOUG.g37.t1	52	236	699
CELEG.F45E1.4	52	227	545	690
CJAPO.CJA17647a	58	236	405	554	699
CKAMA.g1011.t1	52	236	554	699
CLATE.FL83_00056-RA	55	239	287	432
CMONO.g14033.t1	107	183	276	570	696
CNOUR.g15203.t1	49	224	542
CPLIC.g7711.t1	186	484	671	840	989	1134
CREMA.FL82_01348-RA	55	239	557	702
CSINI.Csp5_scaffold_00226.g7479.t2	7	64	248	566	711
CSP21.g8531.t1	43	221	297	390	539	810
CSP26.g10879.t1	55	239	557	702
CSP28.g14723.t1	49	221	539
CSP29.g12911.t1	49	224	542
CSP31.g21785.t1	46	230	693
CSP32.g4042.t1	35	204	353
CSP34.Sp34_X0214700.t1	52	236	554	699
CSP38.g6010.t1	40	390	539	684
CSP39.g5722.t1	49	221	539
CSP40.g8299.t1	55	233	551	696
CTROP.Csp11.Scaffold630.g18903.t1	52	236	554
CVIRI.g13093.t1	49	230	399	548
DCORO.DCO_017305	52	209	285	381	524	669	795
