CAFRA.g19302.t1	40	118	219	845	923	1018	1144	1222	1231	1316	1414
CANGA.Cang_2012_03_13_00324.g9215.t1	553	917	1138	1216	1301	1399
CBREN.CBN16635	40	127	228	714	932	1027	1153	1231	1316	1414
CBRIG.CBG08362	40	118	219	705	923	1018	1144	1222	1307	1405
CCAST.g2764.t1	550	914	1135	1213	1222	1307	1405
CDOUG.g3671.t1	40	136	237	723	941	1036	1162	1240	1325	1423
CELEG.C02F4.2c	40	130	231	717	857	935	1030	1156	1234	1319	1438
CJAPO.CJA12702	40	115	216	702	920	1015	1141	1219	1228	1313	1411
CKAMA.g7017.t1	40	160	261	696	914	1009	1135	1213	1298	1396	1546
CLATE.FL83_18231-RA	40	118	219	923	1018	1144	1222	1307	1405
CMONO.g456.t1	37	103	204	357	544	690	830	908	1003	1129	1207
CNOUR.g5423.t1	40	118	219	705	845	923	1018	1144	1222	1231	1316	1414
CPLIC.g4655.t1	37	106	207	360	547	693	911	1006	1132	1210	1295	1393
CREMA.FL82_03118-RA	40	118	219	705	923	1018	1144	1222	1307	1409	1519
CSINI.Csp5_scaffold_00657.g14091.t1	101	587	805	900	1026
CSP21.g13985.t3	40	109	210	363	550	836	1009	1135	1213	1298	1396	1462
CSP26.g4495.t1	40	118	219	705	923	1018	1057	1135	1220	1318
CSP28.g12585.t1	40	118	219	705	845	923	1018	1144	1222	1307	1405
CSP29.g3404.t1	40	118	219	705	845	923	1018	1144	1222	1307	1508	1621
CSP31.g5314.t3	34	127	228	1027	1153	1231	1316	1418	1516
CSP32.g813.t1	40	118	219	705	845	923	1018	1144	1222	1307	1405
CSP34.Sp34_40076500.t1	40	115	216	702	842	920	1015	1141	1219	1304	1402
CSP38.g9079.t1	37	109	550	1135	1213	1222	1307	1405
CSP39.g19889.t1	40	118	219	705	845	923	1018	1144	1222	1231	1316	1414
CSP40.g14125.t1	40	121	222	708	926	1021	1147	1225	1234	1319	1417
CTROP.Csp11.Scaffold629.g9244.t1	177	663	881	976	1102	1180	1189	1274	1372
CVIRI.g2771.t1	10	111	451	737	910	1036	1114	1123	1208	1306
DCORO.DCO_009291	25	94	195	348	535	681	821	899	994	1120	1198	1283	1381
