CAFRA.g16434.t1	822	1047	1300	1388	2127	2433
CANGA.Cang_2012_03_13_00245.g7790.t1	214	1104	1357	1445	1563	1854	2011	2172	2484
CBREN.CBN12145	1122	1375	1463	2142	2445
CBRIG.CBG22218	179	1128	1387	1475	1520	2244	2550
CCAST.g12729.t1	214	1101	1354	1442	1560	1857	2014	2175	2487
CDOUG.g11442.t1	1122	1375	1463	2163	2466
CELEG.Y71G12A.3a	1122	1372	1460	2166	2472
CJAPO.CJA11750	1086	1351	1436	2151	2454
CKAMA.g8234.t1	1086	1336	1424	2145	2457
CLATE.FL83_17383-RA	600	1122	1372	1460	2172	2478
CMONO.g10672.t1	1086	1237	1325	1443	1638	1719	1828	2010	2157	2259	2307
CNOUR.g14884.t1	1086	1333	1421	2118	2430
CPLIC.g6323.t1	1089	1240	1348	1439	1557	1764	1854	2154	2301	2457
CREMA.FL82_07799-RA	600	1122	1372	1460	2172
CSINI.Csp5_scaffold_01221.g19364.t1	179	457	1128	1386
CSP21.g894.t1	59	345	546	714	869	967	1104	1255	1357	1445	1651	1975	2190	2445
CSP26.g19015.t1	179	457	1128	1390	1478	2181	2484
CSP28.g1575.t1	1086	1333	1421	2106	2418
CSP29.g11382.t1	1086	1333	1475	2172	2484
CSP31.g22684.t1	1107	1258	1360	1448	1566	1767	1996	2307	2604
CSP32.g13353.t1	1098	1351	1439	2154	2457
CSP34.Sp34_10239520.t1	1128	1378
CSP38.g19576.t1	214	1092	1336	1424	1542	1791	1948	2106	2187	2412
CSP39.g23944.t1	179	1047	1294	1382	2070	2379
CSP40.g4884.t1	278	949	1211	1299	2002	2308
CTROP.Csp11.Scaffold629.g8428.t1	1122	1372	1460	2157	2460
CVIRI.g4406.t1	1089	1240	1339	1427	1545	1764	1848	1999	2160	2241	2460
DCORO.DCO_004561	55	274	435	598	686	833	934	1080	1169	1231	1330	1418	1542	1629	1749	1821	1945	2114	2166	2247	2421	2469
