CAFRA.g9160.t1	70	198	326	441	588
CANGA.Cang_2012_03_13_00401.g10332.t1	36	264	667	847	1069	1273	1302	1413	1537	1793	1908	2055
CBREN.CBN29553	255	383	498	645
CBRIG.CBG09061	70	326	441	588
CCAST.g12914.t1	70	326	441	588
CDOUG.g21773.t1	70	198	326	441	588
CELEG.F01F1.3	70	198	326	441	588
CJAPO.CJA09900	70	198	326	441	588
CKAMA.g4533.t1	39	143	485	571	670	798	926	1041	1188
CLATE.FL83_19838-RA	70	198	326	441	588
CMONO.g8044.t2	70	216	344	459	606
CNOUR.g14205.t1	70	198	326	441
CPLIC.g918.t1	70	198	326	441	588
CREMA.FL82_16850-RA	70	198	326	441	588
CSINI.Csp5_scaffold_02617.g27252.t2	39	119	430	686	801	948
CSP21.g10255.t1	70	198	326	441	588
CSP26.g5037.t1	70	326	441	588
CSP28.g16226.t1	70	198	326	441
CSP29.g1904.t1	70	198	326	441
CSP31.g24070.t1	70	198	326	441	588
CSP32.g12863.t1	70	198	326	441	588
CSP34.Sp34_30141800.t1	70	198	326	441	588
CSP38.g11845.t1	70	326	441	588
CSP39.g1466.t1	70	198	326	441
CSP40.g21830.t1	70	326	588
CTROP.Csp11.Scaffold546.g3480.t1	70	198	326	441	588
CVIRI.g1383.t1	70	198	326	441	588
DCORO.DCO_018109	70	197	326	441	588
