CAFRA.g16227.t1	73	180
CANGA.Cang_2012_03_13_00270.g8222.t1	73	180
CBREN.CBN07292	73
CBRIG.CBG10810	73	180
CCAST.g6796.t1	73	180
CDOUG.g6337.t1	73	180
CELEG.Y110A7A.20	73	180
CJAPO.CJA11221	180
CKAMA.g10754.t1	73	180
CLATE.FL83_12370-RA	85	192
CMONO.g14138.t1	73	180	279
CNOUR.g8369.t1	73	180
CPLIC.g13472.t1	73	180	276
CREMA.FL82_08830-RA	82	189
CSINI.Csp5_scaffold_00676.g14302.t1	73	180
CSP21.g8661.t1	93	166	231	279	335
CSP26.g7557.t1	73	180
CSP28.g2874.t1	73	180
CSP29.g17380.t1	73	180
CSP31.g8433.t1	73
CSP32.g15370.t1	79	189	372	657	894	918	1039	1146
CSP34.Sp34_10257310.t1	73	180
CSP38.g20265.t1	73	180	276
CSP39.g16400.t1	73	180
CSP40.g17903.t1	73	180
CTROP.Csp11.Scaffold542.g3418.t1	73	180
CVIRI.g3776.t1	76	183	279
DCORO.DCO_023537	70	177	276
