CAFRA.g1711.t2	18	192	410	561	644	886
CANGA.Cang_2012_03_13_00192.g6662.t1	125	379	494	748
CBREN.CBN02124	123	347	584	835
CBRIG.CBG12936	57	132	282	506	740	1000
CCAST.g4984.t1	66	138	300	524	761	1015
CDOUG.g19125.t1	90	162	228	372	596	747	833	1090
CELEG.Y113G7A.6a	48	129	198	357	581	732	824	1072
CJAPO.CJA05667	170	321	404	649
CKAMA.g12514.t1	45	102	168	292	473	682	916
CLATE.FL83_19588-RA	72	138	291	509	746	997
CMONO.g16536.t1	25	279	508	600	639	765	840	977	1128	1220	1302	1483
CNOUR.g7267.t1	18	192	413	647	895
CPLIC.g10349.t1	105	225	300	606	707	982
CREMA.FL82_13025-RB	72	138	291	509	746	997
CSINI.Csp5_scaffold_01966.g24127.t1	51	126	276	497	788
CSP21.g14278.t1	114	165	213	312	384	518	749	834	991
CSP26.g4384.t2	57	126	186	330	545	779	1042
CSP28.g7544.t1	126	347	581
CSP29.g19754.t1	54	102	276	497	724	759	952	1077
CSP31.g2278.t1	18	171	582	762	913
CSP32.g6744.t1	48	99	273	491	642	725	964
CSP34.Sp34_50430800.t1	42	126	192	351	575	726	815	1072
CSP38.g12105.t2	72	129	300	527	764	1027
CSP39.g18825.t1	18	192	413	647	892
CSP40.g3791.t1	57	120	276	497	728	985
CTROP.Csp11.Scaffold75.g459.t2	426	763
CVIRI.g1033.t1	63	114	261	479	630	804	964
DCORO.DCO_016789	8	14	90	168	311	453	609	691	796
