CAFRA.g358.t1	228	456	582
CANGA.Cang_2012_03_13_00080.g3700.t2	261	585
CBREN.CBN03458	228	432	558
CBRIG.CBG13105	228	435	561
CCAST.g4339.t1	231	546
CDOUG.g803.t1	228	441	567
CELEG.F32A5.4a.1	228	432	558
CJAPO.CJA06899	228	447	573
CKAMA.g1920.t1	228	444	570
CLATE.FL83_09480-RA	228	444	570
CMONO.g3912.t1	132	234	330	450	576
CNOUR.g1126.t1	228	435	561
CPLIC.g14224.t1	231	549
CREMA.FL82_14358-RA	228	432	558
CSINI.Csp5_scaffold_00152.g5738.t1	228	432	558
CSP21.g10581.t1	126	228	309	420	546
CSP26.g6940.t1	228	432	558
CSP28.g15749.t1	228	438
CSP29.g10031.t1	228	435	561
CSP31.g11885.t1	228	474
CSP32.g6978.t1	228	465	591
CSP34.Sp34_20259900.t1	231	435	561
CSP38.g18808.t1	228	543
CSP39.g22847.t1	228	441
CSP40.g8361.t1	228	441	567
CTROP.Csp11.Scaffold485.g1932.t1	228	432	558
CVIRI.g9280.t1	231	471	597
DCORO.DCO_019603	123	291	393	519
