CAFRA.g17052.t1	47	134	397	507	609	673	771	908	976	1076	1162
CANGA.Cang_2012_03_13_00271.g8247.t1	131	199	299	385
CBREN.CBN18180	161	248	300	511	621	723	860	928	1028	1114	1169
CBRIG.CBG16830	155	242	294	505	615	826	924	1061	1129	1229	1315	1370
CCAST.g15081.t1	11	98	150	361	471	637	735	872	940	1040	1126
CDOUG.g16.t1	47	134	186	397	507	609	673	771	908	976	1076	1162	1217
CELEG.C54D2.4a	155	242	294	505	615	793	891	1028	1096	1196	1282	1337
CJAPO.CJA29064	96	233	301	401	487	542
CKAMA.g993.t1	193	303	405	469	567	704	772	872	958	1013
CLATE.FL83_00082-RA	155	242	294	484	594	696	760	858	995	1063	1163	1249	1304
CMONO.g13984.t1	287	374	426	637	747	849	913	1011	1148	1216	1316	1408	1463
CNOUR.g15222.t1	47	134	186	397	507	609	673	771	908	976	1076	1162
CPLIC.g10581.t1	146	233	285	496	606	708	772	870	1007	1075	1175	1261	1316
CREMA.FL82_01378-RA	155	242	328	568	678	780	844	942	1079	1147	1247	1333	1388
CSINI.Csp5_scaffold_00958.g17097.t3	36	247	303	405	469	567	704	772	872	958	1013
CSP21.g12012.t1	47	134	186	397	507	609	673	771	908	976	1076	1217
CSP26.g10855.t1	47	134	186	397	507	609	673	771	908	976	1076	1162	1217
CSP28.g14706.t1	47	134	186	397	507	609	673	771	908	976
CSP29.g12072.t1	47	134	186	397	507	673	771	908	976	1076	1162
CSP31.g21365.t1	47	134	186	397	507	609	673	771	905	973	1073	1159
CSP32.g4062.t1	47	134	186	397	507	609	673	771	908	976	1076	1162	1217
CSP34.Sp34_X0211900.t1	47	134	186	397	507	609	673	771	908	976	1076	1162	1217	1338	1681
CSP38.g13223.t1	47	134	186	397	507	673	771	908	976	1076	1162
CSP39.g5744.t1	47	134	186	397	507	609	673	771	908	976	1076	1162
CSP40.g8273.t1	47	134	186	397	507	609	673	771	908	976	1076	1162	1217
CTROP.Csp11.Scaffold629.g12383.t3	36	247	357	459	579	716	784	884	970	1025
CVIRI.g799.t1	146	233	285	496	606	772	870	1007	1075	1175	1261	1316
DCORO.DCO_001096	47	134	186	397	507	609	655	753	890	958	1058	1144	1199
