CAFRA.g6351.t1	217	588	706
CANGA.Cang_2012_03_13_00250.g7883.t1	205	373	694
CBREN.CBN22127	202	411	573	691
CBRIG.CBG18247	63	161	270	529	894	1012
CCAST.g11395.t1	214	382	703
CDOUG.g17454.t1	202	408	570	688
CELEG.T12D8.3	199	408	570	688
CJAPO.CJA04163	211	420	582	700
CKAMA.g936.t1	208	417	579	697
CLATE.FL83_18178-RA	205	408	570	688
CMONO.g9422.t1	135	265	465	630	748
CNOUR.g1206.t1	211	420	700
CPLIC.g5831.t1	78	208	570	688
CREMA.FL82_09709-RA	253	456	618	736
CSINI.Csp5_scaffold_00269.g8362.t1	202	405	567	685
CSP21.g755.t1	93	223	423	588	706
CSP26.g1713.t1	202	405	567	685
CSP28.g9438.t1	214	585	703
CSP29.g10846.t1	132	236	450	691	900	1180
CSP31.g21079.t1	232	721
CSP32.g4885.t1	214	585	703
CSP34.Sp34_30104800.t1	211	420	582	700
CSP38.g21553.t1	187	673
CSP39.g5459.t1	165	220	429	591	709
CSP40.g13217.t1	202	405	567	685
CTROP.Csp11.Scaffold628.g7228.t1	202	570	688
CVIRI.g16181.t1	81	276	697
DCORO.DCO_017739	90	220	432	561	726
