CAFRA.g303.t1	91	191	398	540	627	740	890	1044	1176	1236	1365	2289	2361	2461	2856	3066	3213
CANGA.Cang_2012_03_13_00149.g5653.t1	321	560	685	827	914	1027	1181	1355	1451	1943	2201	2463
CBREN.CBN17035	58	158	240	365	507	594	707	857	1011	1143	1206	1329	2226	2394	2466	2556	2799	3006	3450
CBRIG.CBG01967	58	158	365	546	633	746	896	1050	1182	1248	1374	2172	2340	2412	2506	2694	2901	3039	3108	3255
CCAST.g13125.t1	97	197	279	404	546	633	746	896	1050	1230	1326	1821	2079	2736
CDOUG.g1206.t1	91	191	273	398	540	627	740	890	1044	1176	1239	1359	2220	2388	2460	2560	2748	2955	3093	3162	3309
CELEG.ZC373.4	58	158	240	365	507	594	707	857	1011	1143	1206	1335	2193	2361	2433	2530	2718	2925	3069	3138	3282
CJAPO.CJA16214	103	203	285	410	552	639	752	902	1056	1188	1248	1368	2151	2319	2403	2500	2895	3033	3102	3249
CKAMA.g9218.t1	58	158	240	365	507	594	707	857	1011	1143	1206	1320	2121	2364	2461	2856	2994	3063	3210
CLATE.FL83_01401-RA	91	191	273	398	540	627	740	890	1044	1176	1239	1368	2232	2400	2472	2572	2760	2967	3105	3174	3321
CMONO.g11452.t1	97	197	279	404	546	633	746	896	1050	1182	1227	1434	2046	2229	2295	2410	2601	2808	2946	3015	3147
CNOUR.g15161.t1	91	191	273	398	540	740	890	1044	1176	1239	1353	2166	2334	2403	2500	2898	3036	3105	3252
CPLIC.g5598.t1	58	158	240	365	507	594	707	857	1011	1608	1827	2058	2208	2271	2382	2499	2622	2718	2808	2922	3033	3159	3366
CREMA.FL82_17281-RA	91	191	273	398	540	627	740	890	1044	1176	1239	1368	2232	2400	2472	2572	2760	2967	3105	3174	3321
CSINI.Csp5_scaffold_00147.g5622.t1	91	191	273	398	540	627	740	890	1044	1176	1239	1368	2181	2349	2421	2521	2709	2916	3054	3123	3270
CSP21.g13548.t1	103	203	285	410	552	639	752	902	1056	1188	1233	1428	1980	2089	2280	2481	2616	2817
CSP26.g270.t1	91	191	273	398	540	627	740	890	1044	1176	1239	1368	2094	2262	2334	2434	2622	2829	2967	3036	3183
CSP28.g14749.t1	91	191	398	540	627	740	890	1044	1176	1239	1371	2211	2379	2451	2548	2943	3150	3297
CSP29.g12940.t1	91	191	440	582	669	782	932	1086	1218	1281	1395	2388	2457	2554	2949	3087	3156	3303
CSP31.g25061.t1	91	191	273	398	540	627	740	890	1044	1176	1242	1380	2070	2238	2304	2589	2796	3003	3150
CSP32.g12701.t1	91	191	273	398	540	627	740	890	1044	1176	1236	1362	2283	2355	2458	2853	3063	3210
CSP34.Sp34_X0064600.t1	58	158	240	365	507	594	707	857	1011	1143	1206	1338	2205	2373	2445	2542	2730	2937	3078	3147	3294
CSP38.g1850.t1	58	158	240	365	507	594	707	857	1011	1191	1296	1788	2040	2700	2847
CSP39.g5696.t1	91	191	398	540	627	740	890	1044	1176	1251	1374	2235	2475	2572	2967	3105	3174	3321
CSP40.g15916.t1	91	191	273	398	540	627	740	890	1044	1176	1239	1368	2178	2346	2418	2518	2706	2913	3051	3120	3267
CTROP.Csp11.Scaffold629.g13658.t1	58	158	240	365	507	594	707	857	1011	1143	1206	1326	2127	2367	2467	2650	2856	2994	3063	3210
CVIRI.g15455.t1	91	191	273	398	540	627	740	890	1044	1239	1392	2226	2289	2577	2991	3138
DCORO.DCO_003395	97	279	404	546	746	896	1053	1185	1302	1377	1902	1986	2116	2235	2316	2457	2664	2733	2826
