CAFRA.g16781.t1	33	120	200	257
CANGA.Cang_2012_03_13_00074.g3483.t1	57	144	450
CBREN.CBN16429	57	144	221	275
CBRIG.CBG00604	63	150	173	227
CCAST.g3296.t1	33	120	423
CDOUG.g20609.t1	33	120	197	251
CELEG.F56C9.8	33	120	197	254
CJAPO.CJA12923	33	120	242
CKAMA.g7372.t1	60	147	224	278
CLATE.FL83_20178-RA	67
CMONO.g12858.t1	33	120	218	281	456
CNOUR.g12998.t1	33	120	200	257
CPLIC.g1286.t1	33	120	248	348	432
CREMA.FL82_16406-RA	67	121
CSINI.Csp5_scaffold_01400.g20682.t1	69	156	233	287
CSP21.g1744.t1	33	117	200	248	309	393
CSP26.g20072.t1	33	120	197	251
CSP28.g4799.t1	33	120	200	257
CSP29.g2626.t1	57	144	224	281
CSP31.g13268.t1	33	120	200	257	354
CSP32.g1332.t1	33	120	200	257
CSP34.Sp34_30035100.t1	33	120	197	251
CSP38.g15156.t2	57	144	468
CSP39.g4257.t1	33	120	200	257
CSP40.g1348.t1	33	120	197	251
CTROP.Csp11.Scaffold505.g2413.t1	33	117	194	248
CVIRI.g13193.t1	33	120	251	426
DCORO.DCO_021637	33	120	278	369	447
