CAFRA.g5818.t1	123	1104
CANGA.Cang_2012_03_13_00202.g6883.t1	120	360	508	717
CBREN.CBN02420	511	842
CBRIG.CBG15770	123	511	842	1089
CCAST.g7945.t1	3	391	600	722
CDOUG.g13093.t1	129	517	848
CELEG.Y39E4A.3b	3	126	514	845
CJAPO.CJA00635.1	123	842	1104
CKAMA.g861.t1	123	511	842
CLATE.FL83_14521-RA	123	379	710
CMONO.g582.t1	129	252	369	511	726	848	992	1110	1196	1280
CNOUR.g12425.t1	123	842
CPLIC.g11454.t1	120	502	717	839	983
CREMA.FL82_22427-RA	123	511	842
CSINI.Csp5_scaffold_01737.g22811.t1	120	508	839
CSP21.g14358.t1	120	243	360	502	679	839	1101
CSP26.g16790.t1	126	514	845
CSP28.g8416.t1	123	842
CSP29.g403.t1	123	842
CSP31.g5801.t1	126	249	366	723	845	989	1107
CSP32.g5875.t1	123	1104
CSP34.Sp34_30294200.t1	123	511	842
CSP38.g8164.t1	120	243	717	839	983
CSP39.g12473.t1	123	842	1104
CSP40.g24482.t1	123	511	842
CTROP.Csp11.Scaffold629.g16045.t1	123	511	842
CVIRI.g4769.t1	123	246	505	720	842	1104
DCORO.DCO_010221	276	399	516	658	747	873	995	1139	1257	1343
