CAFRA.g12592.t2	99	271	430	529	700	855	1029	1105
CANGA.Cang_2012_03_13_00195.g6742.t1	96	427	697	1038	1114
CBREN.CBN04196	99	271	430	529	700	849	1023	1099
CBRIG.CBG14708	99	271	430	529	700	849	1023	1099
CCAST.g634.t1	93	424	694	1047	1123
CDOUG.g11983.t1	99	271	430	529	700	855	1029	1105
CELEG.F14D12.6b	99	271	430	529	700	855	1029	1105
CJAPO.CJA15649	132	304	463	562	733	882	1056	1132
CKAMA.g3278.t1	99	271	430	529	700	855	1029	1105
CLATE.FL83_00484-RA	99	271	430	529	700	849	1023	1099
CMONO.g10075.t1	88	207	379	538	637	805	879	948	1125	1201
CNOUR.g13192.t1	99	271	430	529	700	855	1029	1105
CPLIC.g9030.t1	99	271	430	529	700	840	1032	1108
CREMA.FL82_01227-RA	99	271	430	529	700	849	1023	1099
CSINI.Csp5_scaffold_00309.g9171.t1	99	271	430	529	700	849	1023	1099
CSP21.g16179.t1	99	271	430	529	697	894	1050	1126
CSP26.g749.t2	99	271	430	529	700	855	1029	1105
CSP28.g10517.t1	99	271	430	700	855	1029	1105
CSP29.g3919.t1	17	135	307	466	565	736	891	1065	1141
CSP31.g9092.t1	99	271	430	529	700	855	1032	1108
CSP32.g153.t1	99	271	430	529	700	855	1029	1105
CSP34.Sp34_X0236900.t1	99	271	430	529	700	855	1029	1105
CSP38.g20193.t1	93	265	424	703	1041	1117
CSP39.g13811.t2	99	271	430	529	700	855	1029	1105
CSP40.g17638.t2	99	271	430	529	700	855	1029	1105
CTROP.Csp11.Scaffold626.g6601.t1	99	478	577	748	897	1071	1147
CVIRI.g924.t1	99	271	430	529	852	1029	1105
DCORO.DCO_011265	105	277	436	535	718	800	921	1049	1140	1225
