CAFRA.g19286.t1	79	305	846	949	1096	1183	1382	2296	2401	2585	2664	2795
CANGA.Cang_2012_03_13_00806.g14261.t2	173	979	1265	2006	2293	2556
CBREN.CBN09183	82	308	849	952	1099	1186	1385	2001	2123	2299	2401	2585	2664	2795	3073	3231
CBRIG.CBG08317	67	293	597	856	1003	1090	2027	2203	2305	2489	2568	2699
CCAST.g18633.t1	61	103	329	1135	1421	2162	2449	2712
CDOUG.g3686.t1	79	305	846	949	1096	1183	1382	1998	2120	2296	2398	2582	2792
CELEG.Y37E11AL.6b	76	118	344	885	988	1135	1222	1421	2037	2159	2335	2437	2621	2700	2831
CJAPO.CJA07597	326	867	970	1117	1316	1932	2054	2230	2335	2519	2729
CKAMA.g18602.t1	10	236	777	880	1027	1114	1313	1929	2051	2332	2516	2595	2726	3015
CLATE.FL83_23963-RA	67	109	335	979	1126	1213	1412	2028	2088	2125	2227	2411	2490	2621
CMONO.g12261.t1	61	200	287	435	585	661	828	937	1084	1171	1287	1370	1464	1527	1885	1986	2108	2199	2386	2453	2570	2649	2774
CNOUR.g5438.t1	64	290	831	934	1081	1168	1367	1983	2105	2281	2386	2570	2649	2780
CPLIC.g7850.t1	61	200	287	828	940	1090	1376	1533	1689	1769	1891	2114	2205	2422	2685	2816
CREMA.FL82_03133-RA	42	338	982	1129	1216	1415	2031	2112	2236	2420	2499	2630
CSINI.Csp5_scaffold_00165.g6085.t1	30	151	377	1021	1168	1255	1454	2070	2192	2368	2470	2654	2733
CSP21.g6104.t1	52	191	278	576	652	750	853	1000	1087	1184	1380	1443	1679	1795	1896	2109	2299	2483	2562	2693
CSP26.g19306.t1	79	305	949	1096	1183	1382	1998	2120	2296	2398	2661	2792
CSP28.g12573.t1	53	697	844	931	1130	1740	1862	2038	2143	2327	2406	2537
CSP29.g3391.t1	10	236	777	880	1027	1114	1313	1929	2051	2212	2317	2501	2580	2711
CSP31.g7872.t1	76	302	843	946	1093	1180	1379	1536	1772	1995	2117	2293	2398	2582	2661	2792	3108	3284	3819
CSP32.g829.t1	248	789	892	1039	1126	1325	2239	2344	2528	2607	2738
CSP34.Sp34_40084500.t1	82	308	849	952	1099	1186	1385	2001	2123	2299	2401	2585	2664	2795	3057
CSP38.g6976.t1	58	284	943	1093	1379	1539	1775	2120	2296	2407	2670
CSP39.g5227.t1	73	299	619	798	901	1048	1135	1334	1830	1980	2102	2278	2383
CSP40.g14114.t1	79	121	347	991	1138	1225	1424	2040	2162	2338	2440	2624	2703	2834
CTROP.Csp11.Scaffold629.g9314.t1	91	317	1006	1153	1240	1439	2055	2177	2455	2718	2849
CVIRI.g7838.t1	64	112	251	338	486	882	1138	1225	1424	1581	2040	2162	2446	2513	2630	2709	2840
DCORO.DCO_003803	76	215	302	450	676	946	1093	1201	1317	1470	1557	1707	1912	2135	2226	2413	2597	2807	2892
