CAFRA.g19138.t1	133	171	257
CANGA.Cang_2012_03_13_01244.g16071.t1	133	251
CBREN.CBN16017	133	171	257
CBRIG.CBG17708	133	171	257
CCAST.g2136.t1	133	254
CDOUG.g1680.t1	133	171	257
CELEG.C49H3.3.1	133	171	254
CJAPO.CJA09836	133	171	257
CKAMA.g18642.t1	133	171	254
CLATE.FL83_16005-RA	133	171	257
CMONO.g1574.t1	133	159	254
CNOUR.g3471.t1	133	171	257
CPLIC.g4607.t1	127	254
CREMA.FL82_23116-RA	133	171	257
CSINI.Csp5_scaffold_00067.g3194.t1	115	253	291	377
CSP21.g3297.t1	139	186	260
CSP26.g12576.t1	133	171	257
CSP28.g13932.t1	133	171	254
CSP29.g3258.t1	133	171	257
CSP31.g21603.t1	130	174	257
CSP32.g14744.t1	133	165	251
CSP34.Sp34_40103200.t1	133	174	257
CSP38.g21684.t1	133	257
CSP39.g22381.t1	133	171	254
CSP40.g6573.t1	133	171	257
CTROP.Csp11.Scaffold629.g12804.t1	133	171	257
CVIRI.g4198.t1	133	174	257
DCORO.DCO_023717	136	198	290
