CAFRA.g18256.t1	108	226	347	786	1012	1332
CANGA.Cang_2012_03_13_00157.g5827.t1	208	329	474	768	994
CBREN.CBN08210	102	220	341	780	1006	1092	1326
CBRIG.CBG14833	102	220	341	486	780	1006	1092	1326
CCAST.g3830.t1	208	329	474	768	994	1314
CDOUG.g12737.t1	108	226	347	492	1012	1098	1332
CELEG.C15H9.7	90	208	329	474	768	994	1080	1314
CJAPO.CJA16132	129	423
CKAMA.g3534.t1	55	153	243	336	470	610	786	906	1047	1164	1282	1403	1548	1842	2068	2388
CLATE.FL83_00413-RA	108	226	347	492	786	1012	1098	1332
CMONO.g13196.t1	57	175	296	441	567	735	884	961	1047	1154
CNOUR.g13271.t1	99	338	483	1003	1323
CPLIC.g12160.t1	205	326	471	765	991	1311
CREMA.FL82_01757-RA	108	226	347	492	786	1012	1098	1332
CSINI.Csp5_scaffold_01110.g18460.t1	105	223	344	489	783	1009	1095	1329
CSP21.g5682.t1	78	196	317	462	588	756	982	1068	1175	1302
CSP26.g21976.t1	108	226	347	492	786	1012	1098	1332
CSP28.g10586.t1	105	223	344	489	1009	1329
CSP29.g3991.t1	105	223	344	489	1009	1329
CSP31.g16084.t1	102	220	341	486	780	1006	1326
CSP32.g218.t1	108	226	347	786	1012	1332
CSP34.Sp34_X0229920.t1	108	226	347	492	786	1012	1098	1332
CSP38.g5788.t1	208	329	474	768	994	1314
CSP39.g7244.t1	105	223	344	489	1009	1329
CSP40.g13971.t1	108	226	347	492	1012	1098	1332
CTROP.Csp11.Scaffold626.g6523.t1	102	220	341	486	780	1006	1092	1326
CVIRI.g10139.t1	99	217	483	609	777	1003	1323
DCORO.DCO_011001	9	127	248	393	519	620	687	805	913	999	1106	1233	1326
