CAFRA.g3486.t1	70	183
CANGA.Cang_2012_03_13_08576.g21587.t1	
CBREN.CBN16884	70	183
CBRIG.CBG13401	70	183
CCAST.g18402.t1	70	183
CDOUG.g9389.t1	70	183
CELEG.ZK945.2.1	70	183
CJAPO.CJA10093	70	183
CKAMA.g12770.t1	70	183
CLATE.FL83_12766-RA	70	183
CMONO.g5422.t1	70	183	267	429	519	615	675
CNOUR.g7533.t1	70	183
CPLIC.g12901.t1	70	183	267	675
CREMA.FL82_05919-RA	70	183
CSINI.Csp5_scaffold_00609.g13520.t1	70	183
CSP21.g978.t1	70	183	267	429	519	615
CSP26.g14361.t1	70	183
CSP28.g15198.t1	70	183
CSP29.g8160.t1	70	183
CSP31.g27320.t1	70	183	675
CSP32.g4390.t1	70	183
CSP34.Sp34_20209500.t1	70	183
CSP38.g9202.t1	70	183
CSP39.g28975.t1	70	183
CSP40.g4973.t1	70	183
CTROP.Csp11.Scaffold629.g7946.t1	70	183
CVIRI.g3605.t1	183	267	675
DCORO.DCO_018557	70	267	429	519	615	675
