CAFRA.g8766.t2	75	281	377	555	666	847
CANGA.Cang_2012_03_13_00116.g4814.t1	72	152	371	549	660	841
CBREN.CBN11342	75	281	377	555	666	847
CBRIG.CBG14684	75	158	423	663	1003
CCAST.g12359.t1	72	152	371	549	660	844
CDOUG.g522.t1	75	158	281	377	555	666	847
CELEG.C25F6.7a	75	158	281	377	555	847
CJAPO.CJA05086	75	155	278	374	552	663	844
CKAMA.g3260.t1	75	158	281	377	555	666	847
CLATE.FL83_00505-RA	75	158	281	377	555	666	847
CMONO.g17137.t2	75	155	278	380	486	558	669	847
CNOUR.g793.t2	75	158	281	377	555	666	847
CPLIC.g5490.t2	78	161	293	389	567	678	859
CREMA.FL82_01204-RA	78	158	281	377	555	666	847	889	1013	1133	1281
CSINI.Csp5_scaffold_00154.g5793.t2	261	336	419	542	638	816	927	1108
CSP21.g9641.t1	75	155	275	371	477	549	660	841
CSP26.g13294.t2	72	155	278	374	552	663	844
CSP28.g10499.t1	72	278	374	552	663	844
CSP29.g3901.t1	75	158	281	377	555	666	847
CSP31.g9069.t1	75	158	377	555	666	847
CSP32.g131.t2	75	281	377	555	666	847
CSP34.Sp34_X0239300.t1	75	158	281	377	555	847
CSP38.g10881.t1	72	152	371	549	660	838
CSP39.g21644.t2	75	158	281	377	555	666	853
CSP40.g17658.t2	75	158	281	377	555	666	847
CTROP.Csp11.Scaffold626.g6627.t1	75	158	281	377	555	666	847
CVIRI.g4061.t1	75	158	281	377	555
DCORO.DCO_015903	72	194	314	410	588	699	777	886
