CAFRA.g12790.t1	70	215	324	399	483	924	1055	1234	1343	2294	2721	2844	2968	3013	3101
CANGA.Cang_2012_03_13_00158.g5881.t1	114	198	401	770	1058	2012	2355	2439	2562	2686	2897
CBREN.CBN31845	41	118	254	612	1053	1184	1363	1472	1622	2423	2850	2973	3097	3133	3221
CBRIG.CBG17348	107	371	480	555	619	688	1017	1148	1327	1436	2384	2727	2934	3058	3146
CCAST.g18446.t2	116	193	338	522	606	809	1178	1466	2420	2763	2847	2970	3094	3305
CDOUG.g2079.t1	113	190	335	444	519	603	1044	1175	1354	1463	1613	2414	2757	2841	2964	3088	3124	3212
CELEG.F08B12.3g	76	221	298	443	552	627	711	1152	1283	1462	1571	1721	2522	2865	2949	3072	3196	3284
CJAPO.CJA03073a	50	127	269	378	453	537	978	1109	1288	1397	1547	2348	2691	2775	2898	3022	3058	3146
CKAMA.g1293.t1	102	179	242	351	426	510	951	1082	1261	1370	1520	2321	2664	2748	2871	2995	3083
CLATE.FL83_01124-RA	76	221	317	394	539	648	723	807	1248	1379	1558	1667	1817	2618	2961	3045	3168	3292	3380
CMONO.g4400.t1	149	226	371	480	555	639	733	842	918	1080	1211	1281	1390	1499	1649	1849	1935	2013	2090	2196	2312	2453	2582	2636	2751	2874	2998
CNOUR.g4870.t1	31	179	256	386	495	570	654	1095	1226	1514	1664	2462	2591	2805	2889	3012	3136	3172	3260
CPLIC.g12590.t1	95	204	279	363	457	566	642	1011	1120	1229	1379	1582	1811	1917	2033	2174	2517	2601	2724	2848	2878	3095
CREMA.FL82_00523-RA	76	221	317	394	539	648	723	807	1248	1379	1558	1667	1817	2618	2961	3045	3168	3292	3380
CSINI.Csp5_scaffold_00458.g11641.t1	98	175	311	420	495	579	1020	1151	1330	1439	1589	2390	2832	2955	3079	3167
CSP21.g11546.t2	37	191	314	391	536	645	720	804	898	1007	1083	1376	1446	1555	1664	1814	2017	2255	2361	2477	2618	2747	2859	2961	3045	3168	3292	3383	3506
CSP26.g7223.t1	70	206	390	915	1046	1225	1334	1484	2285	2712	2835	2959	3047
CSP28.g9577.t1	76	224	301	443	552	627	711	1152	1283	1571	1721	2522	2651	2865	2949	3072	3196	3284
CSP29.g11789.t1	82	230	307	437	546	987	1118	1406	2357	2486	2700	2784	2907	3031	3119
CSP31.g10052.t1	21	70	218	295	440	549	624	708	1283	1571	1721	1924	2159	2265	2522	2651	2865	2949	3072	3196	3232	3320	3449
CSP32.g2862.t1	14	91	236	345	420	504	945	1076	1255	1364	2315	2742	2865	2989	3077
CSP34.Sp34_X0088700.t1	18	70	215	292	437	546	621	705	1146	1277	1456	1565	1715	2516	2859	2943	3066	3190	3226	3314
CSP38.g11213.t3	156	354	403	557	634	779	963	1047	1250	1619	1907	2861	3204	3288	3411	3535	3623
CSP39.g28780.t1	31	179	256	398	507	582	666	1107	1238	1526	1676	2477	2606	2820	2904	3027	3151	3187	3275
CSP40.g12623.t1	76	221	298	434	618	702	1143	1274	1453	1562	1712	2513	2940	3063	3187	3223	3311
CTROP.Csp11.Scaffold49.g280.t1	76	221	298	431	540	615	699	1140	1271	1450	1559	1709	2507	2934	3057	3181	3269
CVIRI.g8271.t1	152	229	374	483	558	642	1214	1393	1502	1652	2087	2193	2877	3000	3124	3160	3248	3377
DCORO.DCO_003355	70	197	274	407	591	666	878	982	1122	1253	1432	1537	1691	1793	1897	2061	2194	2363	2504	2748	2934	3057	3178	3272
