CAFRA.g3137.t1	88	258	369	494	591	812	905	1098
CANGA.Cang_2012_03_13_00357.g9681.t1	97	267	464	534	684	818	892	1020
CBREN.CBN20121	109	279	387	749	842	1035
CBRIG.CBG22805	115	285	343	527	609	866	959	1152
CCAST.g12367.t1	100	270	455	525	693	827	901	1029
CDOUG.g3552.t1	109	279	387	578	687	941	1034	1227
CELEG.F18E9.3	109	279	390	584	681	917	1010	1203
CJAPO.CJA06394	94	366	476	567	785	908	1104
CKAMA.g6310.t1	94	264	372	485	576	869	971	1164	1225	1301	1457	1562
CLATE.FL83_02048-RA	112	282	390	560	666	983	1076	1269
CMONO.g4309.t1	97	267	315	325	474	581	677	745	873
CNOUR.g21135.t1	88	258	366	497	567	803	902	1095
CPLIC.g12463.t1	82	252	351	434	507	648	770	844	972
CREMA.FL82_02213-RA	112	282	350	449	552	875	968	1161
CSINI.Csp5_scaffold_00858.g16168.t1	115	285	393	560	669	920	1013	1206
CSP21.g6807.t1	73	243	342	437	495	587	744	779	844	972
CSP26.g696.t1	118	288	396	524	618	866	959	1152
CSP28.g8352.t1	18	58	228	339	476	561	788	981
CSP29.g15355.t1	88	258	366	497	567	803	902	1095
CSP31.g19084.t1	79	249	357	506	585	756	884	958	1086
CSP32.g13521.t1	85	255	366	488	582	800	893	1086
CSP34.Sp34_X0168100.t1	79	249	357	548	648	905	998	1185
CSP38.g16471.t1	100	270	512	585	756	890	1092
CSP39.g27050.t1	97	378	512	615	836	929	1122
CSP40.g2601.t1	115	285	393	530	636	869	962	1155
CTROP.Csp11.Scaffold629.g10984.t1	106	276	384	527	600	869	1062
CVIRI.g194.t1	85	255	363	548	612	831	881	968	1042	1170
DCORO.DCO_009433	103	270	373	438	802	886	946	1051	1223	1315	1443
