CAFRA.g8713.t1	27	124	289	522	607
CANGA.Cang_2012_03_13_00527.g11875.t1	27	124	292	528
CBREN.CBN19102	27	124	289	522	607
CBRIG.CBG14196	27	124	289	522	607
CCAST.g13505.t1	27	124	292	528
CDOUG.g21497.t1	27	124	289	522	607
CELEG.ZK563.4a	27	124	289	522	607
CJAPO.CJA07605	27	124	289	522	607
CKAMA.g13993.t1	27	124	205	438	523
CLATE.FL83_00846-RA	27	124	289	522	607
CMONO.g11133.t1	21	55	220	301	408	493
CNOUR.g730.t1	27	124	289	522	607
CPLIC.g12070.t1	27	124	289	415	522	607
CREMA.FL82_00821-RA	27	124	292	525	610
CSINI.Csp5_scaffold_00050.g2594.t1	27	124	289	522	607
CSP21.g5548.t1	21	118	283	409	516
CSP26.g2849.t1	27	124	289	522	607
CSP28.g10456.t1	27	124	289	522	607
CSP29.g3845.t1	27	124	289	522	607
CSP31.g9014.t1	27	289	522	607
CSP32.g5078.t1	27	124	289	522	607
CSP34.Sp34_X0272000.t1	27	124	289	522	607
CSP38.g18442.t1	27	124	292	528	613
CSP39.g21589.t1	27	124	289	522	607
CSP40.g16276.t1	27	124	289	522	607
CTROP.Csp11.Scaffold629.g16478.t1	27	124	289
CVIRI.g6746.t1	124	226	391	624	709
DCORO.DCO_019747	21	118	283	409	516	601
