CAFRA.g12998.t1	35	143	331	451	621	750	816	1120	1248	1344
CANGA.Cang_2012_03_13_00433.g10794.t1	155	340	490	618
CBREN.CBN13645	35	143	331	451	621	750	816	1044	1120	1248	1344
CBRIG.CBG03461	83	131	239	427	547	717	846	912	1140	1216	1344	1440
CCAST.g4464.t1	155	340	630	1129	1257	1353
CDOUG.g1607.t1	35	143	331	451	621	750	816	1044	1120	1248	1344
CELEG.F32B6.8b.1	35	143	331	451	621	750	816	1044	1120	1248	1344
CJAPO.CJA10124	73	357	552	780	856	984	1080
CKAMA.g396.t1	83	131	239	427	547	717	846	912	1140	1216	1344	1440	1580	1696	1937	2043	2115	2509
CLATE.FL83_13740-RA	83	131	239	427	547	717	846	912	1140	1216	1344	1440
CMONO.g5058.t1	35	143	249	328	445	615	744	810	939	1038	1114	1242	1338
CNOUR.g7336.t1	35	143	331	451	621	750	816	1044	1120	1248	1344
CPLIC.g3916.t1	35	152	337	454	624	750	816	1044	1120	1248	1344
CREMA.FL82_03612-RA	35	143	331	451	621	750	816	1044	1120	1248	1344
CSINI.Csp5_scaffold_00103.g4370.t2	44	92	200	388	508	678	807	873	1101	1177	1305	1401
CSP21.g3939.t1	11	119	225	270	274	391	561	690	756	885	1060	1188	1284
CSP26.g19343.t1	35	143	331	451	621	816	1044	1120	1248	1344
CSP28.g2079.t1	35	82	262	552	681	752	1009	1233
CSP29.g10545.t1	35	143	331	459	612	741	807	1035	1111	1239	1335
CSP31.g11786.t1	35	152	337	457	627	756	822	1126	1254	1350
CSP32.g2804.t1	35	143	331	451	624	753	819	1047	1123	1251	1347
CSP34.Sp34_40157400.t1	35	143	331	451	621	750	816	1044	1120	1248	1344
CSP38.g6696.t1	152	337	627	1126	1350
CSP39.g925.t2	35	143	331	451	621	690	819	885	1113	1189	1317	1413
CSP40.g13039.t1	35	143	331	621	750	816	1044	1120	1248	1344
CTROP.Csp11.Scaffold585.g4841.t1	35	143	331	451	621	750	816	1044	1120	1248	1344
CVIRI.g5533.t1	35	152	337	457	627	756	822	1126	1254	1350
DCORO.DCO_010201	44	125	171	304	415	579	708	774	903	1002	1206	1372
