CAFRA.g2196.t2	62	147	233	386	878
CANGA.Cang_2012_03_13_00561.g12249.t1	299	491
CBREN.CBN05071	68	239	392	884
CBRIG.CBG12255	68	156	242	395
CCAST.g1584.t1	147	233	380	683	875
CDOUG.g24267.t2	68	156	242	395
CELEG.ZK652.10	92	177	263	416	908
CJAPO.CJA05307	62	236	389	881
CKAMA.g13349.t1	153	413
CLATE.FL83_21129-RA	68	239	407
CMONO.g4905.t1	34	159	297	417	615	758	843	929	1073	1183	1271	1370	1479	1562
CNOUR.g14266.t1	62	233	386	878
CPLIC.g8900.t1	77	239	386	878
CREMA.FL82_18678-RA	68	239	407
CSINI.Csp5_scaffold_03623.g30775.t1	45	131	284	776
CSP21.g7005.t1	47	132	218	362	472	560	768	851
CSP26.g3345.t2	160	423	627	810	887	978	1064	1217	1709
CSP28.g969.t1	150	236	389	881
CSP29.g1844.t1	62	147	233	386	878
CSP31.g18237.t1	142	405	723	827	887	972	1058	1205	1403	1502	1694
CSP32.g16246.t2	62	147	233	386	878
CSP34.Sp34_30042710.t1	68	153	239	392	884
CSP38.g6609.t1	141	227	374	677	869
CSP39.g3386.t2	150	236	389	881	923
CSP40.g24138.t1	68	159	245	398	890
CTROP.Csp11.Scaffold630.g17223.t1	68	147	233	386
CVIRI.g12650.t1	56	141	227	374	671	863
DCORO.DCO_014681	92	183	284	443	553	641	740	849	932
