CAFRA.g4868.t1	121	285	343	465	543	669	837	993	1200	1314	1549	1635	1812	1982	2082	2245	2430	2760	2939	3075	3242	3549	3786	3897
CANGA.Cang_2012_03_13_00149.g5648.t1	309	639	702	1017	1620	1842	2079	2190	2418	2529
CBREN.CBN25522	124	288	346	465	543	669	726	837	993	1200	1314	1549	1635	1812	1982	2082	2245	2430	2760	2939	3075	3242	3786	3897
CBRIG.CBG04522	127	297	355	474	552	678	735	846	1002	1218	1353	1588	1674	1851	2021	2121	2284	2469	2799	2978	3114	3281	3900	4011
CCAST.g13129.t1	130	294	352	471	549	669	723	834	990	1197	1546	1818	1979	2079	2430	2760	3075	3546	3783	3894
CDOUG.g1333.t1	147	205	324	450	507	618	774	981	1095	1330	1416	1593	1863	2026	2211	2541	2720	2856	3023	3330	3567	3678
CELEG.F13E6.6	124	288	346	465	543	669	726	837	993	1200	1314	1549	1635	1812	1982	2082	2245	2430	2760	2939	3075	3242	3549	3786	3897
CJAPO.CJA11355	49	168	246	372	429	540	696	903	1017	1252	1338	1515	1685	1785	1948	2133	2463	2642	2778	2945	3252	3489	3600
CKAMA.g1401.t1	124	288	346	465	543	600	711	867	1074	1188	1423	1509	1686	1856	1956	2059	2244	2574	2753	2889	3056	3363	3600	3711
CLATE.FL83_01276-RA	124	288	346	465	543	669	726	837	993	1200	1314	1549	1635	1812	1982	2082	2245	2430	2760	2939	3075	3242	3549	3786	3897
CMONO.g3459.t1	124	288	346	363	444	561	609	717	873	1009	1083	1197	1323	1429	1518	1689	1850	1944	2095	2280	2432	2604	2783	2919	3086	3204	3339	3393	3535	3636	3747
CNOUR.g2957.t1	124	288	346	465	543	669	726	837	993	1200	1314	1549	1635	1809	1979	2079	2242	2427	2757	2936	3072	3239	3546	3783	3894
CPLIC.g5381.t1	127	294	352	471	549	687	747	858	1014	1150	1221	1335	1464	1570	1659	1857	2033	2133	2296	2481	2990	3126	3293	3411	3603	3745	3840	3951
CREMA.FL82_17401-RA	124	288	346	465	543	669	726	837	993	1200	1314	1549	1635	1812	1982	2082	2245	2430	2760	2939	3075	3242	3549	3786	3897
CSINI.Csp5_scaffold_00063.g3027.t2	147	205	327	405	564	690	747	858	1014	1221	1335	1570	1656	1833	2003	2103	2266	2451	2781	2963	3099	3266	3570	3807	3918
CSP21.g9251.t1	174	265	426	484	603	675	729	837	993	1194	1308	1428	1534	1626	1779	1901	2146	2331	2483	2655	2834	2970	3137	3255	3444	3586	3798
CSP26.g3111.t1	124	291	349	471	549	675	732	843	999	1206	1320	1555	1641	1818	1994	2094	2257	2442	2772	2951	3087	3254	3558	3795	3906
CSP28.g11572.t1	121	285	343	462	540	666	723	834	990	1197	1311	1546	1632	1806	1976	2076	2239	2424	2754	2933	3069	3236	3543	3780	3891
CSP29.g11922.t1	124	288	346	465	591	648	759	915	1122	1236	1471	1557	1731	1901	2001	2164	2349	2679	2858	2994	3161	3468	3705	3816
CSP31.g25087.t1	124	288	346	465	543	669	726	837	993	1129	1200	1314	1549	1635	1988	2088	2251	2436	2766	3081	3248	3552	3694	3789	3900
CSP32.g2076.t1	121	285	343	465	543	669	837	993	1200	1314	1549	1635	1812	1982	2082	2245	2430	2760	2939	3075	3242	3549	3786	3897
CSP34.Sp34_X0075500.t1	124	288	346	468	546	672	729	840	996	1203	1317	1552	1638	1815	1985	2085	2248	2433	2763	2942	3078	3245	3552	3789	3900
CSP38.g1853.t1	130	294	352	471	549	675	729	840	996	1203	1552	1824	1985	2094	2257	2442	2772	3087	3558	3795	3906
CSP39.g8506.t1	135	264	394	558	616	735	813	939	996	1107	1263	1470	1584	1819	1905	2079	2249	2349	2512	2697	3027	3206	3342	3509	3816	4053	4164
CSP40.g3865.t1	135	238	370	534	592	714	792	918	975	1086	1449	1563	1798	1884	2061	2231	2331	2494	2679	3009	3188	3324	3491	3795	4032	4143
CTROP.Csp11.Scaffold629.g13791.t2	124	288	346	465	543	669	726	837	993	1200	1314	1576	1662	1836	2006	2106	2269	2454	2784	2963	3099	3266	3573	3810	3921
CVIRI.g7052.t1	124	291	349	468	546	672	729	840	996	1132	1203	1317	1446	1552	1641	1812	2082	2245	2430	2588	2945	3081	3248	3540	3682	3888	3948	4137	4285	4470	4625	4973	5109	5276
DCORO.DCO_002861	124	202	288	346	468	546	690	756	858	1014	1150	1215	1326	1452	1558	1647	1857	1982	2084	2172	2235	2332	2517	2669	2841	3017	3153	3320	3386	3576	3769	3993
