CAFRA.g5556.t1	132	197	439	585	826
CANGA.Cang_2012_03_13_00131.g5186.t1	577	1198	1348
CBREN.CBN07762	603	826
CBRIG.CBG00997	442	588	811	938	948	1041	1330	1414	1881
CCAST.g2553.t1	430	799
CDOUG.g11147.t1	591	826
CELEG.C08H9.16	451	597	829
CJAPO.CJA06849	64	505	651	877
CKAMA.g11863.t1	126	433	579	811
CLATE.FL83_04704-RA	445	591	826
CMONO.g2108.t1	51	151	222	282	493
CNOUR.g14370.t1	132	197	433	579	808
CPLIC.g3019.t1	129	194	336	436	522	716
CREMA.FL82_20263-RA	10	466	612	847	933	1035	1230	1324	1404	1702	1875	2091
CSINI.Csp5_scaffold_00520.g12393.t1	442	588	814
CSP21.g4649.t1	111	176	318	418	564	760
CSP26.g5094.t1	439	585	808
CSP28.g14188.t1	132	197	439	820
CSP29.g6613.t1	132	197	433	579	819	1014	1108	1281	1489	1662	1860
CSP31.g27014.t1	138	203	445	725	832
CSP32.g11613.t1	132	197	439	585	829
CSP34.Sp34_20170200.t1	597	823
CSP38.g11411.t1	132	439	585	719	823
CSP39.g7817.t1	139	204	446	592	833
CSP40.g2295.t1	448	811
CTROP.Csp11.Scaffold629.g14841.t1	436	582	796
CVIRI.g9382.t1	132	342	442	725
DCORO.DCO_015867	33	171	236	381	481	627	752	853
