CAFRA.g9636.t1	289	515	853
CANGA.Cang_2012_03_13_00439.g10874.t1	238	369	464	618
CBREN.CBN17688	271	402	497	597	802
CBRIG.CBG23126	271	402	497	597	802
CCAST.g16692.t1	238	369	464	618
CDOUG.g7759.t1	271	402	497	597	802
CELEG.T19C4.5a	271	402	497	597	802
CJAPO.CJA02886	274	405	500	600	808
CKAMA.g7205.t1	271	402	497	597	802
CLATE.FL83_16498-RA	214	345	395	495	700
CMONO.g18908.t1	92	158	247	378	473	573	645	728	805	882
CNOUR.g22038.t1	271	402	497	597	805
CPLIC.g10891.t1	104	179	271	402	497	654	802
CREMA.FL82_09318-RA	214	345	395	475	586
CSINI.Csp5_scaffold_00249.g7938.t1	271	402	497	597	802
CSP21.g3771.t1	95	167	256	387	482	562	597	748
CSP26.g10841.t1	271	402	497	597	802
CSP28.g5892.t1	9	289	414	509	609	823
CSP29.g18944.t1	271	402	497	597	805
CSP31.g25439.t1	179	268	399	494	648	811
CSP32.g10345.t1	280	506	832
CSP34.Sp34_50314600.t1	271	402	497	597	802
CSP38.g17154.t1	268	399	494	648	805
CSP39.g1682.t1	274	405	500	600	802
CSP40.g2128.t1	271	402	497	597	802
CTROP.Csp11.Scaffold519.g2781.t1	271	402	497	597	802
CVIRI.g14619.t1	274	405	500	654	805
DCORO.DCO_013869	167	239	328	459	554	660	732	889	978
