CAFRA.g12885.t1	186	315	414	555	684	825	911
CANGA.Cang_2012_03_13_00034.g1963.t1	78	177	318	555
CBREN.CBN06659	147	246	387	516	651	737
CBRIG.CBG02039	147	276	375	516	645	786	878
CCAST.g1265.t1	42	213	342	441	582	819	920
CDOUG.g15958.t1	147	276	375	516	645	780	866
CELEG.C14A11.7	147	276	375	516	645	783	869
CJAPO.CJA13377b	183	348	447	588	717	843	929
CKAMA.g1234.t1	183	329	369	468	609	738	876	962
CLATE.FL83_01046-RA	183	330	429	570	699	834	920
CMONO.g9749.t1	21	180	309	408	672	798	899
CNOUR.g6345.t1	183	312	411	552	687	825	911
CPLIC.g738.t2	147	276	375	516	648	761
CREMA.FL82_00601-RA	183	276	375	516	645	780	866
CSINI.Csp5_scaffold_00156.g5849.t1	183	282	423	552	687	773
CSP21.g2367.t1	147	276	375	516	636	747	848
CSP26.g2289.t1	45	210	339	438	579	708	843	929
CSP28.g9637.t1	183	414	513	654	789	927	1013
CSP29.g11731.t1	183	378	477	618	753	891	977
CSP31.g18403.t1	45	210	339	438	582	702	855	944
CSP32.g5712.t1	189	318	417	558	687	822	908
CSP34.Sp34_X0096200.t1	33	198	327	426	567	684	819	905
CSP38.g15775.t1	147	276	375	516	753	854
CSP39.g1272.t1	183	312	411	552	687	825	911
CSP40.g12551.t1	183	312	411	552	681	816	902
CTROP.Csp11.Scaffold582.g4668.t1	288	417	552	638
CVIRI.g15129.t1	36	201	330	429	570	696	816	905
DCORO.DCO_012627	231	399	528	627	768	924	1029	1127
