CAFRA.g12006.t1	10	111	191	351	678	1022	1118	2601	3115	3270	3374	3458
CANGA.Cang_2012_03_13_00091.g4060.t1	17	595	1079	1181	1788	1913
CBREN.CBN04409	117	191	281	452	864	1208	1304	1745	2326	2554	2805	3298	3459	3563	3647
CBRIG.CBG04507	218	378	705	1049	1145	2167	2395	2652	3151	3309	3413	3497
CCAST.g15597.t1	87	161	739	1097	1199	1797	1869	1939	2241	2311	2565	3055	3410
CDOUG.g1342.t1	37	138	212	372	699	1043	1139	1580	2158	2386	2637	3133	3291	3395	3479
CELEG.M79.1a	2	58	159	189	263	423	750	1094	1190	1631	2209	2437	2688	3190	3348	3452	3536
CJAPO.CJA04916	47	103	204	284	444	771	1115	1211	1652	2703	3069	3199	3351	3452	3536
CKAMA.g1408.t1	98	258	486	830	926	1367	1948	2131	2385	2875	3027	3131	3215
CLATE.FL83_01289-RA	77	146	202	303	377	545	850	1078	1329	1831	1989	2093	2177
CMONO.g9304.t1	55	132	206	348	506	675	757	877	954	1019	1217	1289	1395	1481	1685	1761	1827	1912	2050	2193	2266	2405	2508	2592	2678	2811	3021	3160	3342	3443	3527
CNOUR.g2967.t2	86	201	252	374	462	577	917	1024	1142	1227	1244	1300	1401	1484	1644	1971	2315	2411	3670	3918	4290	4423	4578	4682	4766
CPLIC.g11704.t1	71	195	338	507	589	851	947	1049	1227	1594	1732	2232	2349	2446	2556	2732
CREMA.FL82_17386-RA	77	146	202	303	377	537	581	1159	1387	1638	2140	2295	2399	2483
CSINI.Csp5_scaffold_00039.g2136.t1	218	378	756	1100	1196	1637	2221	2337	2389	2643	3133	3291	3395	3479
CSP21.g9246.t1	68	213	371	540	622	742	884	1082	1260	1421	1571	1689	1774	1915	2080	2375	2493	2656	2876	2960
CSP26.g3119.t1	144	218	378	705	1049	1145	1586	2398	2652	3148	3306	3410	3494
CSP28.g11563.t1	70	293	453	780	1124	1220	1661	2473	2721	3214	3372	3473	3557
CSP29.g11933.t1	215	375	702	1046	1142	2401	2649	3021	3142	3297	3401	3485
CSP31.g25013.t1	86	192	273	395	483	598	715	938	1163	1320	1405	1421	1468	1539	1619	1779	1937	2106	2188	2308	2450	2546	2648	2826	3237	3382	3751	4017	4215	4392	4540	4686	4877
CSP32.g2063.t1	86	201	255	377	465	580	697	920	1027	1145	1263	1280	1336	1437	1517	1677	2004	2348	2444	3927	4305	4441	4596	4700	4784
CSP34.Sp34_X0074300.t1	84	98	154	255	329	489	816	1160	1256	1697	2278	2506	2757	3256	3414	3518	3602
CSP38.g14551.t1	44	115	189	364	773	1131	1233	1906	1979	2272	2339	2755	2923	3068	3345	3429
CSP39.g19412.t2	86	195	252	374	462	577	917	1024	1142	1238	1294	1395	1478	1638	1965	2309	2405	2846	3652	3900	4272	4405	4560	4664	4748
CSP40.g20316.t1	86	198	252	462	694	917	1024	1142	1299	1340	1396	1497	1571	1731	2058	2402	2498	2939	3523	3751	4005	4504	4662	4766	4850
CTROP.Csp11.Scaffold629.g13783.t1	218	378	705	1049	1145	1586	2167	2395	2646	3142	3303	3407	3491
CVIRI.g2486.t1	86	195	279	489	721	944	1051	1169	1332	1394	1447	1518	1589	1749	2076	2158	2414	2510	2951	3207	3346	3636	4122	4302	4432	4515	4721
DCORO.DCO_003057	70	275	399	507	726	928	1005	1166	1268	1459	1598	1863	2044	2215	2377	2595	2919	3105	3232	3390	3509	3593
