CAFRA.g16400.t1	177	438	2580	3450
CANGA.Cang_2012_03_13_00343.g9486.t1	312	747	1016	1807	2121	2547	2595
CBREN.CBN01162	171	429	1204	3417
CBRIG.CBG02387	171	429	2607	3477
CCAST.g8856.t1	312	650	1497	1754	2048	2835	2964	3261
CDOUG.g1986.t1	171	429	1231	2571	3441
CELEG.EEED8.5	171	429	1204	2547	3417
CJAPO.CJA05884	171	996	1857	2502	3084	3372
CKAMA.g12639.t1	12	882
CLATE.FL83_06045-RA	171	994	2337	3207
CMONO.g2059.t1	173	317	440	625	748	845	959	1281	1430	1598	1727	1855	1957	2149	2348	2501	2621	2725	2936	3065	3227	3362	3491
CNOUR.g15268.t1	171	426	2556	3426
CPLIC.g12595.t1	228	409	861	1072	1394	1543	1714	1843	2073	2464	2617	3052	3181	3478	3607
CREMA.FL82_11946-RA	171	429	1228	2571	3441
CSINI.Csp5_scaffold_00082.g3680.t1	171	426	1222	2565	3435
CSP21.g3214.t1	61	126	210	419	514	663	742	884	1062	1206	1329	1547	1641	1755	1928	2056	2205	2373	2502	2630	2732	2924	3123	3276	3396	3500	3711	3840	4002	4137	4266
CSP26.g9057.t1	171	426	1198	2541	3411
CSP28.g15310.t1	171	426	804	2541	3411
CSP29.g12746.t1	171	420	2550	3420	3557	3742	4232	4608	4806
CSP31.g26985.t1	171	429	662	867	1058	1868	2060	2847	3402
CSP32.g1103.t1	177	435	2589	3459
CSP34.Sp34_20102110.t1	171	429	1219	2562	3432
CSP38.g9260.t1	312	429	677	1527	1656	1784	2865	2994	3156	3291
CSP39.g8952.t1	171	816	1207	1395	2476	3480
CSP40.g7162.t1	171	426	1240	2583	3453
CTROP.Csp11.Scaffold629.g11406.t1	87	898	2241	3111
CVIRI.g12940.t1	171	441	629	840	1028	1162	1311	1614	1742	1844	2036	2235	2823	3249	3378
DCORO.DCO_003151	78	171	312	450	596	879	1064	1198	1347	1512	1641	1769	1871	2063	2162	2262	2415	2639	2850	2979	3141	3276	3405
