CAFRA.g16849.t1	71	312	606	737	899	1234
CANGA.Cang_2012_03_13_01348.g16281.t1	668	899	994	1320
CBREN.CBN12371	312	606	737	908	1225
CBRIG.CBG07036	312	606	953	1267
CCAST.g13471.t1	668	899	994	1314
CDOUG.g10336.t1	312	606	737	908	1231
CELEG.T03F6.2	73	387	681	812	983	1291
CJAPO.CJA11300	71	312	606	737	908	1243
CKAMA.g9719.t1	312	606	737	889	1107	1227	1321	1504	1839
CLATE.FL83_12289-RA	28	112	127	427	672	765	1036
CMONO.g4716.t1	71	211	300	420	594	725	890	985	1091
CNOUR.g10343.t1	71	312	606	737	908	1237
CPLIC.g2968.t1	71	226	315	612	914	1009	1124	1243
CREMA.FL82_05188-RA	312	512	657
CSINI.Csp5_scaffold_00801.g15576.t1	312	606	737	908	1051	1189
CSP21.g1815.t1	71	226	315	438	612	743	905	1000	1118	1347
CSP26.g17336.t1	312	606	737	908	1240
CSP28.g13077.t1	71	312	606	737
CSP29.g7222.t1	71	312	606	737	908	1237
CSP31.g25702.t1	71	226	312	435	609	740	911	1136	1252
CSP32.g900.t1	71	312	606	737	908	1237
CSP34.Sp34_30020900.t1	312	606	737	908	1234
CSP38.g6500.t1	668	902	997	1308
CSP39.g3976.t1	71	312	606	737	908	1219
CSP40.g21319.t1	312	606	737	908	1219
CTROP.Csp11.Scaffold605.g5632.t1	312	606	737	908	1225
CVIRI.g884.t1	71	226	315	612	743	914	1133	1231
DCORO.DCO_009615	71	226	315	435	609	740	914	1009	1130	1279	1421
