CAFRA.g10647.t1	144	267	373	571	692	765	951	1060	1208	1315	1627	1756	1860	2038
CANGA.Cang_2012_03_13_00448.g10965.t1	132	255	361	559	680	1048	1615	1744
CBREN.CBN16965	144	267	373	439	637	758	831	1017	1126	1381	1533	1693	1822	1926	2104
CBRIG.CBG02095	144	267	373	737	810	996	1105	1253	1360	1512	1672	1801	1911	2089
CCAST.g1324.t1	132	255	361	559	680	1048	1615	1744
CDOUG.g4718.t1	144	267	373	571	692	765	951	1060	1208	1315	1467	1627	1756	1860	2038
CELEG.K02E10.8b	147	270	376	574	695	768	954	1063	1211	1318	1470	1630	1759	1863	2041
CJAPO.CJA06716	144	267	373	571	692	951	1060	1208	1315	1467	1627	1756	1860	2038
CKAMA.g1207.t1	144	267	373	571	692	765	951	1060	1208	1315	1467	1627	1756	1860	2038
CLATE.FL83_01003-RA	144	267	373	571	692	765	951	1060	1208	1315	1467	1627	1756	2038
CMONO.g3545.t1	132	255	361	454	559	686	759	945	1054	1202	1309	1461	1621	1741	1848	2026	2139	2251
CNOUR.g16621.t3	141	264	370	568	689	762	948	1057	1205	1312	1464	1624	1753	1857	2047
CPLIC.g4376.t1	135	258	364	457	562	683	942	1051	1199	1458	1618	1738	2017
CREMA.FL82_00646-RA	144	267	373	571	692	765	951	1060	1208	1315	1467	1627	1756	1860	2038
CSINI.Csp5_scaffold_00066.g3143.t1	144	267	373	571	692	765	951	1060	1208	1315	1467	1627	1753	1857	2035
CSP21.g10899.t1	144	267	373	466	571	762	948	1057	1205	1312	1464	1624	1738	1842	1921
CSP26.g12652.t1	144	267	373	571	692	765	951	1060	1208	1315	1467	1627	1753	1857	2035
CSP28.g9666.t1	141	264	370	568	689	762	948	1057	1205	1312	1464	1624	1753	1857	2035
CSP29.g11700.t1	141	264	370	568	689	762	948	1057	1205	1312	1464	1624	1728	1918
CSP31.g21901.t2	135	258	364	562	683	756	942	1051	1199	1306	1618	1738	2017
CSP32.g16636.t3	144	267	373	571	692	765	951	1060	1208	1315	1627	1756	1866	2044
CSP34.Sp34_X0100300.t1	87	210	316	514	635	708	894	1003	1151	1258	1410	1570	1690	1794	1972
CSP38.g17470.t1	135	258	364	562	683	1051	1306	1618	1747
CSP39.g1307.t1	141	264	370	568	689	762	948	1057	1312	1464	1624	1753	1857	2035
CSP40.g12515.t1	144	267	373	571	692	765	951	1060	1208	1315	1467	1627	1753	1857	2035
CTROP.Csp11.Scaffold582.g4623.t1	144	267	373	571	692	765	951	1060	1208	1315	1467	1627	1756	1860	2038
CVIRI.g1174.t1	138	261	367	565	759	945	1054	1202	1309	1461	1621	1750	2029
DCORO.DCO_005327	168	285	391	511	616	707	780	975	1084	1232	1339	1491	1651	1792	1902	2095	2217
