CAFRA.g1596.t1	56	186	426
CANGA.Cang_2012_03_13_00242.g7714.t1	95	225	312	474
CBREN.CBN26324	56	186	426
CBRIG.CBG09601	56	186	426
CCAST.g6610.t1	89	219	306	468
CDOUG.g3204.t1	56	186	426
CELEG.Y32F6B.3	56	186	426
CJAPO.CJA15741	132	372
CKAMA.g6357.t1	56	186	426
CLATE.FL83_11765-RA	56	186	426
CMONO.g14142.t1	279	409	496	649
CNOUR.g17312.t1	56	186	426
CPLIC.g14723.t1	62	192	279	426	547
CREMA.FL82_09118-RA	56	186	426
CSINI.Csp5_scaffold_00907.g16647.t1	56	186	426
CSP21.g1443.t1	56	186	273	423
CSP26.g281.t1	56	186	426
CSP28.g13586.t1	56	186	426
CSP29.g17160.t1	56	186
CSP31.g18457.t1	65	195	282	435
CSP32.g12577.t1	56	186	426
CSP34.Sp34_50292710.t1	56	186	426
CSP38.g15493.t1	71	201	288	450
CSP39.g11567.t1	56	186	426
CSP40.g2216.t1	56	186	426
CTROP.Csp11.Scaffold629.g15495.t1	56	186	426
CVIRI.g391.t1	65	195	282	435
DCORO.DCO_021083	56	186	273	423
