CAFRA.g19696.t2	149	221	371	468	587	662	831	1078	1511	2169	2258
CANGA.Cang_2012_03_13_00739.g13802.t1	236	308	458	1096	1556	2196	2442	2526
CBREN.CBN06294	272	344	494	591	710	785	954	1171	1447	1881	2274	2363	2634
CBRIG.CBG19394	266	488	522	701	776	1162	1438	1872	2265	2354	2625
CCAST.g15493.t2	224	296	446	1081	1541	2190	2436	2520
CDOUG.g3092.t1	134	206	356	453	572	647	816	1033	1309	1743	2145	2234	2505
CELEG.C50H2.1b	263	335	485	701	776	945	1162	1438	1619	1872	2274	2631
CJAPO.CJA23638	143	396	789	1149
CKAMA.g10714.t1	134	206	356	453	572	647	816	1033	1309	1490	1743	2136	2222	2493	2622
CLATE.FL83_09607-RA	224	296	724	928	1362	1755	1981	2085	2265
CMONO.g5818.t1	102	160	249	417	539	611	686	761	855	974	1049	1140	1218	1326	1441	1562	1717	1898	2064	2248	2367	2444	2544	2645	2760	2820	2949
CNOUR.g274.t2	134	206	356	453	572	647	816	1036	1493	1746	2148	2505
CPLIC.g7205.t1	206	278	353	428	641	716	807	1105	1381	1728	1912	2031	2108	2217	2288	2418
CREMA.FL82_09576-RA	102	217	426	783	1176	1422	1608
CSINI.Csp5_scaffold_02533.g26895.t1	257	329	479	576	695	770	939	1156	1866	2259	2348	2619
CSP21.g12160.t1	89	161	167	242	336	455	530	621	699	804	928	1049	1204	1385	1551	1638	1735	1854	1925	2016	2172
CSP26.g9521.t1	134	206	356	453	572	647	816	1033	1309	1743	2136	2496
CSP28.g3976.t1	134	206	356	453	572	647	816	1033	1490	2136	2496
CSP29.g9217.t1	242	374	449	618	835	1247	1500	1893	2250
CSP31.g1439.t1	242	314	389	464	561	680	755	846	924	1141	1417	1598	2253	2339	2613
CSP32.g8701.t1	293	365	515	612	731	806	975	1195	1652	2307	2396
CSP34.Sp34_50259200.t1	134	206	356	572	647	816	1033	1309	1490	1743	2136	2493
CSP38.g4449.t2	236	308	458	915	1577	2223	2463	2559
CSP39.g15234.t1	76	359	431	581	678	797	1041	1267	1543	1724	2379	2739
CSP40.g4055.t1	260	332	482	579	698	773	942	1159	1435	1869	2271	2360	2631
CTROP.Csp11.Scaffold629.g16195.t1	269	341	491	588	707	782	951	1168	1444	2271	2360	2631
CVIRI.g476.t1	248	320	395	470	761	930	1168	1450	2177	2277	2538	2631
DCORO.DCO_003851	123	245	317	392	467	564	683	849	927	1044	1177	1304	1459	1536	1640	1806	1893	1999	2118	2189	2274	2357	2472	2538	2661	2831	2900
