CAFRA.g1009.t1	113	408	1121	1398	1533
CANGA.Cang_2012_03_13_00952.g15095.t1	71	354	888	1100	1512
CBREN.CBN26242	146	441	1154	1287	1425	1560
CBRIG.CBG06424	101	396	1109	1242	1386	1521
CCAST.g16225.t1	71	354	888	1100	1512
CDOUG.g9452.t1	137	432	1145	1278	1416	1551
CELEG.Y75B7AL.1a	116	411	1127	1260	1398	1533
CJAPO.CJA12803	164	456	1169	1452	1587
CKAMA.g2832.t1	113	408	1121	1254	1392	1527
CLATE.FL83_08342-RA	122	417	1130	1263	1401	1536
CMONO.g19961.t1	51	231	299	380	489	689	762	944	1101	1178	1257	1392
CNOUR.g18919.t1	980	1257	1392
CPLIC.g12004.t1	89	198	384	452	533	642	742	915	1097	1239	1298	1377	1512
CREMA.FL82_13246-RA	122	417	1130	1263	1401	1536
CSINI.Csp5_scaffold_00786.g15463.t1	80	375	1088	1221	1359	1494
CSP21.g2430.t1	56	165	345	413	494	603	703	876	1058	1212	1286	1365	1500
CSP26.g5947.t1	113	408	1121	1260	1398	1533
CSP28.g7855.t1	5	300	1013	1284	1419
CSP29.g2344.t1	122	1130	1263	1401	1536
CSP31.g10599.t1	89	198	381	530	912	1094	1286	1500
CSP32.g15076.t1	116	411	1124	1257	1395	1530
CSP34.Sp34_50049310.t1	122	417	1130	1269	1407	1542
CSP38.g12082.t1	71	360	891	1082	1362	1497
CSP39.g15730.t1	123	143	438	1151	1290	1428	1563
CSP40.g20931.t1	104	399	1112	1251	1389	1524
CTROP.Csp11.Scaffold506.g2439.t1	134	1190	1323	1461	1596
CVIRI.g12506.t1	74	183	369	627	900	1082	1362
DCORO.DCO_008367	107	216	396	464	545	654	754	854	927	1109	1269	1422	1557
