CAFRA.g12725.t1	72	147	230	345	458	583
CANGA.Cang_2012_03_13_01066.g15554.t1	113	238
CBREN.CBN04237	72	230	458
CBRIG.CBG08034	72	147	230	458
CCAST.g16869.t1	72	147	345	458	583
CDOUG.g11303.t1	72	230	458
CELEG.Y87G2A.4	72	230	345	458	583
CJAPO.CJA01720	72	147	230	458	583
CKAMA.g8621.t1	72	147	458	583
CLATE.FL83_21350-RA	72	230	458
CMONO.g1125.t1	285	375	450	533	648	761	886
CNOUR.g18174.t1	72	147	458
CPLIC.g14299.t1	147	345	458	583
CREMA.FL82_13160-RA	72	230	458
CSINI.Csp5_scaffold_03803.g31287.t1	72	147	230	458
CSP21.g13608.t1	72	230	345	458	583
CSP26.g19248.t1	72	147	230	458
CSP28.g8620.t1	147	230	458
CSP29.g9038.t1	72	147	458
CSP31.g12484.t1	96	171	372	610
CSP32.g7531.t1	72	147	230	345	458	583
CSP34.Sp34_10014500.t1	72	230	345	458
CSP38.g14275.t1	72	147	345	458	583
CSP39.g20898.t1	147	230
CSP40.g7317.t1	72	147	230	458
CTROP.Csp11.Scaffold630.g20996.t1	72	230	458
CVIRI.g8181.t1	72	147	230	458	583
DCORO.DCO_019925	72	147	230	345	458	583
