CAFRA.g16049.t1	42	184	319	546	585	675	776	873	978
CANGA.Cang_2012_03_13_00831.g14447.t1	63	205	340	474	567	657	758
CBREN.CBN00328	63	205	474	567	657	758	855	960
CBRIG.CBG14288	63	205	474	567	606	696	797	894	996
CCAST.g1684.t1	42	184	319	453	546	585	675	776	984
CDOUG.g7982.t1	63	205	474	567	606	696	797	894	996
CELEG.F35A5.8a	63	205	340	474	567	606	696	797	894	996
CJAPO.CJA15519	42	184	319
CKAMA.g3062.t1	211	377	456	598	733	960	999	1089	1190	1287	1389
CLATE.FL83_00769-RA	63	205	474	567	606	696	797	894	996
CMONO.g13237.t2	63	205	340	474	567	657	758	827	912	1023
CNOUR.g7380.t1	63	205	340	567	606	696	797	894	996
CPLIC.g10613.t1	63	205	340	474	567	600	690	791	876	981
CREMA.FL82_00909-RA	63	205	474	567	606	696	797	894	996
CSINI.Csp5_scaffold_00003.g226.t1	63	205	474	567	606	696	797
CSP21.g5840.t1	78	220	355	489	582	621	711	812	885	996
CSP26.g12601.t1	63	205	474	567	606	696	797	894	999
CSP28.g10398.t1	63	205	340	567	657	758	855	957
CSP29.g14664.t1	63	205	340	567	657	758	855	957
CSP31.g23302.t1	63	205	340	567	657	758	855	960
CSP32.g365.t1	63	205	340	567	657	758	855	960
CSP34.Sp34_X0264810.t1	63	205	340	474	567	657	758	855	960
CSP38.g20498.t1	63	205	340	474	567	606	696	797	1005
CSP39.g26574.t1	63	205	340	567	606	696	797	894	1002
CSP40.g22451.t1	63	205	474	567	606	696	797	894	999
CTROP.Csp11.Scaffold630.g18230.t1	63	205	474	567	657	758
CVIRI.g1615.t1	63	205	340	474	567	603	693	794	894	1002
DCORO.DCO_016517	63	205	340	474	567	597	687	788
