CAFRA.g18892.t1	99	165	279	409	536	694	753	922
CANGA.Cang_2012_03_13_00273.g8285.t1	266	330	424	652	803
CBREN.CBN15913	99	165	279	409	536	694	753	922
CBRIG.CBG09957	99	165	279	409	536	694	753	922
CCAST.g6389.t1	99	165	279	536	600	694	922	1073
CDOUG.g2281.t1	99	165	409	536	694	753	922
CELEG.K11H3.7	99	165	279	409	536	694	753	922
CJAPO.CJA06499	99	165	279	409	536	753	922
CKAMA.g4175.t1	99	165	409	536	694	753	922
CLATE.FL83_10254-RA	99	165	279	409	461	619	678	847
CMONO.g17220.t1	20	99	165	279	409	536	600	694	750	838	919	1070
CNOUR.g13972.t1	99	165	279	409	536	694	753	922
CPLIC.g1642.t1	20	99	165	409	536	688	916	1067
CREMA.FL82_15134-RA	99	165	279	409	516	643	702	871
CSINI.Csp5_scaffold_00071.g3298.t1	99	165	279	379	506	768	937
CSP21.g1541.t1	66	180	310	437	501	598	633	721	802	953
CSP26.g14080.t1	99	165	279	409	536	694	753	922
CSP28.g4941.t1	99	165	279	536	694	753	922
CSP29.g20258.t1	99	165	279	409	536	694	753	922
CSP31.g13354.t1	99	165	279	536	694	753	922	1073
CSP32.g18045.t2	99	165	279	409	536	694	753	922
CSP34.Sp34_30203700.t1	99	165	279	409	536	694	753	922
CSP38.g5715.t1	99	165	279	409	536	600	694	922	1073
CSP39.g3841.t1	165	279	536	694	753	858	895
CSP40.g3470.t1	99	165	279	409	536	694	753	922
CTROP.Csp11.Scaffold629.g9392.t1	99	213	343	470	628	687	856
CVIRI.g5357.t1	99	165	409	536	694	753	922	1073
DCORO.DCO_013919	99	279	409	536	600	694	768	838	919	1067
