CAFRA.g3585.t1	69	248
CANGA.Cang_2012_03_13_00197.g6784.t1	54	780
CBREN.CBN17995	69	248	328	939
CBRIG.CBG03253	290	1155
CCAST.g4834.t1	251	390	1116
CDOUG.g6909.t1	69	248	1113
CELEG.T24B8.2	69	248	1113
CJAPO.CJA15754	248	1113
CKAMA.g5890.t1	69	248	1113
CLATE.FL83_09267-RA	69	248	1113
CMONO.g8298.t2	72	251	387	510	603	722	879	966	1113
CNOUR.g20123.t1	69	248	1113
CPLIC.g484.t1	81	260	399	522	615	891	978
CREMA.FL82_05554-RA	69	248	1113
CSINI.Csp5_scaffold_00023.g1346.t1	103	155	225	404	1269
CSP21.g10524.t1	78	257	402	525	618	737	894	981	1137
CSP26.g16031.t1	69	248	1113
CSP28.g2026.t1	248	1113
CSP29.g8235.t1	69	248	1113
CSP31.g9507.t1	90	269	414	537	1140
CSP32.g9351.t1	69	248
CSP34.Sp34_20304000.t1	69	248	1113
CSP38.g9244.t1	8	260	399	1125
CSP39.g10952.t1	69	248	1113
CSP40.g990.t1	69	248	1113
CTROP.Csp11.Scaffold629.g7511.t1	69	248	1113
CVIRI.g12610.t1	251	390	725	969	1116
DCORO.DCO_011885	87	163	405	528	740	897	984	1140
