CAFRA.g14321.t1	136	270	519	612	2415	3146	3294	3892	4323
CANGA.Cang_2012_03_13_00180.g6341.t2	525	684	1217	2122
CBREN.CBN09271	148	291	528	1488	3155	3303	3735
CBRIG.CBG10790	166	309	564	1182	3185	3360	3792	3967	4377
CCAST.g17436.t1	115	492	1268	1473	1754	2598	3131	3859	4175	4191
CDOUG.g4850.t1	169	309	552	1518	3173	3333	3765	4347
CELEG.H06O01.2	130	273	510	1131	1482	3137	3297	3726	3892	4365
CJAPO.CJA14097	133	273	519	606	1482	2400	3134	3294	3726	3895	4335
CKAMA.g2737.t1	133	501	1119	1470	2100	3131	3297	3723	3892	4314
CLATE.FL83_07592-RA	154	294	552	1176	1521	2370	2876	3030	3399	3577	3909
CMONO.g3598.t1	220	357	432	603	690	815	938	1047	1221	1370	1575	1992	2092	2205	2358	2496	2580	2700	2880	3042	3245	3384	3537	3675	3840	3967	4112	4227	4344
CNOUR.g8416.t1	163	297	531	618	1500	3152	3300	3729	3943
CPLIC.g4795.t1	163	399	564	776	899	1182	1527	1944	2157	2310	2448	2532	2652	3182	3726	3895	4040	4155
CREMA.FL82_08350-RA	136	270	519	1143	1461	2382	2924	3087	3525	3698
CSINI.Csp5_scaffold_00290.g8784.t1	145	291	573	1191	2457	3197	3251	3360	4434
CSP21.g12354.t1	232	357	588	812	935	1044	1361	1847	2083	2196	2487	2571	2817	3039	3251	3564	3702	3864	4015	4160	4275	4527
CSP26.g9777.t1	145	297	564	1182	2448	3185	3351	4380
CSP28.g2834.t1	231	995	1301	1463	1621	1755	1992	2079	2961	3882	4613	4761	5190	5401
CSP29.g17424.t1	163	297	531	618	1500	3152	3300	3729	3946
CSP31.g114.t1	193	330	555	648	773	1322	1527	1944	2448	2532	3170	3327	3925	4070	4365
CSP32.g15421.t1	130	270	516	603	2406	3137	3285	3880	4311
CSP34.Sp34_10080910.t1	163	300	537	1155	1506	2427	3158	3312	3750	3922	4377
CSP38.g7801.t1	124	537	1307	1512	1793	2295	2637	3164	3898	4043	4407
CSP39.g2501.t1	163	297	531	618	3143	3291	3714	3931
CSP40.g17940.t1	148	288	552	2436	3176	3366	4368
CTROP.Csp11.Scaffold629.g15449.t1	148	288	522	2406	3149	3303	3738	4341
CVIRI.g227.t1	184	324	555	1322	1527	1808	2157	2310	2448	3182	3315	3468	3606	3753	3901	4311
DCORO.DCO_002487	262	411	558	813	941	1064	1173	1282	1389	1524	1710	1803	1887	1994	2130	2230	2323	2403	2496	2634	2718	2830	2943	3135	3292	3419	3564	3644	3744	3882	4056	4136	4231	4311	4376	4485	4572	4767	5004
