CAFRA.g6739.t1	42	131	214	432
CANGA.Cang_2012_03_13_00392.g10192.t2	30	205	427
CBREN.CBN14482	42	131	214	432
CBRIG.CBG12436	46	135	307	525
CCAST.g2480.t1	42	217	435
CDOUG.g3757.t1	42	131	214	432
CELEG.T06D10.1.1	42	131	214	432
CJAPO.CJA10461	156
CKAMA.g2924.t1	107	190	408
CLATE.FL83_05152-RA	42	131	214	432
CMONO.g10039.t2	42	131	214	345	432
CNOUR.g13342.t1	42	131	214	438
CPLIC.g1545.t1	42	214	432
CREMA.FL82_15715-RA	42	131	214	432	505
CSINI.Csp5_scaffold_00453.g11576.t1	42	131	214	432
CSP21.g30.t1	24	93	150	231	320	591	675	743	873	939	1012	1279	1356	1386	1464	1553	1642	1773	1860
CSP26.g17021.t1	42	131	214	432
CSP28.g11335.t1	107	190	414
CSP29.g12887.t1	98	181	405
CSP31.g10418.t1	42	131	214	432
CSP32.g11481.t1	27	116	199	417
CSP34.Sp34_10115900.t1	42	131	214	432	438	568
CSP38.g11948.t1	42	131	214	432	481	587
CSP39.g26957.t1	113	196	420
CSP40.g24181.t1	27	116	199	417
CTROP.Csp11.Scaffold501.g2293.t2	42	131	214	432
CVIRI.g6403.t1	27	116	199	417
DCORO.DCO_021989	27	116	199	330	417
