CAFRA.g16195.t2	645	821	1347	1516	2499	2817	4382
CANGA.Cang_2012_03_13_00095.g4211.t1	571	1089	1554	1773	2207	3444	3932	4057	4246
CBREN.CBN03203	112	217	399	552	730	1356	1532	2058	2227	2745	3210	3522	5081
CBRIG.CBG20501	666	842	1537	2041	2505	4385
CCAST.g922.t1	552	820	1426	1944	2409	2843	3765	4250	4375
CDOUG.g4874.t1	352	457	618	771	922	978	1611	1787	2313	2482	3465	3777	5336
CELEG.F28B3.4a	295	391	559	664	849	1002	1144	1200	1376	1908	2077	2595	3060	3372	4937
CJAPO.CJA16957	163	259	421	526	672	825	964	1020	1196	1891	2409	2874	3186	4751
CKAMA.g11138.t1	148	244	345	691	1446	1622	1740	1819	2079	3231	3543	5114
CLATE.FL83_07556-RA	651	820	1299	1764	1810	3281
CMONO.g18668.t1	729	787	935	1027	1233	1452	1621	1780	2157	2343	2424	2506	2646	2855	3080	3342	3513	3855	4026	4143
CNOUR.g8397.t1	154	250	412	517	660	813	949	1005	1181	1707	1876	2394	2859	3177	4742
CPLIC.g70.t1	349	451	549	699	820	876	1383	1954	2263	2510	2781	3106	3246	4535	4617	5150	5275
CREMA.FL82_08318-RA	642	745	1263	1728	2040	3545
CSINI.Csp5_scaffold_02606.g27207.t2	169	225	870	1046	1572	1741	2259	2724	3036	4592
CSP21.g2692.t1	35	481	616	798	975	1081	1137	1857	1915	2033	2205	2425	2890	3255	3417	3810	4032	4154	4590	5009	5092	5399	5585
CSP26.g19038.t1	648	824	1350	1519	2037	2502	2748	4301
CSP28.g2849.t1	154	250	351	706	811	954	1107	1240	1296	1959	2135	2661	2830	3348	3813	4125	5178	5690
CSP29.g17408.t1	154	225	406	511	654	807	943	999	1665	1841	2367	2536	3054	3519	3831	5396
CSP31.g135.t1	531	707	799	1230	1399	1917	2382	2694	2816	3662	3744	4250
CSP32.g15401.t2	606	782	1308	1477	2460	2778	4343
CSP34.Sp34_10078500.t1	151	247	409	514	657	810	943	999	1175	1701	1870	2388	2853	3165	4730
CSP38.g18064.t1	564	832	1438	1956	2421	2855	3792	4277	4402
CSP39.g2242.t1	154	250	412	517	660	813	946	1002	1671	1847	2373	2542	3060	3244	4386	4898
CSP40.g17958.t2	157	253	421	526	714	867	1042	1098	1740	1916	2442	2611	3129	3594	3912	5465
CTROP.Csp11.Scaffold629.g8628.t1	570	746	1959	2424	2736	4283
CVIRI.g13837.t1	99	314	467	594	650	1250	1426	1952	2121	2964	3538	4390	4981	5106
DCORO.DCO_002589	765	956	1128	1361	1482	1651	1878	2045	2160	2403	2613	2715	2834	2937	3059	3318	3459	3543	3724	3824	3972	4092	4283	4469	4566
