CAFRA.g5028.t1	102	156	281	2559	2685	2752	3385
CANGA.Cang_2012_03_13_00009.g729.t1	138	263	392	636	1364	1764	2178	2298	2371	2992
CBREN.CBN04661	99	224	324	734	939	2445	2562	2629	2975	3262
CBRIG.CBG19788	99	159	284	2613	2730	2800	3149	3436
CCAST.g3926.t1	126	180	305	821	1074	1802	2202	2619	2739	2812	3412
CDOUG.g7882.t1	99	224	324	734	939	2493	2610	2677	3041	3328
CELEG.Y105E8A.26a	96	150	275	375	785	1017	1973	2517	2634	2701	3038	3325
CJAPO.CJA10712	383	606	2103	2229	2296
CKAMA.g3762.t1	87	212	312	722	930	1889	2418	2535	2590	2927	3214
CLATE.FL83_09178-RA	99	153	278	378	788	993	2547	2664	2731	3095	3382
CMONO.g10593.t2	15	270	324	449	549	637	705	800	959	1185	1460	1638	1853	2025	2197	2316	2444	2872	2928	3072	3151	3299	3386	3684	3769
CNOUR.g5518.t1	96	150	275	375	999	2249	2538	2664	2728	3343
CPLIC.g12582.t1	66	191	291	379	945	1068	1220	1806	1978	2485	2544	2652	3193
CREMA.FL82_19651-RA	99	153	278	378	788	993	2547	2664	2731	3095	3382
CSINI.Csp5_scaffold_00465.g11723.t2	99	153	278	378	788	993	2550	2667	2737	3092	3379
CSP21.g729.t1	69	123	248	348	436	764	1002	1277	1673	2136	2288	2542	2586	2730	2891	3174	3312
CSP26.g7106.t1	99	153	278	788	993	2514	2631	2692	3023	3310
CSP28.g6609.t1	54	179	912	2159	2445	2571	2638	3265
CSP29.g19694.t1	96	221	321	945	2195	2484	2610	2674	3289
CSP31.g12265.t1	99	153	278	378	629	788	996	1271	2002	2121	2273	2587	2649	2775	2842	3216	3439
CSP32.g9260.t1	102	156	281	2559	2673	2740	3364
CSP34.Sp34_10005100.t1	46	153	207	332	432	842	1047	2006	2592	2709	2779	3152	3439
CSP38.g13424.t1	111	165	290	800	1038	2166	2300	2535	2658	2731	3093	3316
CSP39.g26254.t1	96	150	275	1008	2258	2547	2673	2740	3376
CSP40.g4692.t1	99	153	278	378	788	993	2544	2661	2731	3074	3361
CTROP.Csp11.Scaffold630.g19021.t2	1109	1329	1454	1554	1964	2169	3615	3732	3799	4136	4423
CVIRI.g2149.t1	105	159	284	384	472	794	1014	1289	1682	1854	2026	2608	2667	2775	2854	3505
DCORO.DCO_025514	192	402	456	581	681	769	837	932	1088	1284	1407	1559	1704	1940	2112	2284	2403	2537	2659	2851	2953	3098	3348	3486	3630
