CAFRA.g16062.t1	37	159	253	406	566	637	720	1147	1434	1571
CANGA.Cang_2012_03_13_00329.g9291.t1	277	440	517	726	879	1018	1127	1442
CBREN.CBN03727	37	159	253	406	566	637	723	802	1150	1437	1574
CBRIG.CBG14316	100	222	316	469	629	837	916	1264	1551	1688
CCAST.g1642.t1	253	406	569	646	729	808	1017	1156	1265	1580
CDOUG.g10324.t1	100	222	316	469	629	700	786	865	1213	1500	1637
CELEG.C16B8.1.1	100	222	316	472	632	703	792	868	1216	1503	1640
CJAPO.CJA18878	100	316	469	629	700	783	862	1210	1497	1634
CKAMA.g3079.t1	16	138	232	385	545	616	699	778	1126	1413	1550
CLATE.FL83_00751-RA	100	222	316	469	629	700	786	865	1213	1500	1637
CMONO.g3840.t2	170	364	490	612	703	856	1019	1087	1206	1285	1386	1494	1633	1685	1863	2000
CNOUR.g7365.t1	100	222	316	469	629	700	783	862	1210	1497	1634
CPLIC.g9602.t1	16	232	385	545	699	1126	1235	1413	1550
CREMA.FL82_00930-RA	100	222	316	469	629	700	786	865	1213	1500	1637
CSINI.Csp5_scaffold_00094.g4075.t1	100	222	316	469	629	700	786	865	1213	1500	1637
CSP21.g10106.t1	103	225	319	472	620	676	780	859	1068	1316	1494	1631
CSP26.g11989.t1	103	225	319	472	632	703	789	868	1216	1503	1640
CSP28.g10385.t1	16	138	232	385	545	616	699	778	1126	1413	1550
CSP29.g14676.t1	270	364	517	677	748	831	910	1258	1545	1682
CSP31.g15981.t1	100	316	469	629	700	783	1497	1634
CSP32.g352.t1	100	222	316	469	629	700	783	1210	1497	1634
CSP34.Sp34_X0263310.t1	100	222	316	469	629	700	789	868	1216	1503	1640
CSP38.g9471.t1	340	493	623	700	783	862	1071	1210	1319	1634
CSP39.g26588.t1	100	222	316	469	629	700	783	862	1497	1634
CSP40.g20945.t1	100	222	316	469	629	700	786	865	1213	1500	1637
CTROP.Csp11.Scaffold630.g18250.t1	100	222	316	469	629	700	786	865	1213	1500	1637
CVIRI.g5613.t1	97	313	466	626	697	780	1068	1316	1631
DCORO.DCO_007319	103	319	496	692	855	922	1053	1161	1276	1379	1566	1699
