CAFRA.g12584.t1	147	230	323	390	474	613	907	1126	1356
CANGA.Cang_2012_03_13_00239.g7649.t1	83	176	505	1043	1170
CBREN.CBN13341	153	233	326	393	675	811	1081	1300	1530
CBRIG.CBG14721	153	236	329	396	486	631	919	1138	1368
CCAST.g581.t1	141	224	317	646	1184	1311
CDOUG.g18680.t1	150	233	326	393	477	613	1108	1338
CELEG.T22B7.1a	144	227	320	387	471	601	871	1090	1320
CJAPO.CJA05617	45	128	221	372	514	784	1003	1233
CKAMA.g14067.t1	144	227	320	387	471	607	880	1389
CLATE.FL83_00476-RA	144	227	320	387	471	610	883	1102	1332
CMONO.g3144.t1	56	146	279	368	461	528	624	763	906	1003	1143	1222	1328	1434
CNOUR.g13201.t3	138	221	314	381	465	601	865	1084	1311
CPLIC.g9163.t1	83	176	333	373	549	658	801	1107
CREMA.FL82_01237-RA	144	227	320	387	471	610	883	1102	1332
CSINI.Csp5_scaffold_00811.g15692.t1	83	176	243	333	475	757	976	1203
CSP21.g15444.t1	111	197	290	357	453	580	741	832	972	1157	1275
CSP26.g756.t1	144	227	320	387	477	625	904	1123	1350
CSP28.g10527.t1	83	218	311	378	462	595	850	1069	1299
CSP29.g3929.t1	138	221	314	381	465	601	865	1084	1311
CSP31.g16005.t1	83	176	327	460	724	943	1049
CSP32.g161.t1	147	230	323	390	474	610	898	1117	1347
CSP34.Sp34_X0235900.t1	144	227	320	387	471	607	877	1096	1326
CSP38.g13033.t1	150	233	326	664	1187	1314
CSP39.g7940.t1	144	227	320	387	471	607	871	1090	1320
CSP40.g17631.t1	144	227	320	387	477	622	901	1120	1347
CTROP.Csp11.Scaffold626.g6592.t1	83	176	243	327	463	733	952	1182
CVIRI.g3342.t1	138	221	314	468	607	1205	1326
DCORO.DCO_007779	98	204	363	470	630	741	922	1080	1174	1326	1405	1511	1650
