CAFRA.g864.t1	172	288	486	660	843
CANGA.Cang_2012_03_13_00309.g8974.t1	288	486	660	843
CBREN.CBN02301	169	285	483	657	840
CBRIG.CBG08119	169	285	483	657	840
CCAST.g15667.t1	288	486	660	843
CDOUG.g6900.t1	169	285	483	657	840
CELEG.T04G9.3	169	285	483	657	840
CJAPO.CJA15663	169	285	483	657	840
CKAMA.g94.t1	169	285	483	657	840
CLATE.FL83_03207-RA	169	285	483	657	840
CMONO.g687.t1	134	316	432	490	630	730	804	919	987
CNOUR.g6414.t1	175	489	663	846	945	1029	1192
CPLIC.g14243.t1	160	474	648	831
CREMA.FL82_00123-RA	169	285	483	657	840
CSINI.Csp5_scaffold_00693.g14475.t1	169	285	483	657	853
CSP21.g13775.t1	169	483	657	840
CSP26.g21292.t1	169	285	483	657	840
CSP28.g11758.t1	169	483	657	840	991	1326	1488	1637	2143	2305
CSP29.g6159.t1	175	489	663	846	997
CSP31.g11479.t1	172	285	483	657	840
CSP32.g16588.t1	130	246	444	618	801
CSP34.Sp34_X0017300.t1	169	285	483	657	840
CSP38.g18676.t1	288	486	660	843
CSP39.g9813.t1	172	486	660	843
CSP40.g4248.t1	169	483	657	840
CTROP.Csp11.Scaffold629.g15633.t1	169	483	657	840
CVIRI.g830.t1	285	483	657	840
DCORO.DCO_014751	175	291	349	437	489	663	778	846
