CAFRA.g6072.t1	64	200	1470
CANGA.Cang_2012_03_13_00699.g13530.t1	128	1047	1302
CBREN.CBN23953	61	197	622	1467
CBRIG.CBG01496	19	155	580	1425
CCAST.g13597.t1	79	224	1143	1398
CDOUG.g9905.t1	61	200	625	1470
CELEG.F25G6.7a	61	197	622	1467
CJAPO.CJA03058	122	1392
CKAMA.g19056.t1	61	197	622	1467
CLATE.FL83_17008-RA	98	523	1368
CMONO.g7183.t1	119	246	398	544	673	884	1038	1293	1389
CNOUR.g7688.t2	61	197	1467
CPLIC.g7830.t1	199	335	614	760	1509	1605
CREMA.FL82_08782-RA	98	523	1368
CSINI.Csp5_scaffold_04313.g32614.t1	61	197	622	1467
CSP21.g4485.t1	58	197	473	748	959	1113	1368	1464
CSP26.g2170.t1	61	197	622	1467
CSP28.g8786.t1	70	206	1476
CSP29.g45.t1	64	200	1470
CSP31.g4458.t1	125	1299	1395
CSP32.g7245.t1	64	200	1470
CSP34.Sp34_50115600.t1	19	155	580	1425
CSP38.g14800.t1	70	206	333	631	1125	1380
CSP39.g10440.t1	73	215	1485
CSP40.g2823.t1	119	544	1389
CTROP.Csp11.Scaffold613.g5953.t1	119	1389
CVIRI.g10246.t1	67	203	482	1473
DCORO.DCO_009071	28	179	333	485	631	760	971	1125	1243	1380
