CAFRA.g15140.t1	63	996	1054
CANGA.Cang_2012_03_13_01002.g15311.t1	63	356	596	735	870
CBREN.CBN00109	63	240	870	996	1054
CBRIG.CBG11491	63	240	870	996	1054
CCAST.g7424.t1	63	356	596	735	870	993
CDOUG.g7725.t1	63	240	870	996	1054
CELEG.F20G2.3a	63	240	870	996	1054
CJAPO.CJA06895	63	240	996
CKAMA.g5628.t1	63	240	870	996	1054
CLATE.FL83_03752-RA	63	240	870	996	1054
CMONO.g17550.t1	21	137	199	277	377	420	516	651	768	826
CNOUR.g7938.t1	63	240	870	996	1054
CPLIC.g10516.t1	63	240	418	596	735	870	993	1051
CREMA.FL82_08558-RA	63	240	870	996	1054
CSINI.Csp5_scaffold_03658.g30885.t1	63	240	870
CSP21.g82.t1	21	198	314	454	554	597	690	748	825	948	1006
CSP26.g9994.t1	63	240	870	996	1054
CSP28.g6297.t1	63	240	870	996	1054
CSP29.g19374.t1	63	240	870	996	1054
CSP31.g5673.t1	63	240	418	870	999
CSP32.g7052.t1	63	870	996	1054
CSP34.Sp34_50167200.t1	63	240	870	996	1054
CSP38.g19545.t1	63	356	596	735	870	993
CSP39.g5120.t1	63	240	870	996	1054
CSP40.g7681.t1	63	240	870	996	1054
CTROP.Csp11.Scaffold629.g14108.t1	63	870	996	1054
CVIRI.g11969.t1	63	240	596	870	993
DCORO.DCO_014951	63	135	251	313	422	491	630	768	891
