CAFRA.g7952.t1	45	526	1303
CANGA.Cang_2012_03_13_00677.g13375.t1	775
CBREN.CBN18219	45	160	574	1351
CBRIG.CBG24609	45	169	538	1315
CCAST.g16955.t1	45	124	517	1294
CDOUG.g11048.t1	45	166	580	1026	1357
CELEG.T07C4.9a	45	142	532	978
CJAPO.CJA13079	45	145	568	1345
CKAMA.g735.t1	45	145	517	963	1294
CLATE.FL83_13492-RA	45	163	580	1026	1357
CMONO.g1609.t1	51	399	592	795	897	1044	1116	1239
CNOUR.g2527.t1	45	157	574	1020	1351
CPLIC.g2864.t1	45	118	469	675	924	1119
CREMA.FL82_20825-RA	45	163	565	1011	1342
CSINI.Csp5_scaffold_00332.g9571.t1	45	172	364	523	969	1300
CSP21.g4753.t1	51	292	352	571	658	762	954	1101	1173	1296
CSP26.g15456.t1	45	166	562	1008	1339
CSP28.g4824.t1	45	157	541	1318
CSP29.g2546.t1	45	157	547	993	1324
CSP31.g2663.t1	45	163	517	963	1158
CSP32.g15891.t1	45	169	529	975	1306
CSP34.Sp34_30119610.t1	45	154	598	1044
CSP38.g13309.t1	45	136	556	753	1333
CSP39.g22517.t1	109	294	327	423	697	1474
CSP40.g474.t1	45	169	568	1014	1345
CTROP.Csp11.Scaffold628.g7396.t1	45	163	574	1020	1351
CVIRI.g12624.t1	45	169	604	801	1050	1245
DCORO.DCO_007399	5	144	204	289	507	615	658	691	838	1035	1284	1479	1614
