CAFRA.g17591.t1	94	423	642	814	1479
CANGA.Cang_2012_03_13_00399.g10313.t1	130	295	432	1183
CBREN.CBN15066	142	307	477	712	874	1085	1548
CBRIG.CBG06262	142	337	507	726	898	1100	1563
CCAST.g9720.t1	130	295	453	1363
CDOUG.g14492.t1	142	307	477	696	868	1070	1533
CELEG.C42C1.2	142	307	480	699	871	1073	1536
CJAPO.CJA08948	136	301	465	684	862	1527
CKAMA.g10268.t1	145	310	474	693	1070	1533
CLATE.FL83_04839-RA	142	307	471	690	862	1064	1527
CMONO.g11996.t1	151	316	437	492	609	711	786	880	984	1082	1167	1275	1430	1545
CNOUR.g19336.t1	148	477	696	865	1530
CPLIC.g4550.t1	121	286	444	561	663	832	1034	1227	1382	1497
CREMA.FL82_03754-RA	142	307	477	696	1115	1578
CSINI.Csp5_scaffold_00142.g5508.t2	160	325	495	714	886	1088	1551
CSP21.g14564.t1	93	210	312	484	668	771	982	1146
CSP26.g5381.t1	136	301	471	690	862	1064	1527
CSP28.g9321.t1	145	310	471	690	862	1527
CSP29.g3698.t1	148	477	696	865	1530
CSP31.g15811.t1	178	495	615	892	1094	1557
CSP32.g11011.t1	160	489	708	880	1545
CSP34.Sp34_40240400.t1	139	304	459	681	853	1055	1518
CSP38.g8324.t1	139	304	474	859	1061	1254
CSP39.g1912.t1	148	313	391	486	877	1542
CSP40.g22678.t1	43	208	378	597	769	971	1434
CTROP.Csp11.Scaffold629.g12741.t2	142	307	486	705	826	1028	1491
CVIRI.g3346.t1	109	274	438	555	657	826	1028	1317	1491
DCORO.DCO_008727	166	434	483	597	693	762	856	960	1058	1143	1251	1406
