CAFRA.g699.t1	172	279	744	869
CANGA.Cang_2012_03_13_00127.g5105.t1	87	301	408
CBREN.CBN12900	169	276	603	741	866
CBRIG.CBG20802	169	276	525	609	872
CCAST.g8236.t1	166	371	603	741
CDOUG.g16520.t1	276	519	603	866
CELEG.Y48C3A.3	169	276	519	603	866
CJAPO.CJA02532	166	273	516	600	738	863
CKAMA.g4857.t1	169	276	522	606	744	869
CLATE.FL83_06856-RA	169	276	519	603	741	866
CMONO.g3752.t1	169	276	558	642	780	905
CNOUR.g1542.t1	169	276	872
CPLIC.g12661.t1	163	270	368	513	591	729	854
CREMA.FL82_05697-RA	169	276	519	543	668
CSINI.Csp5_scaffold_00020.g1226.t2	276	540	564	827
CSP21.g13589.t1	175	282	525	609	747	872
CSP26.g11567.t1	276	540	624	887
CSP28.g14465.t1	169	276	609
CSP29.g7023.t1	346	964	1002	1118	1191	1787
CSP31.g16446.t1	175	380	525	609	747	872
CSP32.g3261.t1	166	273	738	863
CSP34.Sp34_20072410.t1	169	276	519	603	866
CSP38.g3564.t1	365	597	735
CSP39.g22969.t1	169	276	609	872
CSP40.g5600.t1	276	540	624	887
CTROP.Csp11.Scaffold586.g4884.t1	169	276	519	603	741	866
CVIRI.g2207.t1	172	279	377	606	744	869
DCORO.DCO_014685	38	306	546	768	893
