CAFRA.g10027.t1	138	344
CANGA.Cang_2012_03_13_00499.g11583.t1	138	178	327
CBREN.CBN18508.1	138	344
CBRIG.CBG06118	138	344
CCAST.g1740.t1	138	344
CDOUG.g5927.t1	138	344
CELEG.F40F11.1.1	138	344
CJAPO.CJA10937	138	344
CKAMA.g11779.t1	138	344
CLATE.FL83_21343-RA	138	344
CMONO.g11972.t1	138	344
CNOUR.g21820.t1	138	344
CPLIC.g3165.t1	8	99	192	303	405	606	661	753	1074	1241	1368	2467	2562	2770	4149	4254	5112	5233	5311	5460	5666
CREMA.FL82_03854-RA	138	344
CSINI.Csp5_scaffold_02293.g25837.t1	138	344
CSP21.g5506.t1	141	347
CSP26.g13163.t1	138	344
CSP28.g10847.t1	138	344
CSP29.g19900.t1	138	344
CSP31.g7777.t1	138	344
CSP32.g9894.t1	138	344
CSP34.Sp34_40325700.t1	138	344
CSP38.g221.t1	138	344
CSP39.g9410.t1	138	344
CSP40.g749.t1	138	344
CTROP.Csp11.Scaffold507.g2481.t1	138	344
CVIRI.g3902.t1	138	344
DCORO.DCO_022437	138	281	344
