CAFRA.g4365.t1	64	175	287	445	748	957	1054	1270	1357
CANGA.Cang_2012_03_13_00160.g5917.t1	64	266	568	730	795	936	1033	1249
CBREN.CBN18660	70	157	269	427	730	1033	1249	1336
CBRIG.CBG10909	76	205	292	404	562	865	1168	1384	1471
CCAST.g3220.t1	58	172	374	676	838	903	1044	1141	1357
CDOUG.g4686.t1	76	163	275	433	736	1039	1255	1342
CELEG.C53B7.1	73	160	272	430	733	1036	1252	1339
CJAPO.CJA06909	244	340	452	610	913	1432	1519
CKAMA.g3348.t1	202	289	401	559	862	1165	1381	1468
CLATE.FL83_00281-RA	76	163	275	433	1039	1255	1342
CMONO.g15033.t2	109	193	314	472	610	772	837	981	1078	1224	1294	1381
CNOUR.g5584.t1	73	157	269	427	730	936	1033	1249
CPLIC.g7766.t1	97	209	367	511	673	738	885	982	1198	1285
CREMA.FL82_01594-RA	76	163	275	433	1039	1255	1342
CSINI.Csp5_scaffold_00033.g1847.t3	76	181	268	380	538	841	1144	1360	1447
CSP21.g8707.t1	58	157	269	427	568	730	795	936	1033	1185	1258	1345
CSP26.g14272.t1	76	181	268	380	538	841	1144	1360	1447
CSP28.g15012.t1	124	236	394	697	1000	1303
CSP29.g4102.t1	93	221	414	511	623	781	1084	1290	1387	1603
CSP31.g20652.t1	64	172	262	374	532	670	829	1035	1132	1354
CSP32.g9220.t1	64	160	272	430	733	939	1036	1252	1339
CSP34.Sp34_X0195300.t1	73	160	272	430	733	1036	1252	1339
CSP38.g10846.t2	61	187	389	547	688	850	915	1059	1156	1372
CSP39.g366.t1	70	199	286	398	556	859	1065	1162	1378	1465
CSP40.g10872.t1	76	163	275	433	736	1039	1255	1342
CTROP.Csp11.Scaffold320.g812.t1	61	148	260	418	721	1024	1240	1327
CVIRI.g13304.t1	102	214	372	513	675	881	978	1127	1200
DCORO.DCO_009259	64	217	329	405	487	625	693	790	855	1002	1099	1254
