CAFRA.g6725.t1	116	396	520	783	1084	1182	1546
CANGA.Cang_2012_03_13_00201.g6858.t1	119	399	609	883	1087	1449	1549	2094
CBREN.CBN30590	110	625	888	1189	1287	1651	2196
CBRIG.CBG05896	119	399	786	1087	1185	1549	2094
CCAST.g17574.t1	119	399	609	883	1087	1449	1549	2094
CDOUG.g13713.t1	116	396	520	783	1084	1182	1546	2091
CELEG.R05G6.8	116	396	783	1084	1182	1546	2091
CJAPO.CJA02216	116	396	520	783	1084	1182	1546	2091
CKAMA.g1665.t1	116	396	783	1084	1182	1546	2091
CLATE.FL83_18746-RA	364	909
CMONO.g17397.t1	83	187	282	363	487	573	750	847	915	1051	1149	1248	1340	1413	1513	1626	1719	1804	1978	2058	2128
CNOUR.g12036.t1	116	396	520	606	783	1084	1182	1549	2094
CPLIC.g3806.t1	119	241	336	417	541	804	901	969	1105	1203	1302	1394	1555	1668	1846	2020
CREMA.FL82_04079-RA	116	396	520	783	1084	1182	1546	2091
CSINI.Csp5_scaffold_00440.g11411.t1	119	399	523	786	1087	1185	1549	2094
CSP21.g5509.t1	92	196	291	372	496	582	753	847	915	984	1051	1149	1248	1340	1413	1513	1626	1719	1804	1978	2058	2128
CSP26.g18821.t1	119	399	523	786	1087	1185	1549	2094
CSP28.g9196.t1	116	396	520	606	783	1084	2094
CSP29.g3575.t1	116	396	520	606	783	1084	1182	1549	2094
CSP31.g7990.t1	116	315	396	520	606	783	880	1084	1182	1373	1452	1549	1662	1840	2014	2094
CSP32.g9059.t1	116	396	520	783	1084	1182	1546
CSP34.Sp34_40300500.t1	116	396	783	1084	1182	1546	2091
CSP38.g8637.t1	119	399	883	1087	1449	1549	2094
CSP39.g5477.t1	116	396	520	606	783	1084	1182	1549	2094
CSP40.g19442.t1	119	399	523	786	1087	1185	1549	2094
CTROP.Csp11.Scaffold630.g21193.t1	116	396	520	783	1084	1182	1546	2091
CVIRI.g16252.t1	315	396	520	606	783	948	1084	1182	1373	1446	1497	1597	1710	1888	2062
DCORO.DCO_005449	116	223	318	399	523	609	786	883	951	1087	1182	1281	1373	1467	1558	1642	1764	1849	1931	2023	2173
