CAFRA.g19309.t1	81	132	248	561	675	889
CANGA.Cang_2012_03_13_00949.g15078.t1	37	135	249	390	502
CBREN.CBN12182	78	194	267	522	636	850
CBRIG.CBG08386	78	129	245	318	561	889
CCAST.g19499.t1	66	117	306	433	531	645	747	859
CDOUG.g3665.t1	81	132	248	321	687	901
CELEG.F01D4.6a	78	129	245	318	570	684	898
CJAPO.CJA08021	255	369	583
CKAMA.g16190.t1	116	189	398
CLATE.FL83_23860-RA	78	129	245	318	567	681
CMONO.g6784.t1	339	390	506	579	631	720	936	1051
CNOUR.g5416.t1	81	132	248	321	558	672	886
CPLIC.g3921.t1	84	200	516	630	732	844
CREMA.FL82_03097-RA	81	132	248	321	570	684	786
CSINI.Csp5_scaffold_00358.g10063.t2	78	129	245	318	567	681	895
CSP21.g2274.t1	69	120	236	309	436	531	654	756	862
CSP26.g8864.t1	78	129	245	318	561	675	889
CSP28.g12590.t1	116	426	540	754
CSP29.g3409.t1	81	132	248	321	549	663	877	939	1077	1140	1359	1556	1755	1854
CSP31.g5359.t1	81	132	248	540	654	756	868
CSP32.g807.t1	81	132	248	558	672	886
CSP34.Sp34_40077300.t1	78	129	245	318	552	666	880
CSP38.g20444.t1	78	129	318	445	558	774	886
CSP39.g19920.t1	81	132	248	321	558	672	886
CSP40.g15072.t1	78	129	245	318	567	681	895
CTROP.Csp11.Scaffold630.g17777.t2	78	194	267	510	838
CVIRI.g6123.t1	78	129	245	318	543	759	871
DCORO.DCO_015205	84	135	251	324	451	594	708	810	931
