CAFRA.g11696.t1	84	237	332	548	668
CANGA.Cang_2012_03_13_00623.g12896.t1	66	203	539
CBREN.CBN01151	84	237	332	548	668
CBRIG.CBG01832	81	234	329	545	665
CCAST.g10394.t1	69	317	653
CDOUG.g18076.t1	81	234	329	545	665
CELEG.C39E9.8a	84	237	332	548	668
CJAPO.CJA13703	75	228	323	539	659
CKAMA.g4307.t1	81	234	329	545	665
CLATE.FL83_19431-RA	81	234	329	545	665
CMONO.g17854.t1	81	234	329	495	545	665
CNOUR.g19850.t1	81	234	329	545	665
CPLIC.g11925.t1	75	228	323	539	659
CREMA.FL82_03551-RA	81	234	329	545	665
CSINI.Csp5_scaffold_00041.g2190.t2	218	324	477	572	788	908
CSP21.g11704.t1	66	314	486
CSP26.g15251.t1	81	234	329	545	665
CSP28.g12092.t1	81	234	329	545	665
CSP29.g3018.t1	81	234	329	545	665
CSP31.g26734.t1	75	228	323	539	659
CSP32.g14396.t1	87	240	335	551	671
CSP34.Sp34_40145810.t1	84	237	332	548	668
CSP38.g12735.t1	84	332	668
CSP39.g1345.t1	174	327	422	638	758
CSP40.g2352.t1	81	234	329	545	665
CTROP.Csp11.Scaffold587.g4916.t1	81	234	329	545	665
CVIRI.g11702.t1	69	222	317	533	653
DCORO.DCO_018699	96	249	344	447	560	680
