CAFRA.g16802.t1	341	811
CANGA.Cang_2012_03_13_00040.g2202.t1	40	110	228	351	715	1061	1292
CBREN.CBN05029	338	823	1133
CBRIG.CBG06902	162	1192	1502
CCAST.g19234.t1	350	468	829	1151
CDOUG.g20955.t1	356	841	1151
CELEG.F54F2.9	341	826	1136
CJAPO.CJA15045	341	823
CKAMA.g11562.t1	134	236	375	513	597	755	1097	1570	1877
CLATE.FL83_07512-RA	6	146	248	372	510	594	752	1106	1594	1904
CMONO.g20138.t1	132	234	341	459	612	666	817	892	987	1157
CNOUR.g22537.t1	125	239	498	582	725	1552	1874
CPLIC.g2595.t1	228	335	453	672	811	886
CREMA.FL82_20417-RA	15	386	874	1184
CSINI.Csp5_scaffold_00078.g3549.t1	350	1145
CSP21.g12928.t1	12	138	240	468	654	817	987	1136
CSP26.g7824.t1	347	765	1142
CSP28.g12668.t1	125	239	363	501	585	743	1085	1570	1892
CSP29.g2655.t1	109	240	440	651	771	904	1018	1233	1317	1475	2302	2627
CSP31.g2931.t1	135	237	344	462	663	835	1154
CSP32.g1185.t1	341	811
CSP34.Sp34_30277210.t1	350	835
CSP38.g4045.t1	353	471	823	1157
CSP39.g9251.t1	341	826	1148
CSP40.g6802.t1	347	1139
CTROP.Csp11.Scaffold630.g19597.t1	350	802	1109
CVIRI.g3285.t1	114	323	441	790	1124
DCORO.DCO_011121	22	29	118	255	357	464	582	720	919	993	1089	1247
