CAFRA.g5314.t1	62	137	526	610
CANGA.Cang_2012_03_13_00127.g5097.t1	53	373
CBREN.CBN21553	62	352	562	646
CBRIG.CBG13414	44	119	328	538	622
CCAST.g8243.t1	44	119	200	520	604
CDOUG.g26483.t1	65	140	343	553	637
CELEG.T05A7.7	53	128	355	574	658
CJAPO.CJA17418	32	220	430
CKAMA.g8377.t1	52	255	468
CLATE.FL83_06810-RA	30	50	487	571
CMONO.g6912.t1	38	104	179	274	361	478	553
CNOUR.g7518.t1	41	119	307	517	601
CPLIC.g2188.t1	14	101	436	520
CREMA.FL82_06216-RA	50	125	565	649
CSINI.Csp5_scaffold_07542.g37888.t1	53	128	217	295	505	589
CSP21.g9132.t1	50	200	325	391	568	652
CSP26.g1644.t1	53	128	349	559	643
CSP28.g15214.t1	292	476	633	759	893	1085	1160	1576	1660
CSP29.g8148.t1	38	116	304	514	598
CSP31.g17858.t1	8	475
CSP32.g12405.t1	56	131	514	598
CSP34.Sp34_20226400.t1	53	128	340	550	634
CSP38.g16130.t1	50	125	206	511	595
CSP39.g341.t1	127	337	421
CSP40.g10203.t1	65	140	364	574	658
CTROP.Csp11.Scaffold629.g8276.t1	292	476	633	759	896	971	1171	1381	1465
CVIRI.g7372.t1	35	113	194	364	481
DCORO.DCO_019183	53	233	379	496	580
