CAFRA.g18332.t1	121	293	841	1291	1427	1857
CANGA.Cang_2012_03_13_23598.g27044.t1	
CBREN.CBN04781	149	310	470	577	982	1357	1493	1881
CBRIG.CBG03078	23	187	344	451	847	1261	1397	1785
CCAST.g4515.t1	96	319	580	831	1140
CDOUG.g5414.t1	76	230	337	736	1120	1256	1644
CELEG.R166.1	82	227	334	730	1156	1292	1680
CJAPO.CJA12417	91	251	358	760	1138	1274	1662
CKAMA.g7642.t1	76	191	298	682	988	1124	1512
CLATE.FL83_23647-RA	76	230	337	742	1120	1256	1644
CMONO.g13818.t1	85	161	292	411	526	676	1147	1280	1413	1521	1765
CNOUR.g13529.t1	61	236	343	754	1147	1671
CPLIC.g5267.t1	34	235	354	550	736	872	984	1251
CREMA.FL82_05421-RA	76	230	337	742	1120	1256	1644
CSINI.Csp5_scaffold_00106.g4455.t1	79	242	349	754	1174	1256	1644
CSP21.g1436.t1	107	211	330	445	559	636	841	974	1086	1194	1407
CSP26.g10512.t1	44	208	350	457	856	1279	1415	1803
CSP28.g1862.t1	113	271	431	538	964	1366	1890
CSP29.g13382.t1	61	239	346	757	1141	1665
CSP31.g24429.t1	40	158	604	859	1395
CSP32.g15577.t1	64	338	445	856	1009	1096	1232	1668
CSP34.Sp34_20287700.t1	82	236	343	748	1162	1298	1689
CSP38.g2951.t1	34	71	502	739	990	1311
CSP39.g833.t1	85	251	358	766	1204	1509	1740
CSP40.g17357.t1	79	233	340	745	1171	1307	1695
CTROP.Csp11.Scaffold629.g8958.t1	76	236	343	748	1135	1271	1662
CVIRI.g2642.t1	112	227	334	568	679	1033	1166	1278	1632
DCORO.DCO_008687	160	257	367	486	604	754	933	1057	1187	1299	1407	1502	1572
