CAFRA.g11739.t1	78	180	271	388	527	639	735	828	902	1052	1260	1371	1505	1676	1814	1872
CANGA.Cang_2012_03_13_00174.g6222.t1	63	165	256	627	723	819	893	1377	1511	1697	1835	1893
CBREN.CBN07498	72	174	265	382	521	633	729	822	915	989	1139	1347	1455	1589	1763	1901	1959
CBRIG.CBG05078	72	174	265	382	521	633	729	822	915	989	1139	1347	1458	1592	1766	1904	1962
CCAST.g19300.t1	63	165	256	627	723	819	896	1371	1505	1670	1808	1866
CDOUG.g1262.t2	72	174	265	382	521	633	729	822	896	1043	1251	1362	1502	1676	1814	1872
CELEG.C15B12.5b	72	174	265	382	521	633	729	822	915	989	1139	1350	1461	1598	1769	1907	1965
CJAPO.CJA00391a	78	180	271	388	527	639	735	828	902	1052	1260	1374	1508	1676	1814	1872
CKAMA.g3493.t1	72	174	265	382	521	633	729	822	896	1046	1254	1365	1499	1673	1802	1860
CLATE.FL83_00341-RA	72	174	265	382	521	633	729	822	896	1046	1254	1365	1499	1673	1811	1869
CMONO.g7063.t1	63	165	256	373	512	530	642	738	828	896	1040	1239	1350	1481	1643	1781	1839
CNOUR.g3875.t2	78	180	271	388	527	639	735	828	902	1052	1257	1368	1511	1682	1820	1878
CPLIC.g2261.t1	45	136	253	392	504	600	693	771	845	989	1191	1311	1433	1595	1733	1791
CREMA.FL82_01678-RA	72	174	265	382	521	633	729	822	915	989	1139	1347	1458	1592	1766	1904	1962
CSINI.Csp5_scaffold_00292.g8821.t2	72	174	265	382	521	633	729	822	915	989	1139	1347	1458	1595	1769	1907	1965
CSP21.g15457.t1	66	168	259	376	515	627	723	816	909	983	1136	1353	1473	1613	1775	1808	1946	2004
CSP26.g6780.t1	72	174	265	382	521	633	729	822	896	1046	1254	1365	1499	1673	1811	1869
CSP28.g12397.t1	75	167	330	994	1136	1440	1509	1593	1688	1809	1972	2065	2250	2415	2517	2608	2864	2976	3072	3165	3239	3398	3603	3708	3848	4022	4151	4209
CSP29.g4047.t1	78	180	271	388	527	639	735	828	902	1052	1257	1368	1511	1682	1811	1869
CSP31.g26503.t1	57	117	208	325	576	771	845	995	1203	1323	1457	1634	1772	1830
CSP32.g278.t1	78	180	271	388	527	639	735	828	902	1052	1260	1371	1505	1676	1814	1872
CSP34.Sp34_X0189410.t1	72	174	265	382	521	633	729	822	896	1046	1251	1359	1493	1664	1793	1851
CSP38.g19620.t1	63	165	256	627	723	822	896	1377	1511	1670	1808	1866
CSP39.g29026.t1	78	180	271	527	639	735	828	921	995	1145	1464	1607	1781	1919	1977
CSP40.g15710.t1	72	174	265	382	521	633	729	822	896	1046	1254	1365	1499	1673	1811	1869
CTROP.Csp11.Scaffold626.g6425.t1	72	166	283	422	534	630	723	797	947	1155	1263	1394	1568	1706	1764
CVIRI.g609.t1	57	159	250	367	506	618	714	807	888	962	1112	1326	1443	1583	1748	1886	1944
DCORO.DCO_005941	69	171	262	379	518	539	598	654	750	888	959	1121	1217	1344	1452	1577	1754	1892	1950
