CAFRA.g16182.t1	99	335	436	621	794	906	1146
CANGA.Cang_2012_03_13_00008.g673.t1	75	311	618	1002	1023	1263	1434
CBREN.CBN10147	99	335	433	618	791	903	1143
CBRIG.CBG16259	99	335	436	621	794	906	1146
CCAST.g12080.t1	255	540	780
CDOUG.g14339.t1	99	335	433	618	791	903	1143
CELEG.T20F7.6	99	335	430	615	788	900	1140
CJAPO.CJA11471	99	335	436	621	906	1146
CKAMA.g9133.t1	99	335	430	615	788	900	1140
CLATE.FL83_02315-RA	37	218	316	501	674	786	1026
CMONO.g7153.t1	99	235	335	500	627	708	800	903	1023	1146
CNOUR.g19472.t1	99	335	436	621	906	1146
CPLIC.g13816.t1	108	244	344	454	639	812	924	1041	1164
CREMA.FL82_15468-RA	99	335	433	622	737	849	1089
CSINI.Csp5_scaffold_00055.g2768.t1	99	335	433	618	791	903	1143
CSP21.g9587.t1	60	202	388	416	543	624	716	819	936	1059
CSP26.g200.t1	99	335	433	618	791	903	1143
CSP28.g1100.t1	57	293	394	752	864	1104
CSP29.g1691.t1	99	335	436	621	906	1146
CSP31.g15203.t1	99	436	494	621	794	906	1023
CSP32.g17029.t1	99	335	436	621	794	906	1146
CSP34.Sp34_X0047300.t1	57	293	391	576	749	861	1101
CSP38.g10338.t1	87	223	323	630	803	915	1155
CSP39.g4578.t1	99	210	335	448	918	1158
CSP40.g10892.t1	99	335	433	618	791	903	1143
CTROP.Csp11.Scaffold629.g13253.t1	57	293	391	576	749	861	1101
CVIRI.g15696.t1	102	238	338	439	624	797	909	1026
DCORO.DCO_012427	31	129	259	359	457	515	642	723	836	924	1044	1161
