CAFRA.g11678.t1	120	203	300	403	498	625	871	1066
CANGA.Cang_2012_03_13_00500.g11590.t1	114	397	619	721	859
CBREN.CBN08665	117	200	297	400	495	622	724	862
CBRIG.CBG01816	117	200	297	400	495	622	724	862
CCAST.g18217.t2	120	403	622	724	862	1057
CDOUG.g18094.t1	117	200	297	400	495	622	724	862
CELEG.F09E8.2a	117	200	297	400	495	622	721	859
CJAPO.CJA06225	117	200	297	400	495	622
CKAMA.g4322.t1	120	203	300	403	625	727	865	1069
CLATE.FL83_19443-RB	35	159	242	339	442	537	664	766	904
CMONO.g3711.t1	105	140	215	312	415	510	637	739	874
CNOUR.g19833.t2	117	200	297	400	495	622	724	865
CPLIC.g1491.t1	114	197	397	489	616	718	856
CREMA.FL82_03536-RA	117	200	297	400	495	622	724	862
CSINI.Csp5_scaffold_00041.g2207.t2	117	200	297	400	495	622	724	862	1066
CSP21.g13439.t2	120	203	300	403	498	619	718	853
CSP26.g15236.t2	117	200	297	400	495	622	724	862	1066
CSP28.g12105.t1	117	297	400	495	622	862
CSP29.g3004.t1	117	200	297	400	495	622	724	865
CSP31.g17500.t2	117	200	297	400	495	622	724	862
CSP32.g14413.t1	120	203	300	403	498	625	871
CSP34.Sp34_40144200.t1	65	123	243	326	423	526	621	748	850	988
CSP38.g21929.t2	123	406	628	730	868	1063
CSP39.g3173.t1	117	200	297	400	495	622	724	865
CSP40.g2369.t2	117	200	297	400	495	622	724	862	1066
CTROP.Csp11.Scaffold589.g5077.t1	117	200	297	400	495	622	721	859
CVIRI.g13568.t1	99	279	382	604	700	838
DCORO.DCO_014355	126	209	306	409	504	631	733	871
