CAFRA.g14218.t1	45	141	304
CANGA.Cang_2012_03_13_00592.g12572.t1	138	252
CBREN.CBN01800	45	141
CBRIG.CBG11890	45	141	304
CCAST.g4132.t1	138
CDOUG.g5747.t1	45	141
CELEG.T25G3.1.1	45	141
CJAPO.CJA13402	42	138
CKAMA.g8570.t1	114	277
CLATE.FL83_12321-RA	45	141	304
CMONO.g11551.t1	48	144	307
CNOUR.g8519.t1	138	301
CPLIC.g14620.t1	45	219	301
CREMA.FL82_08245-RA	40	102	198	361
CSINI.Csp5_scaffold_00258.g8122.t1	45	141	304
CSP21.g14301.t1	45	141	222	304
CSP26.g1111.t1	45	141	304
CSP28.g13526.t1	301
CSP29.g17518.t1	138	301
CSP31.g17163.t1	42	138	301
CSP32.g11539.t1	45	141	304
CSP34.Sp34_10097100.t1	45	141
CSP38.g15999.t1	138	301
CSP39.g9609.t1	301
CSP40.g9870.t1	45	141
CTROP.Csp11.Scaffold630.g21022.t1	45	141
CVIRI.g15088.t1	48	144	225	307
DCORO.DCO_020433	126	276	366	448	567
