CAFRA.g6798.t1	138	758	1343
CANGA.Cang_2012_03_13_00730.g13755.t1	138	668	761	959	1016	1067	1310	1426	1497
CBREN.CBN17314	144	431	737	1481
CBRIG.CBG13313	485	794	1415
CCAST.g5056.t1	138	668	761	857	980	1037	1088	1340	1456	1527
CDOUG.g8856.t1	144	440	749	1403
CELEG.Y56A3A.17a	138	695	1238
CJAPO.CJA02406	141	449	773	1274
CKAMA.g14410.t1	132	392	689	1015	1164
CLATE.FL83_21009-RA	147	431	743
CMONO.g3264.t1	144	270	428	471	568	770	866	1115	1330	1394	1587
CNOUR.g12158.t1	99	574	710	1229
CPLIC.g5656.t1	138	385	601	734	824	875	1229	1469	1585	1665
CREMA.FL82_09859-RA	147	431	743	1271
CSINI.Csp5_scaffold_00510.g12294.t1	150	446	761	1328
CSP21.g1283.t1	138	221	339	486	604	740	857	920	986	1243	1500
CSP26.g6369.t1	150	446	761	1331
CSP28.g11138.t1	129	586	725	1208
CSP29.g624.t1	129	604	740	1283
CSP31.g21866.t1	138	452	610	740	833	917	1376	1569
CSP32.g3415.t1	138	746	1397
CSP34.Sp34_30085400.t1	144	434	743	1253
CSP38.g4751.t1	138	683	785	884	998	1061	1127	1376	1492	1563
CSP39.g7024.t1	132	583	722	1232
CSP40.g20654.t1	150	752	1328
CTROP.Csp11.Scaffold126.g574.t1	144	443	749	1391
CVIRI.g9053.t1	138	470	779	899	965	1082	1291	1355	1471	1551
DCORO.DCO_007283	111	342	443	531	685	836	923	1007	1064	1262	1441	1511	1633	1710
