CAFRA.g15362.t1	72	214	277	416	951	1596	2031	2510
CANGA.Cang_2012_03_13_00031.g1796.t1	51	190	392	624	837	930	1053	1169	1584	1884
CBREN.CBN22392	78	217	280	419	508	651	891	984	1107	1245	1479	1632	1965	2064	2357	2543
CBRIG.CBG02212	78	217	467	556	699	939	1032	1155	1293	1527	1680	2016	2115	2408	2594
CCAST.g15769.t1	51	190	392	624	837	930	1053	1194	1310	1725	2025	2318	2504
CDOUG.g8895.t1	75	214	277	416	505	648	879	972	1095	1233	1467	1620	1956	2055	2348	2534
CELEG.Y106G6H.7	78	217	280	419	508	651	891	984	1107	1245	1479	1632	1968	2067	2360	2546
CJAPO.CJA05181c	72	211	274	413	502	645	1074	1209	1443	2085	2378	2564
CKAMA.g7520.t1	75	172	235	374	463	606	846	939	1062	1200	1434	1587	1923	2022	2315	2501
CLATE.FL83_05223-RA	78	217	280	419	535	678	918	1011	1134	1272	1506	1659	1995	2094	2387	2573
CMONO.g14967.t1	81	220	283	422	511	654	729	864	957	1080	1218	1334	1437	1590	1752	1905	2004	2297	2483
CNOUR.g16127.t1	78	217	280	419	508	651	861	1212	1599	1932	2031	2324	2510
CPLIC.g2294.t1	90	229	600	810	903	1026	1161	1277	1395	1548	1713	1971	2136	2264	2450
CREMA.FL82_15790-RA	78	217	356	445	588	828	921	1044	1182	1416	1569	1905	2004	2297	2483
CSINI.Csp5_scaffold_00140.g5428.t1	75	214	238	377	466	609	849	942	1065	1203	1437	1545	1881	1980	2273	2459
CSP21.g14298.t1	108	224	342	495	654	813	912	1077	1277
CSP26.g2876.t1	75	214	277	416	505	648	888	981	1104	1242	1476	1629	1965	2064	2357	2543
CSP28.g5184.t1	72	274	502	645	1209	1596	1779	1878	2357
CSP29.g13714.t1	78	217	280	419	508	651	861	1212	1599	1932	2031	2324	2510
CSP31.g6769.t1	72	211	274	413	645	855	948	1071	1215	1602	1932	2031	2324	2510
CSP32.g4551.t1	72	214	277	416	505	951	1209	1443	1596	2031	2510
CSP34.Sp34_10217700.t1	78	217	280	419	508	651	891	984	1245	1479	1632	1968	2067	2360	2546
CSP38.g5241.t1	51	190	392	624	837	1194	1310	1704	2004	2297	2483
CSP39.g25598.t1	78	217	280	419	508	651	1212	1932	2031	2321	2507
CSP40.g15185.t1	75	214	277	416	505	648	888	981	1104	1242	1476	1629	1965	2064	2357	2543
CTROP.Csp11.Scaffold475.g1693.t1	75	214	277	416	505	648	888	981	1104	1242	1476	1629	1956	2055	2348	2534
CVIRI.g5684.t1	211	274	413	645	720	855	948	1071	1209	1325	1443	1596	1935	2034	2327
DCORO.DCO_004465	90	167	283	365	537	729	864	954	1083	1227	1391	1614	1744	1873	1947	2046	2211	2339	2459	2573
