CAFRA.g16915.t1	133	1058	1378
CANGA.Cang_2012_03_13_00648.g13137.t1	130	976	1260
CBREN.CBN03143	193	945	1124	1444
CBRIG.CBG18933	196	942	1121	1441
CCAST.g5086.t1	580	1426	1710
CDOUG.g1484.t1	939	1118	1438
CELEG.T05H4.14	193	939	1118	1438
CJAPO.CJA11242	181	930	1109	1429
CKAMA.g11831.t1	190	933	1112	1432
CLATE.FL83_10779-RA	193	939	1118	1438
CMONO.g19456.t1	165	299	418	506	573	705	821	960	1141	1194	1306	1425
CNOUR.g19263.t1	187	1103	1426
CPLIC.g5208.t1	81	166	342	595	906	1085	1224	1405	1555	1674
CREMA.FL82_18810-RA	193	939	1118	1438
CSINI.Csp5_scaffold_00123.g4948.t1	127	891	1070	1390	1443
CSP21.g1297.t1	16	84	175	327	461	580	692	759	891	1070	1209	1390	1443	1555	1674
CSP26.g13244.t1	193	945	1124	1444
CSP28.g6454.t1	124	864	1043	1363
CSP29.g20996.t1	187	1103	1426
CSP31.g11240.t1	81	196	387	752	951	1130	1269	1450	1615	1734
CSP32.g14892.t1	130	1055	1375
CSP34.Sp34_50212300.t1	5	44	250	993	1172	1492
CSP38.g12798.t1	81	607	1272	1453	1737
CSP39.g2273.t1	187	1109	1429
CSP40.g11752.t1	196	948	1127	1447
CTROP.Csp11.Scaffold630.g17537.t1	196	942	1121	1441
CVIRI.g1328.t1	81	196	375	740	1118	1438
DCORO.DCO_006443	55	249	310	492	626	745	857	924	1056	1235	1374	1445	1608	1720	1839
