CAFRA.g16213.t1	3	55	162	318
CANGA.Cang_2012_03_13_00510.g11693.t1	3	55	162	318
CBREN.CBN07875	3	55	162	318
CBRIG.CBG10771	3	55	162	318
CCAST.g16382.t1	3	55	162	318
CDOUG.g6321.t1	3	162	318
CELEG.F54C1.7.1	3	55	162	318
CJAPO.CJA12160.1	3	55	162	318
CKAMA.g10940.t1	3	55	318
CLATE.FL83_07525-RA	3	55	162
CMONO.g10286.t1	33	152	294	346	453	609	742
CNOUR.g8382.t1	3	55	162	318
CPLIC.g8709.t1	3	55	451
CREMA.FL82_08485-RA	3	55	162
CSINI.Csp5_scaffold_00804.g15610.t1	3	55	162	318
CSP21.g14888.t1	3	55	162	318	451
CSP26.g11355.t1	3	55	162	318
CSP28.g2863.t1	3	55	162	318
CSP29.g17395.t1	3	55	162	318
CSP31.g485.t1	3	55	162	318	451
CSP32.g15382.t1	3	55	162	318
CSP34.Sp34_10256120.t1	57	213
CSP38.g3123.t1	3	55	162	318
CSP39.g22571.t1	3	55	162	318
CSP40.g17922.t1	3	55	162	318
CTROP.Csp11.Scaffold629.g9786.t1	3	55	162	318
CVIRI.g5092.t1	3	55	162	451
DCORO.DCO_022195	3	55	162	318	451
