CAFRA.g17423.t1	53	451
CANGA.Cang_2012_03_13_00428.g10741.t1	53	255	451	579
CBREN.CBN01834	53	451
CBRIG.CBG02289	53	451
CCAST.g7164.t1	53	255	579
CDOUG.g16349.t2	81	165	264	537	769	857	885	1008	1291	1416	1470	1549	1655	2235	2581	2675	3073
CELEG.Y38A8.2	53	451
CJAPO.CJA08254	53	255	451
CKAMA.g7388.t1	78	159	258	531	681	918	1035	1130	1379	1469	1857
CLATE.FL83_05961-RA	113	511
CMONO.g5690.t1	53	123	255	454	582
CNOUR.g9064.t1	53	451
CPLIC.g11878.t1	53	255	454
CREMA.FL82_11859-RA	81	162	261	534	766	854	882	1032	1150	1256	1827	2166	2225	2623
CSINI.Csp5_scaffold_00182.g6486.t1	53	451
CSP21.g542.t1	53	123	255	454	582
CSP26.g13512.t1	53	451
CSP28.g13641.t1	81	183	282	790	851	879	996	1246	1395	1539	1648	1754	2030	2325	2686	2780	3178
CSP29.g5513.t1	81	165	264	543	769	836	864	990	1476	1629	1747	1853	2424	2760	2834	3232
CSP31.g14972.t1	53	123	255	451
CSP32.g7412.t1	53	451
CSP34.Sp34_20088200.t1	53	451
CSP38.g9765.t1	53	451	579
CSP39.g6715.t1	94	492
CSP40.g5136.t1	53	451
CTROP.Csp11.Scaffold629.g11219.t1	53	451
CVIRI.g11042.t1	53	123	255	451
DCORO.DCO_020359	53	123	255	324	454	582
