CAFRA.g8762.t1	132	308	412	546	657	792	1000	1070	1178	1389	1618	1659	1740	2013	2131	2222	2338	2602	2741
CANGA.Cang_2012_03_13_00116.g4812.t2	132	308	412	549	687	892	1070	1281
CBREN.CBN16219	132	308	412	546	657	792	935	1000	1178	1389	1618
CBRIG.CBG14680	132	308	412	546	651	786	994	1172	1383	1612
CCAST.g12357.t1	132	308	412	549	660	798	1003	1181	1392
CDOUG.g515.t1	132	308	412	546	657	792	935	1000	1178	1389	1618
CELEG.C03F11.3	132	308	412	546	651	786	929	994	1172	1383	1612
CJAPO.CJA14102	132	308	412	651	786	929	1064	1172	1612
CKAMA.g3256.t1	132	308	412	546	657	792	935	1000	1178	1389	1618
CLATE.FL83_00514-RA	132	308	412	546	657	792	935	1000	1178	1389	1618
CMONO.g19852.t1	132	308	412	546	651	786	926	985	1055	1163	1258	1377	1451	1606
CNOUR.g789.t1	132	308	412	546	657	792	935	1000	1070	1178	1389
CPLIC.g5488.t1	132	308	412	546	657	780	920	985	1055	1163	1255	1377	1451	1606
CREMA.FL82_01197-RA	132	308	412	546	657	792	935	1000	1178	1389	1618
CSINI.Csp5_scaffold_00012.g782.t1	115	195	371	475	609	714	849	992	1057	1235	1446	1675
CSP21.g8768.t1	126	302	406	540	633	768	905	973	1043	1151	1243	1362	1436	1591
CSP26.g18216.t1	132	308	412	546	651	786	994	1172	1383	1612
CSP28.g10496.t1	132	308	412	546	657	792	935	1000	1070	1178	1389	1653	1734	2007	2085	2177	2455	2560	2693
CSP29.g3897.t1	132	308	412	546	657	792	935	1000	1070	1178	1389	1618	1653	1734	2007	2125	2144	2260	2422	2527	2669
CSP31.g9065.t1	72	209	351	527	631	765	876	1011	1154	1222	1292	1400	1492	1611	1869	1950	2223	2341	2432	2542	2713	2818	2939
CSP32.g127.t1	132	308	412	546	657	792	1000	1070	1178	1389	1618
CSP34.Sp34_X0239700.t1	129	305	409	543	648	783	926	991	1169	1380	1609
CSP38.g10883.t1	132	308	412	549	660	795	1000	1178	1389
CSP39.g21640.t1	132	308	412	546	657	792	1000	1070	1178	1389	1650	1731	2004	2115	2207	2485	2590	2732
CSP40.g17662.t1	132	308	546	651	786	929	994	1172	1383	1612	1641	1722	1995	2113	2183	2293	2479	2584
CTROP.Csp11.Scaffold626.g6635.t1	132	308	412	546	657	792	935	1000	1178	1389	1618
CVIRI.g8195.t1	132	308	412	546	657	792	997	1067	1386
DCORO.DCO_008115	129	305	409	459	549	657	708	795	935	1000	1070	1178	1273	1392	1466	1618
