CAFRA.g318.t1	4	97	346	567	711	940	1050	1292	1390	1600	1754
CANGA.Cang_2012_03_13_00262.g8066.t1	4	97	346	567	711	940	1050	1292	1390	1594	1748
CBREN.CBN06343	85	331	552	696	925	1035	1277	1375	1585	1739
CBRIG.CBG17160	10	103	349	570	714	943	1053	1295	1393	1600	1746
CCAST.g13140.t1	4	97	346	567	711	940	1050	1292	1390	1594	1748
CDOUG.g9848.t1	4	97	343	564	708	937	1047	1289	1387	1597	1751
CELEG.F09B9.2b	139	388	609	753	982	1092	1334	1432	1639	1793
CJAPO.CJA12633a	61	154	403	624	768	997	1107	1349	1447	1651	1805
CKAMA.g9233.t1	73	316	537	681	910	1020	1262	1360	1567	1721
CLATE.FL83_01376-RA	4	97	343	564	708	937	1047	1289	1387	1594	1748
CMONO.g3462.t1	4	97	319	540	684	853	913	1023	1179	1265	1363	1570	1748
CNOUR.g3058.t1	4	97	343	564	708	937	1047	1289	1387	1591	1745
CPLIC.g5378.t1	4	97	382	603	747	916	976	1242	1328	1426	1627	1781
CREMA.FL82_17299-RA	4	97	343	564	708	937	1047	1289	1387	1594	1748
CSINI.Csp5_scaffold_00352.g9949.t1	10	262	483	627	856	966	1208	1306	1513	1667
CSP21.g88.t1	4	97	316	537	681	850	1020	1262	1360	1546	1706
CSP26.g8662.t1	4	97	352	573	717	946	1056	1298	1396	1603	1757
CSP28.g14652.t1	7	253	474	618	847	957	1199	1297	1504	1658
CSP29.g12009.t1	7	253	474	618	847	957	1199	1297	1501	1655
CSP31.g25090.t1	10	109	355	576	720	949	1059	1215	1301	1399	1600	1754
CSP32.g12721.t1	4	97	349	570	714	943	1053	1295	1393	1600	1754
CSP34.Sp34_X0066500.t1	4	115	358	579	723	952	1062	1304	1402	1609	1763
CSP38.g1837.t1	4	97	358	579	723	952	1062	1304	1402	1606	1760
CSP39.g27386.t1	4	97	343	564	708	937	1047	1289	1387	1594	1748
CSP40.g15896.t1	4	97	349	570	714	943	1053	1295	1393	1600	1754
CTROP.Csp11.Scaffold629.g13685.t3	97	343	564	708	937	1047	1289	1387	1594	1748
CVIRI.g15995.t1	4	97	352	573	717	949	1059	1215	1301	1399	1600	1754
DCORO.DCO_005187	52	439	532	608	799	882	1020	1164	1336	1506	1662	1748	1846	1951	2050	2222
