CAFRA.g1456.t1	12	158	550	870
CANGA.Cang_2012_03_13_00650.g13155.t1	122	217	483	657	1030	1171	1491
CBREN.CBN22213	140	253	534	708	854	1258	1578
CBRIG.CBG12390	146	262	546	720	863	1267	1587
CCAST.g17944.t1	122	217	483	657	1018	1159	1479
CDOUG.g3715.t1	146	259	714	860	1270	1590
CELEG.T08G11.4a.1	140	256	531	705	845	1243	1563
CJAPO.CJA13845	532	673	873	993
CKAMA.g2966.t1	140	259	540	714	860	1258	1578
CLATE.FL83_05102-RA	146	262	543	717	863	1252	1572
CMONO.g1370.t1	140	274	432	522	693	810	872	1038	1111	1252	1395	1566
CNOUR.g9567.t1	179	331	639	813	959	1219	1360	1680
CPLIC.g13085.t1	818	1195	1344	1401	1515
CREMA.FL82_15671-RA	146	262	543	717	863	1252	1572
CSINI.Csp5_scaffold_00231.g7576.t1	146	262	543	717	863	1264	1584
CSP21.g11432.t1	122	241	405	558	726	858	1174	1315
CSP26.g12158.t1	146	262	543	717	863	1261	1581
CSP28.g12310.t1	179	328	609	783	923	1180	1321	1641
CSP29.g20783.t1	176	307	582	756	902	1156	1297	1617
CSP31.g7569.t1	113	564	726	866	1020	1093	1234	1383	1440	1554
CSP32.g2928.t1	143	702	848	1240	1560
CSP34.Sp34_10121300.t1	146	262	546	720	866	1273	1593
CSP38.g188.t1	116	669	1027	1168
CSP39.g28075.t1	230	358	630	804	941	1183	1324	1644
CSP40.g24225.t1	146	262	543	717	863	1264	1584
CTROP.Csp11.Scaffold630.g20562.t1	146	259	540	714	860	1267	1587
CVIRI.g7654.t1	140	256	519	696	845	884	1111	1252	1575
DCORO.DCO_007659	173	313	480	621	789	926	1119	1333	1389	1539	1653
