CAFRA.g11103.t1	55	177	268	414	774	1688	1861	1979
CANGA.Cang_2012_03_13_00178.g6289.t2	105	274	357	833	1077	1438	1671
CBREN.CBN31275	58	180	300	1214	1387	1505
CBRIG.CBG03680	40	162	253	414	774	1688	1861	1979	2005	2166	2526	3440	3613	3731
CCAST.g4410.t1	64	186	271	477	646	729	1205	1449	1816	2049
CDOUG.g14820.t1	58	180	271	420	780	1314	1694	1867	1985
CELEG.ZK430.8	55	177	268	411	771	1685	1858	1976
CJAPO.CJA09235	37	153	244	387	747	1661	1834	1952
CKAMA.g8357.t1	166	288	379	519	879	1793	1966	2084
CLATE.FL83_10915-RA	61	183	274	423	783	1697	1870	1988
CMONO.g16843.t1	40	156	250	429	537	662	706	789	938	1128	1265	1323	1395	1561	1828	1946	2061
CNOUR.g5371.t1	55	177	268	414	774	1688	1861	1979
CPLIC.g7975.t1	40	165	250	369	477	646	729	878	1068	1205	1449	1816	1934
CREMA.FL82_06337-RA	12	103	252	559	1511	1684	1802
CSINI.Csp5_scaffold_01405.g20721.t1	58	180	271	423	762	1676	1849	1967
CSP21.g13864.t1	83	232	359	653	725	891	985	1158	1391
CSP26.g11201.t1	64	186	277	429	789	1703	1876	1994
CSP28.g9010.t1	15	75	238	360	511	654	1014	1928	2101	2219
CSP29.g1499.t1	136	276	636	1550	1723	1841
CSP31.g27398.t1	61	183	289	420	780	1056	1119	1256	1694	1867
CSP32.g15679.t1	55	177	268	414	774	1688	1861	1979
CSP34.Sp34_20235400.t1	55	177	268	405	765	1679	1852	1970
CSP38.g6539.t2	58	180	265	471	640	723	1199	1443	1810	2043
CSP39.g2384.t1	55	177	262	408	768	1110	1685	1858	1976
CSP40.g2460.t1	61	183	268	369	729	1643	1816	1934
CTROP.Csp11.Scaffold630.g21289.t1	156	520	663	1023	1937	2110	2228
CVIRI.g3839.t1	55	174	301	429	662	706	938	1265	1703	1876	1994
DCORO.DCO_005959	31	135	229	360	468	637	720	869	967	1059	1196	1374	1440	1634	1807	1925	2040
