CAFRA.g17037.t1	36	2258	2345	2409	2613	2720	2829	2985	3081	3162	3237	3342	3414
CANGA.Cang_2012_03_13_00065.g3170.t1	2606	2763	2967	3086	3108	3264	3360	3441	3516	3522	3618	3693
CBREN.CBN21507	2021	2108	2172	2376	2477	2589	2745	2841	2922	2997
CBRIG.CBG16852	2582	2672	2736	2940	3044	3153	3309	3405	3486	3561
CCAST.g16935.t1	2606	2760	2964	3074	3183	3339	3435	3609	3684	3780	3855
CDOUG.g31.t3	2588	2675	2739	2943	3044	3150	3306	3402	3480	3537	3612	3717	3780
CELEG.C14F5.3b	23	2525	2612	2676	2880	2984	3093	3249	3345	3426	3501
CJAPO.CJA02498	2588	2672	2736	2940	3047	3156	3312	3408	3486	3633	3696
CKAMA.g1005.t1	33	2255	2342	2406	2610	2711	2823	2979	3075	3156	3231	3297
CLATE.FL83_00062-RC	2030	2126	2190	2394	2498	2607	2763	2859	2937	3012
CMONO.g13937.t1	125	213	251	2606	2717	2781	2985	3068	3180	3336	3432	3513	3600
CNOUR.g15209.t1	3	2222	2309	2373	2577	2684	2793	2949	3045	3126	3201
CPLIC.g14121.t1	2354	2493	2697	2801	2913	3069	3165	3246
CREMA.FL82_01358-RA	40	74	2648	2744	2808	3012	3116	3225	3381	3477	3555	3636	3711
CSINI.Csp5_scaffold_00251.g7976.t3	2603	2690	2757	2961	3062	3171	3327	3423	3504	3579
CSP21.g12118.t1	2441	2531	2598	2802	2906	3018	3174	3270	3351	3435	3453	3658
CSP26.g10870.t2	2582	2675	2742	2946	3047	3156	3312	3408	3489	3564	3570	3669	3732
CSP28.g14719.t1	3	2228	2315	2379	2583	2690	2799	2955	3051	3129	3186	3261	3411	3474
CSP29.g12906.t1	3	2234	2321	2385	2589	2696	2805	2961	3057	3138	3213	3360	3429
CSP31.g21779.t1	2513	2591	2655	2859	2966	3072	3228	3324	3405	3504	3570
CSP32.g4048.t1	23	2540	2627	2691	2895	3002	3111	3267	3363	3441	3591	3663
CSP34.Sp34_X0213810.t1	53	2558	2645	2709	2913	3014	3123	3279	3375	3453	3600	3663
CSP38.g6002.t2	53	2579	2736	2940	3050	3159	3315	3411	3492	3567	3669	3747
CSP39.g5731.t3	33	2261	2348	2412	2616	2723	2832	2988	3084	3162	3219	3294	3444	3522
CSP40.g8289.t2	23	2537	2627	2694	2898	2999	3108	3264	3360	3441	3516	3615	3678
CTROP.Csp11.Scaffold630.g18910.t2	2573	2660	2724	2928	3029	3138	3166	3195	3351	3447	3525	3627	3690
CVIRI.g6560.t2	23	2483	2573	2841	3057	3213	3309	3390	3447
DCORO.DCO_002999	2738	2864	2928	3132	3245	3360	3516	3612	3693	3789	3801
