CAFRA.g2411.t1	153	351	417
CANGA.Cang_2012_03_13_00567.g12311.t1	150	348	408	468	555	615
CBREN.CBN02194	153	351	417
CBRIG.CBG16669	183	380	447
CCAST.g7581.t1	150	348	408	426
CDOUG.g1374.t1	153	351	417
CELEG.C50C3.5	153	351	417
CJAPO.CJA17674	351	417
CKAMA.g14353.t1	153	351	417
CLATE.FL83_19668-RA	153	351	417
CMONO.g7622.t1	150	210	471	537
CNOUR.g1289.t1	153	351	417
CPLIC.g1292.t1	348	414
CREMA.FL82_10263-RA	153	351	417
CSINI.Csp5_scaffold_00014.g935.t1	153	351	417
CSP21.g7680.t1	87	153	351	417
CSP26.g11514.t1	153	351	417
CSP28.g4463.t1	177	243	380
CSP29.g3826.t1	153	351	417
CSP31.g18911.t1	153	351	417
CSP32.g1785.t1	153	351	417
CSP34.Sp34_30230200.t1	153	351	417
CSP38.g4913.t1	150	348	408
CSP39.g21194.t1	153	351	417
CSP40.g8210.t1	153	351	417
CTROP.Csp11.Scaffold629.g16233.t1	153	351	417
CVIRI.g2560.t1	153	351	417
DCORO.DCO_027728	85	215	326	440	585	645	783	849	936
