CAFRA.g2790.t1	57	128	265	376	672	1080	1154	1312	1370	1708	1829	2053	2178
CANGA.Cang_2012_03_13_00093.g4123.t1	56	190	430	600	1008	1082	1400	1738	1859
CBREN.CBN18209	69	140	280	535	705	1046	1113	1187	1345	1403	1591	1741	1862	2086	2211
CBRIG.CBG00264	78	149	283	538	708	1190	1348	1406	1594	1744	1865	2089	2214
CCAST.g15629.t1	48	119	253	484	654	1062	1136	1294	1352	1690	1811	1938	2035
CDOUG.g15949.t1	69	140	289	547	717	1058	1125	1199	1357	1415	1603	1753	1874	2098	2223
CELEG.C40H5.4	69	140	292	541	711	1052	1119	1193	1351	1409	1597	1747	1868	2092	2217
CJAPO.CJA11531	29	181	283	409	579	920	987	1061	1219	1277	1465	1615	1736	1960	2085
CKAMA.g13624.t1	55	174	274	388	545	626	760	994	1164	1505	1572	1646	1804	1862	2050	2200	2321	2545	2670
CLATE.FL83_03523-RA	72	143	292	547	717	1058	1125	1199	1357	1415	1603	1753	1874	2098	2223
CMONO.g12830.t1	107	229	313	439	531	638	792	872	939	1013	1171	1229	1336	1417	1567	1688	1815	1912	2037
CNOUR.g14459.t1	66	137	274	511	681	1089	1163	1321
CPLIC.g9523.t1	64	172	298	468	575	729	809	876	950	1108	1166
CREMA.FL82_01875-RA	72	143	292	535	705	1046	1113	1187	1345	1403	1591	1741	1862	2086	2211
CSINI.Csp5_scaffold_00215.g7224.t3	92	132	203	346	598	768	1109	1176	1250	1408	1466	1654	1804	1925	2149	2274
CSP21.g2865.t1	87	158	319	403	529	699	806	960	1040	1107	1181	1339	1397	1504	1585	1735	1856	1983	2080	2205
CSP26.g19535.t1	69	140	283	532	702	1043	1110	1184	1342	1400	1588	1738	1859	2083	2208
CSP28.g5360.t1	71	232	469	639	1047	1121	1279	1337	1525	1675	1796	2020
CSP29.g11246.t1	66	137	274	511	681	1089	1163	1321	1379	1567	1717	1838	2062
CSP31.g17439.t1	72	152	283	400	526	696	1336	1394	1582	1732	1853	1980	2077	2202
CSP32.g13459.t1	57	128	265	376	502	672	1080	1154	1312	1370	1708	1829	2053	2178
CSP34.Sp34_X0180700.t1	86	235	466	636	977	1044	1118	1276	1334	1522	1672	1793	2017	2142
CSP38.g14605.t1	72	143	268	499	669	1077	1151	1309	1367	1474	1705	1826	1953	2050
CSP39.g11824.t1	55	174	271	385	488	542	623	692	844	1081	1251	1659	1733	1891	1949	2287	2408	2632	2757
CSP40.g23022.t1	60	131	274	514	684	1025	1092	1166	1324	1382	1570	1720	1841	2065	2190
CTROP.Csp11.Scaffold630.g18671.t2	69	140	259	666	1007	1074	1148	1306	1364	1552	1702	1823	1990
CVIRI.g3005.t1	149	280	415	541	711	1119	1193	1351	1409	1597	1747	1868	2092	2217
DCORO.DCO_004647	39	230	373	547	634	760	818	930	1037	1191	1271	1338	1415	1470	1573	1631	1738	1819	1969	2090	2217	2314	2376	2439
