CAFRA.g8552.t1	22	141	362	477	576	660	816	896	1242
CANGA.Cang_2012_03_13_00023.g1449.t1	
CBREN.CBN04564	106	225	446	561	744	900	980	1317
CBRIG.CBG07248	106	225	446	561	660	744	900	980	1329
CCAST.g14889.t1	118	329	458	573	1242
CDOUG.g4614.t1	106	225	446	561	660	744	900	980	1320
CELEG.C11H1.3	106	225	446	561	660	744	900	980	1320
CJAPO.CJA14975	106	225	561	660	744	900	980	1311
CKAMA.g2089.t1	106	225	446	561	660	900	980	1314
CLATE.FL83_24420-RA	93	314	429	513	669	749	996
CMONO.g13126.t1	109	233	362	477	576	825	905	1038	1158
CNOUR.g6894.t1	22	141	362	477	576	660	816	896	1215
CPLIC.g2152.t1	103	222	314	443	558	657	741	897	977	1212
CREMA.FL82_20585-RA	89	129	350	465	549	642	722	969
CSINI.Csp5_scaffold_00401.g10799.t2	106	225	446	561	660	744	900	980	1314
CSP21.g14077.t1	91	210	302	413	528	627	873	953	1209	1266
CSP26.g15986.t1	106	225	446	561	660	744	900	980
CSP28.g11828.t1	22	141	362	477	576	660	819	899	1224	1450	1589	1682	1789	1894	2019	2228	2327	2439	2566	2775	2922	3100	3862	3951
CSP29.g6073.t1	106	225	446	561	660	744	900	980	1299	1511	1618	1723	1848	1972	2057	2156	2268	2395	2665	2734	2934	3075	3253	3970	4059
CSP31.g24626.t1	103	222	314	443	558	660	744	903	983	1290
CSP32.g717.t1	106	225	446	561	660	744	900	980	1326
CSP34.Sp34_X0107810.t1	106	225	446	561	660	744	900	980	1314
CSP38.g18489.t1	118	237	329	458	573	756	1227
CSP39.g19364.t1	106	225	446	561	660	744	903	983	1308
CSP40.g558.t1	22	141	362	477	576	660	816	896	1233
CTROP.Csp11.Scaffold628.g7108.t1	106	225	446	561	660	744	900	980	1293
CVIRI.g5624.t1	106	225	317	446	660	744	900	980	1215
DCORO.DCO_008867	26	205	324	413	542	657	840	999	1079	1233	1338	1443
