CAFRA.g7970.t1	186	556	1126	1197	1966
CANGA.Cang_2012_03_13_00017.g1132.t3	108	406	689	948	1058	1609	2131	2202	2478	2685	2977	3342	3505	3750	4042
CBREN.CBN15383	183	251	553	749	978	1123	1194	1316	1470	1882	1963
CBRIG.CBG23794	183	251	749	978	1123	1194	1316	1470	2011
CCAST.g18511.t1	107	658	1129	1200	1476	1683	1975
CDOUG.g11031.t1	183	251	553	749	1123	1194	1316	1470	1882	1963
CELEG.Y70G10A.3.1	183	251	553	749	978	1123	1194	1316	1470	1882	1963
CJAPO.CJA17366a	249
CKAMA.g724.t1	183	251	550	746	975	1120	1191	1313	1467	1879	1960
CLATE.FL83_13510-RA	183	251	553	749	978	1123	1194	1316	1470	1882	1963
CMONO.g15067.t1	104	183	251	334	479	553	652	749	906	978	1048	1123	1194	1316	1470	1565	1665	1741	1876
CNOUR.g2543.t1	183	251	553	749	978	1123	1194	1470	1963
CPLIC.g13710.t1	113	343	562	661	987	1132	1203	1325	1476	1638	1849	1930
CREMA.FL82_20844-RA	9	192	260	562	758	987	1132	1203	1325	1479	1891	1972
CSINI.Csp5_scaffold_00433.g11307.t1	186	281	695	924	1069	1140	1262	1416	1828	1909
CSP21.g8011.t1	35	52	149	306	378	523	594	716	873	1047	1123	1258	1339
CSP26.g14400.t1	186	254	752	981	1126	1197	1319	1473	1885	1966
CSP28.g4837.t1	251	553	749	978	1123	1194	1470	1963
CSP29.g2524.t1	183	251	553	749	978	1123	1194	1470	1963
CSP31.g23923.t1	183	251	482	652	749	978	1194	1316	1470	1885	1966
CSP32.g10325.t1	186	556	752	981	1126	1197	1966
CSP34.Sp34_30117400.t1	177	245	547	743	972	1117	1188	1310	1464	1876	1957
CSP38.g5702.t1	101	652	1123	1194	1316	1470	1674	1885	1966
CSP39.g5029.t1	251	553	749	978	1123	1194	1470	1882	1963
CSP40.g18049.t1	186	254	752	981	1126	1197	1319	1473	1885	1966
CTROP.Csp11.Scaffold628.g7418.t1	186	254	556	752	981	1126	1197	1319	1473	1885	1966
CVIRI.g10365.t1	183	334	414	649	746	975	1120	1191	1467	1671	1963
DCORO.DCO_006173	95	174	242	470	640	737	894	966	1111	1182	1304	1461	1677	1753	1888
