CAFRA.g16165.t1	144	367	494	896	1045	1150	1962	2406	2499
CANGA.Cang_2012_03_13_00174.g6221.t1	238	350	510	880	1935	2331
CBREN.CBN13830	175	299	701	847	955	1599	1770	2214	2307
CBRIG.CBG16328	47	192	382	536	1827	1998	2442	2535
CCAST.g19299.t1	270	526	638	795	1165	2220	2616
CDOUG.g9951.t1	141	334	458	863	1009	1117	1932	2376	2469
CELEG.C10E2.3a	141	340	464	869	1015	1123	1767	1938	2382	2475
CJAPO.CJA01626	144	281	683	829	1331	1584	2199	2292
CKAMA.g9155.t1	141	334	458	1006	1114	1929	2373	2466	2592	2736	2853	2963	3186	3252	3390	3482	3575	3644	3824	3927
CLATE.FL83_02336-RA	175	299	695	1656	1827	2271	2364
CMONO.g4655.t1	114	295	416	564	663	785	931	1042	1169	1409	1662	1833	1974	2141	2277	2370
CNOUR.g19441.t1	141	331	461	863	1006	1111	1755	1926	2370	2463
CPLIC.g2523.t1	178	296	549	674	1131	1316	1740	1881	2048	2184	2277
CREMA.FL82_15486-RA	175	299	695	1656	1827	2271	2364
CSINI.Csp5_scaffold_00682.g14367.t1	217	281	869	1018	1126	1770	1941	2385	2478
CSP21.g3478.t1	156	385	503	765	884	1021	1126	1256	1505	1833	1932	2073	2240	2466
CSP26.g9760.t1	141	334	464	857	1006	1114	1758	1929	2373	2466
CSP28.g1057.t1	144	316	455	988	1090	1716	1795	1857	2301	2394
CSP29.g1666.t1	141	331	461	863	1006	1111	1755	1926	2370	2463
CSP31.g24588.t2	150	334	458	827	976	1469	1722	2034	2337	2430
CSP32.g17046.t1	144	337	461	863	1012	1114	1926	2370	2463
CSP34.Sp34_X0045300.t1	141	334	461	869	1015	1123	1767	1938	2382	2475
CSP38.g19618.t1	237	493	599	756	977	1123	2178	2574
CSP39.g26814.t1	126	316	467	863	1000	1099	1719	1890	2334	2427
CSP40.g10917.t1	141	334	461	854	1003	1111	1755	1926	2370	2463
CTROP.Csp11.Scaffold629.g13283.t1	211	335	740	886	1638	1809	2253	2346
CVIRI.g11383.t1	166	284	653	1283	1536	1707	1848	2151	2244
DCORO.DCO_004553	109	174	264	355	473	546	666	759	890	1030	1151	1280	1344	1517	1662	1738	1842	1941	2082	2249	2385	2478
