CAFRA.g4946.t1	169	356	406	495
CANGA.Cang_2012_03_13_00001.g111.t1	169	273	406	495
CBREN.CBN16102	69	169	356	495
CBRIG.CBG00099	69	169	356	495
CCAST.g8897.t1	169	273	406	495
CDOUG.g2622.t1	69	169	356	495
CELEG.R09A8.5	69	169	356	495
CJAPO.CJA16009	69	169	406	495
CKAMA.g967.t1	69	169	356	495
CLATE.FL83_03379-RA	69	169	356	495
CMONO.g16151.t1	63	163	267	350	400	518
CNOUR.g18844.t1	6	106	293	432
CPLIC.g13984.t1	66	166	270	403	492
CREMA.FL82_01246-RA	69	169	356	495
CSINI.Csp5_scaffold_01544.g21604.t1	156	256	443	582
CSP21.g4741.t1	63	163	267	350	400	489
CSP26.g19777.t1	69	169	356	495
CSP28.g14762.t1	4	132	232	419	469	558
CSP29.g12952.t1	57	157	344	483
CSP31.g5626.t1	69	169	495
CSP32.g14178.t1	106	293	343	432
CSP34.Sp34_X0222800.t1	69	169	356	495
CSP38.g3522.t1	69	169	273	356	406	495
CSP39.g5679.t1	69	169	356	495
CSP40.g12144.t1	69	169	356	495
CTROP.Csp11.Scaffold630.g18797.t1	69	169	356	495
CVIRI.g813.t1	69	169	273	356	406	495
DCORO.DCO_019657	5	120	220	324	445	534
