CAFRA.g4415.t1	127	243	477	611	783	908	1077	1186	1291	1479	1620	1709	2004	2109	2313	2469	2571	2637	2782	3038	3179	3339	3429	3636	3741	3952
CANGA.Cang_2012_03_13_00086.g3903.t1	127	255	626	798	923	1005	1092	1201	1306	1907	2121	2233	2583	2909	3050	3351	3361	3516	3727
CBREN.CBN05995	157	273	375	507	641	813	938	1216	1321	1509	1650	1739	1986	2091	2298	2454	2556	2622	2882	3023	3164	3324	3621	3726	3937
CBRIG.CBG10984	154	270	372	504	638	810	935	1017	1104	1240	1302	1509	1757	1790	1959	2166	2322	2424	2750	2891	3032	3192	3489	3594	3805
CCAST.g13216.t1	127	255	626	798	923	1005	1092	1201	1306	1907	2121	2233	2583	2909	3050	3351	3753	3964
CDOUG.g18389.t1	157	273	375	507	641	813	938	1020	1107	1216	1321	1509	1650	1739	2034	2139	2346	2502	2930	3071	3212	3372	3462	3669	3774	3985
CELEG.C54D1.1	169	285	387	519	653	825	950	1032	1119	1228	1333	1521	1662	1751	2046	2163	2373	2529	2631	2697	2957	3098	3239	3399	3489	3696	3801	4012
CJAPO.CJA11203	130	246	348	480	614	786	911	993	1080	1189	1294	1482	1623	2007	2106	2310	2466	2568	2634	2894	3035	3176	3336	3426	3633	3738	3949
CKAMA.g3389.t1	151	267	369	501	635	807	932	1014	1101	1210	1315	1410	1551	1640	1935	2053	2253	2409	2511	2577	2722	2837	2978	3119	3279	3369	3576	3681	3820
CLATE.FL83_00230-RA	157	273	375	507	641	813	938	1020	1107	1216	1321	1509	1650	1739	2034	2241	2305
CMONO.g17480.t1	106	213	315	447	581	753	878	960	1047	1156	1252	1314	1365	1506	1595	1655	1778	1890	1998	2110	2199	2352	2454	2520	2665	2780	2859	2921	3062	3222	3312	3519	3624	3771	3832
CNOUR.g18977.t1	142	258	360	492	626	798	923	1005	1092	1201	1306	1494	1635	2019	2124	2331	2589	2655	2800	2915	3056	3197	3357	3447	3654	3759	3970
CPLIC.g13167.t1	121	222	459	593	765	890	1059	1168	1276	1464	1605	1694	1989	2088	2445	2547	2758	2873	2952	3014	3155	3315	3405	3612	3717	3928
CREMA.FL82_01532-RA	157	273	375	507	641	813	938	1020	1107	1216	1321	1509	1650	1739	2034	2241	2397	2499	2565	2825	2966	3107	3267	3357	3564	3669	3880
CSINI.Csp5_scaffold_00059.g2906.t1	153	313	429	531	663	797	969	1094	1176	1263	1372	1710	1851	1940	2235	2442	2598	2700	2766	3026	3167	3308	3468	3558	3765	3870	4081
CSP21.g14187.t1	112	222	324	459	593	765	890	1059	1168	1335	1461	1602	1691	1874	1986	2283	2439	2541	2607	2752	2867	2946	3008	3149	3309	3399	3606	3711	3919
CSP26.g9008.t1	157	267	369	501	635	807	932	1014	1101	1210	1315	1503	1644	1733	2028	2133	2340	2496	2598	2664	2924	3065	3206	3366	3456	3663	3768	3979
CSP28.g3400.t1	264	498	632	804	929	1011	1098	1207	1500	1641	2025	2229	2487	2553	2698	2813	2954	3095	3255	3552	3868
CSP29.g4144.t1	178	294	396	528	662	834	959	1041	1128	1237	1342	1530	1671	2055	2262	2520	2586	2731	2846	2987	3128	3288	3378	3585	3690	3901
CSP31.g20591.t1	121	228	462	596	768	893	975	1062	1171	1276	1464	1605	1694	1877	2088	2298	2454	2556	2767	2882	2961	3023	3164	3324	3414	3621	3726	3937
CSP32.g5621.t1	127	243	477	611	783	908	1077	1186	1291	1479	1620	1709	2004	2112	2316	2472	2574	2640	2785	3041	3182	3342	3432	3639	3744	3955
CSP34.Sp34_X0200600.t1	157	273	375	507	641	813	938	1020	1107	1216	1321	1509	1650	1739	2034	2142	2349	2505	2607	2673	2933	3074	3215	3375	3465	3672	3777	4000
CSP38.g20612.t1	127	255	626	798	923	1005	1092	1201	1306	1494	1907	2121	2233	2325	2583	2909	3050	3351	3753	3964
CSP39.g7121.t1	145	261	363	495	629	801	926	1008	1095	1204	1309	1497	1638	2022	2127	2331	2589	2800	2915	3056	3357	3447	3654	3759	3970
CSP40.g2193.t1	154	270	372	504	638	810	935	1017	1104	1213	1318	1506	1647	1736	2031	2136	2343	2499	2601	2667	2927	3068	3209	3369	3459	3666	3771	3982
CTROP.Csp11.Scaffold578.g4494.t3	157	267	369	501	635	807	932	1014	1101	1210	1315	1503	1733	2028	2133	2343	2499	2601	2667	2927	3068	3209	3369	3459	3666	3771	3982
CVIRI.g1469.t1	112	225	462	596	768	893	975	1062	1171	1338	1464	1605	1877	2091	2203	2454	2556	2622	2882	3023	3164	3324	3414	3621	3937
DCORO.DCO_002839	178	211	294	396	525	659	742	831	914	956	1038	1125	1234	1342	1404	1530	1646	1760	1820	1943	2055	2139	2251	2334	2490	2592	2702	2803	2918	3059	3200	3273	3360	3450	3555	3657	3762	3909	3961
