CAFRA.g7895.t1	19	231
CANGA.Cang_2012_03_13_00660.g13242.t1	3	165
CBREN.CBN14456.1	16	228	412
CBRIG.CBG24046	19	231	415
CCAST.g10500.t1	19	231
CDOUG.g4750.t1	16	228	412
CELEG.F09F7.2a.1	19	231	415
CJAPO.CJA13899	19	231
CKAMA.g18384.t1	19	231	415
CLATE.FL83_18532-RA	19	231	415
CMONO.g17774.t1	13	135	225	354	409
CNOUR.g2560.t1	19	231	415
CPLIC.g13568.t1	13	135	225	354
CREMA.FL82_16780-RA	19	231	415
CSINI.Csp5_scaffold_03217.g29457.t1	19	297	481
CSP21.g4598.t1	13	135	225	354	409
CSP26.g6120.t1	19	231	415
CSP28.g4854.t1	19	231	415
CSP29.g2510.t1	19	231	415
CSP31.g22358.t1	19	231	360	415
CSP32.g15946.t1	19	231
CSP34.Sp34_30133500.t1	19	231	415
CSP38.g14963.t1	19	231
CSP39.g6879.t1	184
CSP40.g19734.t1	19	231	415
CTROP.Csp11.Scaffold626.g6355.t1	19	231	415
CVIRI.g8622.t1	19	231	360	415
DCORO.DCO_022597	13	135	225	282	409
