CAFRA.g16768.t1	48	614
CANGA.Cang_2012_03_13_00319.g9136.t1	9	575	862
CBREN.CBN15909	48	135	614
CBRIG.CBG18316	48	135	614
CCAST.g14703.t1	48	614	982	1242
CDOUG.g1080.t1	48	135	614
CELEG.K01G5.5	48	135	614
CJAPO.CJA17075	48	135	614	713
CKAMA.g8997.t1	48	135	614
CLATE.FL83_11457-RA	48	135	614
CMONO.g3779.t1	48	135	345	429	554	653	819	940	1086	1191
CNOUR.g13011.t1	113	174	261	740	839
CPLIC.g7729.t1	48	345	489	614	713	1000
CREMA.FL82_20754-RA	48	135	614
CSINI.Csp5_scaffold_00257.g8094.t1	48	135	614
CSP21.g4316.t1	36	102	312	456	581	762	846	967	1113	1194
CSP26.g4897.t1	48	135	614
CSP28.g4783.t1	48	135	614	713
CSP29.g2615.t1	48	135	614	713
CSP31.g10504.t1	57	144	354	623	1009	1245
CSP32.g2659.t1	48	614
CSP34.Sp34_30112600.t1	48	135	614
CSP38.g7757.t1	48	614	1000	1233
CSP39.g1063.t1	48	135	614	713
CSP40.g397.t1	48	135	614
CTROP.Csp11.Scaffold628.g7304.t1	48	135	614
CVIRI.g9834.t1	48	135	614	713	795	1000
DCORO.DCO_011209	45	132	243	342	486	611	710	792	926	997	1143	1233
