CAFRA.g19576.t1	88	175	425	561	737	973	1164
CANGA.Cang_2012_03_13_00080.g3695.t1	91	178	321	428	649	976	1164
CBREN.CBN12260	76	163	306	413	549	725	961	1152
CBRIG.CBG13431	85	172	315	422	558	739	973	1164
CCAST.g4334.t1	91	178	321	428	649	976	1164
CDOUG.g6495.t1	97	184	327	434	570	746	982	1173
CELEG.Y74E4A.1b	97	184	327	434	570	746	982	1173
CJAPO.CJA08715	103	190	333	440	576	661	752	988
CKAMA.g7700.t1	97	184	327	434	570	746	982	1173
CLATE.FL83_06783-RA	91	178	321	428	564	740	976	1167
CMONO.g18851.t1	97	184	282	327	434	570	649	734	867	970	1069	1161
CNOUR.g10069.t1	103	190	333	752	988	1179
CPLIC.g3984.t1	88	273	318	425	561	737	973	1164
CREMA.FL82_06244-RA	130	217	360	467	537	713	953	1104
CSINI.Csp5_scaffold_04517.g33123.t1	87	230	337	473	649	885	1076
CSP21.g15149.t1	142	229	327	372	479	615	694	779	912	1015	1206
CSP26.g13357.t2	91	178	321	428	564	740	976	1167
CSP28.g8901.t1	100	187	330	573	985	1176
CSP29.g1394.t1	103	190	333	752	988	1179
CSP31.g24406.t1	85	422	558	643	1161
CSP32.g6308.t2	91	178	321	428	564	740	976	1167
CSP34.Sp34_20227600.t1	94	181	324	431	567	743	979	1170
CSP38.g18811.t1	88	175	318	425	646	737	973	1161
CSP39.g13309.t1	100	187	330	573	985	1176
CSP40.g10186.t1	109	196	339	446	582	758	994	1185
CTROP.Csp11.Scaffold629.g8265.t1	100	187	330	573	749	985	1176
CVIRI.g11928.t1	85	172	315	558	734	970	1069	1161
DCORO.DCO_011407	160	247	345	390	497	633	712	797	930	1033	1132	1224
