CAFRA.g413.t1	72	162	242	409	809	1004	1170	1405	1530
CANGA.Cang_2012_03_13_00056.g2874.t1	278	445	631	825	1156	1351
CBREN.CBN06682	78	168	248	415	815	1010	1176	1411	1536
CBRIG.CBG13043	72	162	242	409	809	1004	1170	1405	1530
CCAST.g12075.t1	254	421	615	946	1182	1417
CDOUG.g748.t1	75	165	245	412	812	1007	1173	1408	1533
CELEG.R10H1.5	72	162	242	409	809	1004	1170	1405	1530
CJAPO.CJA03793	78	168	245	412	812	1007	1173	1408	1533
CKAMA.g5973.t1	78	168	248	415	815	997	1128	1363	1488	1566	1800	1978	2315	2440	2577	2700	2877	2944	3099	3231	3321
CLATE.FL83_09412-RA	69	163	563	710	876	1111	1236
CMONO.g1433.t1	27	120	197	358	447	552	684	758	883	953	1113	1235	1348	1392	1464	1581
CNOUR.g1068.t1	72	242	409	809	1004	1170	1405
CPLIC.g6801.t1	78	168	248	415	504	609	741	815	940	1010	1176	1298	1411	1461	1536
CREMA.FL82_14421-RA	66	156	236	403	803	998	1164	1399	1524
CSINI.Csp5_scaffold_00546.g12679.t1	75	165	245	412	1049	1215	1450	1575
CSP21.g16116.t1	60	150	224	388	477	582	714	788	913	983	1152	1274	1387	1419	1458	1511
CSP26.g6850.t1	75	165	245	412	812	1007	1173	1408	1533
CSP28.g15797.t1	72	242	409	809	1004	1134	1369	1547	1650	1887	2050	2568	2579	2683	2820	2943	3120	3342	3570
CSP29.g9982.t1	21	191	358	758	953	1119	1354	1536	1680	1764	2007	2179	2717	2815	2952	3075	3474	3705
CSP31.g14957.t1	150	236	403	597	803	928	1164	1399	1527
CSP32.g7033.t1	72	162	242	409	809	1004	1170	1405	1530
CSP34.Sp34_20254100.t1	18	108	188	355	755	950	1116	1351	1476
CSP38.g2963.t1	257	427	952	1188	1423	1554
CSP39.g23010.t1	84	254	421	821	1016	1417
CSP40.g18514.t1	75	165	245	412	812	1007	1173	1408	1533
CTROP.Csp11.Scaffold44.g243.t1	299	494	660	895
CVIRI.g5333.t1	72	162	245	415	609	741	940	1010	1298	1411	1533
DCORO.DCO_008413	75	174	248	409	498	616	650	735	782	809	934	1004	1167	1289	1402	1455	1581
