CAFRA.g5464.t1	104	170	495	858	931	1291	2163
CANGA.Cang_2012_03_13_00246.g7816.t1	646	936
CBREN.CBN29287	361
CBRIG.CBG19226	383	474	561	708	829	1089	1189	1299	2058
CCAST.g11238.t1	723	1014
CDOUG.g9875.t1	358	471	603	690	837	966	1084	1207	1570
CELEG.T18H9.2a	12	120	225	312	459	588	979	1851
CJAPO.CJA10622	358
CKAMA.g3643.t1	361	1233
CLATE.FL83_21374-RA	162	309	562	877	1749
CMONO.g19539.t1	201	270	364	504	636	723	885	1014	1138	1239
CNOUR.g4164.t1	107	498	861	1225	2097
CPLIC.g163.t1	361	501	633	1129	1233
CREMA.FL82_23986-RA	31	513	724	804	1023	1170	1423	1494	1831	2703
CSINI.Csp5_scaffold_00073.g3400.t1	361	1233
CSP21.g6968.t1	135	340	612	858	987	1105	1206
CSP26.g17253.t1	361	1233
CSP28.g5853.t1	104	495	858	862	1225	2097
CSP29.g18849.t1	16	354	717	1081	1953
CSP31.g26184.t1	264	361	720	1129
CSP32.g18108.t1	358	1230
CSP34.Sp34_50241000.t1	138	267	412	775	1647
CSP38.g18215.t1	720	1011
CSP39.g9475.t1	264	297	394	888
CSP40.g378.t1	361	1233
CTROP.Csp11.Scaffold509.g2510.t1	361
CVIRI.g11206.t1	264	361	501	882	1011	1233
DCORO.DCO_028221	46	226	361	517	600	687	758	792
