CAFRA.g2233.t1	66	157	250
CANGA.Cang_2012_03_13_00364.g9797.t1	66	250
CBREN.CBN22552	66	157
CBRIG.CBG09049	66	157
CCAST.g10270.t1	66	250
CDOUG.g25625.t1	66	157
CELEG.C28H8.1	66	157
CJAPO.CJA18457	157	244
CKAMA.g4548.t1	66	157
CLATE.FL83_19854-RA	66	157
CMONO.g481.t1	66	157	253	375
CNOUR.g14222.t1	66	157	250
CPLIC.g5872.t1	66	157	366
CREMA.FL82_16867-RA	66	157
CSINI.Csp5_scaffold_01570.g21785.t2	78	169
CSP21.g13094.t1	66	250	366
CSP26.g17936.t1	66	157
CSP28.g16211.t1	66	157	250
CSP29.g1887.t1	66	157	250
CSP31.g24088.t1	66	157	250
CSP32.g12848.t2	66	157	250
CSP34.Sp34_30143300.t1	66	157
CSP38.g12917.t1	66	250
CSP39.g1451.t1	66	157	250
CSP40.g21800.t1	66	157
CTROP.Csp11.Scaffold546.g3495.t1	66	157
CVIRI.g6870.t1	66	157
DCORO.DCO_022951	95	157	256	369
