CAFRA.g12951.t1	35	129	566
CANGA.Cang_2012_03_13_00118.g4862.t1	179
CBREN.CBN30278	35	135	219	605
CBRIG.CBG13181	35	135	213	590
CCAST.g18522.t1	32	126	575
CDOUG.g28092.t1	35	135	219	602
CELEG.W09D6.5	35	135	219	563
CJAPO.CJA02888	35	141	225	581
CKAMA.g8693.t1	35	135	210	411	575
CLATE.FL83_18201-RA	35	135	216	599
CMONO.g16845.t1	32	201	683
CNOUR.g13989.t1	35	135	572
CPLIC.g12959.t1	17	99
CREMA.FL82_09737-RA	35	135	216	599
CSINI.Csp5_scaffold_00150.g5719.t1	35	135	219
CSP21.g13299.t1	32	117	189	267	381	554
CSP26.g8883.t1	35	135	219	602
CSP28.g8361.t1	35	135	518
CSP29.g20240.t1	35	135	572
CSP31.g21006.t1	32	141	656
CSP32.g10676.t1	35	129	566
CSP34.Sp34_30096210.t1	35	135	216	593
CSP38.g5697.t1	32	138	617
CSP39.g19336.t1	39	99	183	527
CSP40.g10061.t1	35	135	219	596
CTROP.Csp11.Scaffold596.g5299.t1	35	135	219	596
CVIRI.g5570.t1	32	132	578
DCORO.DCO_015949	9	53	324	423	534	710	822
