CAFRA.g13391.t1	65	127	180	265	342	462	585	977
CANGA.Cang_2012_03_13_15488.g25055.t1	85	162
CBREN.CBN12267	82	279	402	794
CBRIG.CBG06997	71	133	186	271	468	591	983
CCAST.g8133.t1	74	124	177	262	339	459	582	974	1025
CDOUG.g15777.t1	89	148	201	286	483	606	998	1049
CELEG.C23H3.2a.1	71	133	186	271	468	591	983
CJAPO.CJA12461b	89	148	201	286	606	998
CKAMA.g4965.t1	98	160	213	298	375	495	618	1010
CLATE.FL83_23124-RA	132
CMONO.g19710.t1	68	127	183	268	345	465	588	678	798	980	1031
CNOUR.g10299.t1	65	127	180	265	342	585	977
CPLIC.g3249.t2	62	115	277	397	520	610	912
CREMA.FL82_05117-RA	82	228	545
CSINI.Csp5_scaffold_01481.g21184.t2	107	169	222	307	504	627	1019
CSP21.g5667.t1	59	118	174	456	579	669	789	971	1022
CSP26.g16552.t1	107	169	222	307	504	627	1019	1070
CSP28.g13109.t1	99	197	362	589	684	800	897	1231	1334	1396	1449	1534	1611	1854	2246
CSP29.g7794.t1	67	165	312	413	475	528	613	690	933	1325
CSP31.g25653.t1	7	144	382	508	588	732	844	1012	1150	1345	1495	1605	1831	1913	1975	2028	2190	2310	2433	2825
CSP32.g854.t1	65	127	180	265	342	462	585	977	1028
CSP34.Sp34_20007000.t1	89	151	204	289	486	609	1001
CSP38.g16104.t1	74	124	177	262	339	459	582	974	1025
CSP39.g17113.t1	102	200	501	587	649	702	787	864	1107	1499	1550
CSP40.g22558.t1	89	151	204	289	609	1001	1052
CTROP.Csp11.Scaffold605.g5566.t1	31	228	351	743
CVIRI.g11267.t1	92	154	207	292	489	612	702	822	1004	1055
DCORO.DCO_013173	131	246	309	471	591	714	804	924	1103	1167
