CAFRA.g9983.t2	47	180	293	559	691	861	1017	1269	1397	1723	1984	2127	2232	2342
CANGA.Cang_2012_03_13_00020.g1277.t1	181	486	894	1022	1155	1348	1600	1749	1857	2010	2120
CBREN.CBN24236	47	180	293	568	700	870	1026	1278	1406	1732	1993	2133	2238	2348
CBRIG.CBG07402	47	180	293	559	694	864	1020	1272	1400	1726	1987	2127	2238	2348
CCAST.g1107.t1	65	204	317	586	891	1299	1427	1560	1753	2005	2154	2262	2372
CDOUG.g1032.t1	47	180	293	559	691	861	1017	1269	1397	1723	1984	2127	2232	2342
CELEG.C40C9.5e	47	180	293	568	700	870	1026	1278	1406	1732	1993	2136	2241	2379	2489
CJAPO.CJA06494	50	183	296	562	694	864	1020	1272	1400	1726	1987	2130	2235	2345
CKAMA.g10463.t1	125	258	371	637	769	939	1095	1347	1475	1801	2062	2205	2307
CLATE.FL83_01586-RA	47	180	293	568	700	870	1026	1278	1406	1732	1993	2133	2241	2334	2444
CMONO.g8204.t2	53	186	299	415	568	700	870	936	1026	1190	1278	1406	1539	1619	1732	1842	1987	2133	2250	2439	2549
CNOUR.g15127.t1	44	177	290	556	688	858	1014	1266	1394	1720	1981	2124	2229	2373	2483
CPLIC.g10982.t2	50	183	296	412	565	867	1023	1187	1403	1536	1729	1839	1984	2133	2238	2354
CREMA.FL82_02611-RA	47	180	293	568	700	870	1026	1278	1406	1732	1993	2133	2241	2351
CSINI.Csp5_scaffold_00695.g14494.t2	47	180	293	568	700	870	1026	1221	1349	1657	1918	2058	2169
CSP21.g3025.t1	53	186	299	415	568	700	870	936	1026	1190	1278	1406	1619	1732	1839	1984	2127	2232	2391	2501
CSP26.g8576.t1	47	180	293	559	691	861	1017	1269	1397	1723	1984	2124	2229	2361	2471
CSP28.g4163.t1	41	174	287	553	685	855	1011	1717	1978	2121	2226
CSP29.g20024.t1	44	177	290	556	688	858	1014	1266	1394	1720	1981	2124	2229	2339
CSP31.g11148.t2	183	296	562	694	864	1020	1184	1272	1533	1726	1836	1981	2124	2229	2376	2486
CSP32.g15287.t1	47	180	293	559	691	861	1017	1269	1397	1723	1984	2127	2232	2367	2477
CSP34.Sp34_X0123700.t1	47	180	293	559	691	861	1017	1269	1397	1723	1984	2127	2238	2348
CSP38.g20509.t2	96	209	478	780	936	1188	1316	1452	1645	1900	2049	2157	2316	2426
CSP39.g12932.t1	44	177	290	565	697	867	1023	1275	1403	1729	1990	2133	2238	2348
CSP40.g17493.t2	47	180	293	568	700	870	1026	1278	1406	1732	1993	2133	2244	2354
CTROP.Csp11.Scaffold630.g22051.t1	50	183	296	571	703	873	1029	1281	1409	1735	1996	2139	2244	2376	2486
CVIRI.g8193.t1	47	180	293	562	694	864	930	1020	1184	1272	1400	1613	1726	1981	2130	2235	2382	2495
DCORO.DCO_004475	80	210	439	592	960	1214	1302	1430	1563	1866	2011	2169	2274	2493	2606
