CAFRA.g10267.t1	84	346	597	711	1455
CANGA.Cang_2012_03_13_01154.g15830.t1	298	483	795
CBREN.CBN15091	84	609	723	1757
CBRIG.CBG22064	84	343	603	717	1461	1748	1881	2109
CCAST.g7598.t1	515	684	1386	1901	2070	2186	2493	2672	2984
CDOUG.g11643.t1	84	723	1896
CELEG.Y48G1A.4	75	337	702	817	1404	1691	1824
CJAPO.CJA03769	84	352	1473	1760
CKAMA.g8282.t1	84	352	603	717	1467	1754	1893
CLATE.FL83_11524-RA	84	352	506	1170	1320
CMONO.g347.t1	95	215	277	360	470	614	737	879	989	1173	1240	1409	1525	1696	1826	1999	2149	2329
CNOUR.g21916.t1	84	349	456	600	714	1464	1751
CPLIC.g5059.t1	96	216	355	981	1428	1541	1712	2015
CREMA.FL82_16975-RA	23	120	388	975	1220	1353
CSINI.Csp5_scaffold_01631.g22189.t1	84	343	597	711	1473	1760	1893	2121
CSP21.g7112.t1	90	210	272	459	726	864	1292	1461	1565	1736	1866	2036	2186	2264	2366
CSP26.g865.t1	84	343	597	711	1281	1568	1701	1932
CSP28.g3881.t1	84	349	600	714	1757
CSP29.g17690.t1	84	349	456	600	714	1464	1751
CSP31.g20266.t1	84	204	346	711	984	1458	1574	1745	1878	2051	2360
CSP32.g8835.t1	84	346	597	711	1449
CSP34.Sp34_10249700.t1	84	349	714	1491	1778
CSP38.g19731.t1	230	800	865	1563	2126	2295	2712	2882	3191
CSP39.g20211.t1	84	349	600	714	763	1514
CSP40.g9786.t1	108	867	1154	1287	1518
CTROP.Csp11.Scaffold629.g15187.t1	84	355	606	720	1476	1763	1896
CVIRI.g8322.t1	207	459	717	990	1280	1449	1565	1736	2048	2357
DCORO.DCO_005587	129	249	379	486	560	636	759	876	1001	1170	1274	1445	1572	1634	1751	1913	2093
