CAFRA.g6060.t1	84	642	799	855	1160	1737	1998	2907	3051
CANGA.Cang_2012_03_13_00027.g1651.t1	303	457	513	818	1088	1635	1939	2109	2727
CBREN.CBN29191	84	363	886	942	1821	2082	3231
CBRIG.CBG01474	90	234	386	522	783	1088	1665	1926	2894
CCAST.g4957.t1	309	463	519	824	1094	1641	1945	2115	2733
CDOUG.g9888.t4	84	648	805	861	1166	1743	1998	2907	3051
CELEG.F41E6.4a	84	510	667	723	1028	1602	1863	2772	2913
CJAPO.CJA13500	84	540	697	753	1058	1632	1893	2805	2952
CKAMA.g19046.t1	84	531	688	744	1049	1623	1878	2787	2928
CLATE.FL83_21769-RA	87	717	874	930	1235	1812	2067	2979	3123
CMONO.g5851.t1	72	228	382	438	731	855	1001	1143	1302	1464	1539	1684	1843	2013	2205	2424	2556	2658
CNOUR.g350.t1	96	687	844	900	1205	1779	2040	2949	3099
CPLIC.g545.t1	75	312	466	522	827	951	1239	1398	1644	1789	1948	2118	2538	2676
CREMA.FL82_08797-RA	87	705	862	918	1223	1800	2061	2973	3117
CSINI.Csp5_scaffold_00857.g16161.t1	222	527	1104	1359	2274	2418	2591
CSP21.g13146.t2	60	291	460	516	675	806	930	1076	1218	1377	1539	1623	1927	2097	2286	2382	2553	2685	2778
CSP26.g20864.t1	87	714	871	927	1232	1809	2064	2979	3123
CSP28.g8722.t1	237	542	1116	2283	2430
CSP29.g20358.t1	93	717	874	930	1062	1367	1941	2196	3105	3258
CSP31.g16429.t2	90	645	799	855	1163	1433	2122	2281	2886	3039
CSP32.g7257.t1	84	693	850	906	1211	1788	2049	2958	3102
CSP34.Sp34_50116900.t1	84	504	661	717	1022	1596	1857	2766	2907
CSP38.g12821.t1	351	505	561	866	1136	1683	1987	2157	2769
CSP39.g6674.t2	90	594	748	810	1115	1689	1950	2559	2910	3057
CSP40.g2804.t2	90	720	877	933	1238	1815	2076	2991	3135
CTROP.Csp11.Scaffold541.g3389.t1	87	660	817	873	1178	1755	2016	2922	3075
CVIRI.g7812.t1	81	480	634	690	995	1119	1265	1407	1566	1812	1957	2116	2286	2859
DCORO.DCO_003349	120	375	514	570	696	875	999	1145	1287	1446	1608	1692	1840	2091	2175	2289	2373	2439	2605	2679	2853	2963	3040	3197
