CAFRA.g6715.t1	147	315	483	623
CANGA.Cang_2012_03_13_00302.g8844.t1	312	480	620	798
CBREN.CBN01431	126	204	294	462
CBRIG.CBG21270	126	297	465
CCAST.g5027.t1	312	480	620	798
CDOUG.g19314.t1	126	204	294	462
CELEG.D2096.8	126	294	462
CJAPO.CJA17074	204	294	462	602
CKAMA.g4301.t1	129	207	297	465
CLATE.FL83_11692-RA	126	204	288	456
CMONO.g1811.t1	147	315	455	642
CNOUR.g12049.t1	138	216	306	474	614
CPLIC.g3824.t1	114	192	282	450	590
CREMA.FL82_03228-RA	126	204	288	456
CSINI.Csp5_scaffold_00017.g1060.t1	134	302	470
CSP21.g11207.t1	132	210	294	465	605	786
CSP26.g2807.t1	126	294	462
CSP28.g9207.t1	138	216	306	474	614
CSP29.g3587.t1	138	216	306	474	614
CSP31.g7976.t1	117	195	285	453	593	768
CSP32.g9049.t1	144	312	480	620
CSP34.Sp34_40064700.t1	82	216	294	384	552
CSP38.g18558.t1	225	315	483	623	801
CSP39.g26796.t1	75	153	243	411	551
CSP40.g2922.t1	294	462
CTROP.Csp11.Scaffold630.g17254.t1	126	204	294	462
CVIRI.g13930.t1	126	204	294	462	605	786
DCORO.DCO_015469	63	222	312	480	635	720	810
