CAFRA.g9669.t1	79	184	286
CANGA.Cang_2012_03_13_00619.g12852.t1	79	184
CBREN.CBN19556	79	184	286
CBRIG.CBG02671	79	184	286
CCAST.g4737.t1	79	184
CDOUG.g3850.t1	79	184	286
CELEG.T28D9.10a	79	184	286
CJAPO.CJA09788	79	184	286
CKAMA.g9097.t1	79	184	286
CLATE.FL83_04555-RA	33	121	226	328
CMONO.g5085.t1	79	184	286
CNOUR.g10790.t1	79	184	286
CPLIC.g9883.t1	79	184
CREMA.FL82_12170-RA	79	184	286
CSINI.Csp5_scaffold_00127.g5068.t1	79	184	286
CSP21.g11647.t1	79	184	286
CSP26.g7582.t1	79	184	286
CSP28.g8884.t1	79	184	286
CSP29.g1373.t1	79	184	286
CSP31.g2127.t1	79	184	286
CSP32.g11926.t1	79	184	286
CSP34.Sp34_20278300.t1	79	184	286
CSP38.g21340.t1	79	184
CSP39.g3182.t1	79	184	286
CSP40.g8537.t1	79	286
CTROP.Csp11.Scaffold629.g11562.t1	79	184	286
CVIRI.g6570.t1	79	184	286
DCORO.DCO_023749	79	184	305
