CAFRA.g10428.t1	121	286	388	613
CANGA.Cang_2012_03_13_00060.g3021.t1	204	286	451	652
CBREN.CBN25944	154	319	406	625
CBRIG.CBG02496	145	310	538
CCAST.g18961.t1	207	289	463	667
CDOUG.g11537.t1	154	319	412	637
CELEG.F10C1.5	139	304	397	619
CJAPO.CJA32837	154	322
CKAMA.g1582.t1	157	322	442	676
CLATE.FL83_04407-RA	154	319	406	631
CMONO.g4118.t1	139	225	301	379	489	649
CNOUR.g6609.t2	160	325	415	643
CPLIC.g11086.t1	139	322	382	483	631
CREMA.FL82_12034-RA	154	319	406	631
CSINI.Csp5_scaffold_00079.g3595.t1	154	382	469	688
CSP21.g15139.t1	136	301	370	465	580
CSP26.g5503.t1	142	307	394	613
CSP28.g11197.t1	160	325	415	625
CSP29.g1085.t1	160	325	415	643
CSP31.g11751.t1	124	286	370	541
CSP32.g13879.t1	124	289	403	607
CSP34.Sp34_20116000.t1	145	310	400	625
CSP38.g17941.t1	204	286	409	634
CSP39.g7440.t2	160	325	415	619
CSP40.g7058.t1	172	337	424	643
CTROP.Csp11.Scaffold630.g19410.t1	157	322	415	649
CVIRI.g6975.t1	139	301	424	634
DCORO.DCO_017719	145	231	307	391	507	742
