CAFRA.g16190.t1	48	236	358
CANGA.Cang_2012_03_13_00197.g6775.t1	48	251	328	373
CBREN.CBN05508	48	248	370
CBRIG.CBG20494	48	159	347	469
CCAST.g18715.t1	48	269	346	391
CDOUG.g4879.t1	48	263	385
CELEG.F21F3.7	48	239	361
CJAPO.CJA04237	48	239	361
CKAMA.g9585.t1	48
CLATE.FL83_07550-RA	121
CMONO.g3594.t1	48	215	295	340
CNOUR.g8401.t1	48	236	358
CPLIC.g3086.t1	51	221	298
CREMA.FL82_08535-RA	15	72	254	295	379
CSINI.Csp5_scaffold_01228.g19428.t1	49	278	400
CSP21.g1868.t1	39	209	238	283
CSP26.g19043.t1	48	254	376
CSP28.g2846.t1	48	236	358
CSP29.g17411.t1	48	236	358
CSP31.g140.t1	48	245	367
CSP32.g15406.t1	48	236	358
CSP34.Sp34_10079010.t1	48	239	361
CSP38.g11272.t1	48	227	304	349
CSP39.g2246.t1	48	236	358
CSP40.g17961.t1	48	242	364
CTROP.Csp11.Scaffold629.g8623.t1	48	239
CVIRI.g12464.t1	48	227	304	349
DCORO.DCO_022399	48	150	212	334
