CAFRA.g7084.t1	201	292	405
CANGA.Cang_2012_03_13_00359.g9714.t1	201	292	405
CBREN.CBN04909	66	201	292	405
CBRIG.CBG15443	66	201	292	405
CCAST.g14331.t1	201	292	405
CDOUG.g601.t1	66	201	292	405
CELEG.M02D8.1	66	201	292	405
CJAPO.CJA11618	66	201	292	405
CKAMA.g5293.t1	66	237	328	441
CLATE.FL83_02089-RA	66	201	292	405
CMONO.g6037.t1	66	138	229	342	402
CNOUR.g19223.t1	201	292	405
CPLIC.g875.t1	66	201	292	405
CREMA.FL82_02252-RA	201	292	405
CSINI.Csp5_scaffold_00238.g7701.t1	66	201	292	405
CSP21.g11327.t1	66	201	292	405
CSP26.g665.t1	66	201	292	405
CSP28.g3448.t1	201	292	405
CSP29.g13891.t1	201	292	405
CSP31.g24665.t1	66	201	292	405
CSP32.g4778.t1	201	292	405
CSP34.Sp34_X0172100.t1	66	201	292	405
CSP38.g19870.t1	66	201	292	405
CSP39.g19971.t1	201	292	405
CSP40.g19617.t1	66	201	292	405
CTROP.Csp11.Scaffold629.g10945.t1	201	292	405
CVIRI.g7957.t1	66	201	292	405	465
DCORO.DCO_020675	201	292	405
