CAFRA.g5039.t1	4	150	276
CANGA.Cang_2012_03_13_00009.g732.t1	4	150	276
CBREN.CBN11994	4	150	276
CBRIG.CBG19710	4	150	276
CCAST.g3931.t1	4	150	276
CDOUG.g2768.t1	4	150	276
CELEG.F39B2.2.1	4	150
CJAPO.CJA07760	4	150	276
CKAMA.g7445.t1	4	150	276
CLATE.FL83_21218-RA	4	150	276
CMONO.g383.t1	4	150	276
CNOUR.g12921.t1	4	150	276
CPLIC.g5051.t1	4	150	276
CREMA.FL82_19598-RA	4	150	276
CSINI.Csp5_scaffold_01446.g20969.t2	4	150	276
CSP21.g13060.t1	4	150	276	419
CSP26.g15390.t1	4	150	276
CSP28.g6599.t1	4	150	276
CSP29.g19684.t1	4	150	276
CSP31.g12270.t1	4	150	276
CSP32.g9272.t1	4	150	276
CSP34.Sp34_10000900.t1	4	150	276
CSP38.g13419.t1	4	150	276
CSP39.g11538.t1	45	171
CSP40.g12493.t1	4	150	276
CTROP.Csp11.Scaffold565.g4066.t1	4	150	276
CVIRI.g2154.t1	150	276
DCORO.DCO_023073	4	150	276
