CAFRA.g17491.t1	196	317	496	570	724	838	934	1197	1337	1453	1738	1900	1999	2094	2188	2308	2397	2590
CANGA.Cang_2012_03_13_00083.g3810.t1	92	345	613	969	1510	1672	1771	1866	1916	1993	2082
CBREN.CBN01419	220	341	520	594	667	748	862	1023	1125	1280	1396	1681	1843	1942	2037	2131	2220	2328	2413
CBRIG.CBG16363	235	356	535	922	984	1188	1374	1476	1631	1747	2032	2194	2293	2388	2482	2602	2691	2799	2884
CCAST.g3798.t1	214	335	588	856	1212	1753	1915	2014	2109	2323	2412
CDOUG.g2209.t1	208	329	508	582	655	736	850	946	1107	1209	1364	1480	1765	1927	2026	2121	2215	2335	2424	2532	2617
CELEG.F38E9.2	214	335	514	588	661	742	856	968	1021	1182	1284	1439	1555	1840	2002	2101	2196	2290	2410	2499	2607	2692
CJAPO.CJA08089b	358	432	505	586	700	796	957	1103	1219	1504	1666	1860	1954	2074	2163	2271	2356
CKAMA.g10159.t1	229	350	529	603	676	757	871	1032	1134	1298	1414	1699	1861	1960	2055	2149	2238	2346	2431	2554	2659	2795	2883	2973	3143	3336
CLATE.FL83_02363-RA	70	166	327	429	584	700	1036	1198	1297	1392	1486	1575	1678	1814	1899	1989	2159	2352
CMONO.g18411.t1	247	368	547	621	694	775	889	985	1143	1245	1382	1498	1713	1783	1945	2044	2109	2203	2323	2412	2520	2605
CNOUR.g21071.t1	214	335	514	588	742	856	952	1113	1215	1355	1471	1756	1918	2017	2112	2206	2326	2415	2523	2608
CPLIC.g1819.t1	98	277	351	424	505	619	715	873	975	1112	1228	1443	1513	1675	1774	1869	2083	2172	2280	2365
CREMA.FL82_15514-RA	220	341	520	594	667	748	862	958	1119	1221	1376	1492	1777	1939	2038	2133	2227	2316	2424	2509
CSINI.Csp5_scaffold_00001.g53.t1	199	320	499	573	646	727	841	937	1098	1200	1355	1471	1975	2074	2169	2263	2374
CSP21.g12411.t1	190	311	490	564	718	832	925	1083	1185	1319	1435	1650	1720	1882	2076	2170	2290	2379	2487	2572
CSP26.g19736.t1	202	323	502	576	649	730	844	940	1101	1203	1358	1474	1759	1921	2020	2115	2209	2329	2418	2526	2611	2663	2758	2894	2979	3021	3111	3281	3474
CSP28.g8292.t1	151	265	361	522	624	764	880	1165	1327	1521	1615	1704
CSP29.g15415.t1	37	111	265	379	475	636	738	878	994	1279	1441	1540	1635	1729	1818	1926	2011
CSP31.g24554.t1	193	314	493	567	640	721	835	931	1095	1197	1337	1453	1668	1738	1900	1999	2094	2353	2442	2550	2635
CSP32.g13749.t1	214	335	514	588	661	742	856	952	1215	1355	1471	1756	1918	2017	2112	2206	2326	2415	2523	2608
CSP34.Sp34_X0042900.t1	202	323	502	576	649	730	844	937	1098	1200	1355	1471	1756	1918	2017	2112	2206	2326	2415	2523	2608
CSP38.g5754.t1	217	338	591	859	1215	1355	1756	1918	2017	2112	2326	2415	2608
CSP39.g12294.t1	223	344	523	597	751	865	961	1224	1364	1480	1765	1927	2121	2215	2335	2424	2532	2617
CSP40.g10951.t2	208	329	508	582	655	736	850	946	1107	1209	1364	1480	1765	1927	2026	2121	2215	2335	2424	2532	2617
CTROP.Csp11.Scaffold629.g13342.t2	205	403	477	550	631	745	841	1002	1104	1259	1375	1660	1822	1917	2011	2100	2208	2293
CVIRI.g1448.t1	202	323	502	576	730	844	940	1200	1337	1453	1668	1738	1900	2094	2188	2397	2505	2590
DCORO.DCO_004345	238	359	473	538	685	766	880	979	1052	1137	1239	1379	1476	1558	1710	1780	1879	1942	2041	2136	2230	2350	2439	2547	2632
