CAFRA.g15292.t1	290	416
CANGA.Cang_2012_03_13_00488.g11434.t1	5	562	589	1078	1120	1265	1344	1399	1754	1908
CBREN.CBN29230	287	413	567	726
CBRIG.CBG17875	293	419	573	729
CCAST.g10172.t1	55	410	558
CDOUG.g22060.t1	287	413	567	732
CELEG.K10C9.3	284	410	564	720
CJAPO.CJA15839b	293	419	573	729
CKAMA.g3678.t1	287	413	567
CLATE.FL83_15252-RA	36	329	455	609	771
CMONO.g12009.t1	73	145	299	425	582	714
CNOUR.g20623.t1	287	413	567
CPLIC.g6419.t1	52	206	332	486	624
CREMA.FL82_13340-RA	290	416	570	735
CSINI.Csp5_scaffold_00112.g4641.t1	290	416
CSP21.g3849.t1	52	151	305	431	516	687
CSP26.g18567.t1	290	416	570
CSP28.g6202.t1	287	413	567
CSP29.g19270.t1	287	413	567
CSP31.g23678.t1	278	404	561	723
CSP32.g10747.t1	287	413
CSP34.Sp34_50055800.t1	206	332	654
CSP38.g9699.t1	55	284	564
CSP39.g11212.t1	287	413	567
CSP40.g2722.t1	290	416	570	723
CTROP.Csp11.Scaffold629.g12998.t1	287	413	567	723
CVIRI.g2833.t1	55	139	293	419	573	714
DCORO.DCO_015001	151	305	591	780	911
