CAFRA.g2851.t1	33	370	464
CANGA.Cang_2012_03_13_01012.g15356.t2	278	460	632	904	1170	1385
CBREN.CBN08800	36	373	467
CBRIG.CBG18791	385	479
CCAST.g6695.t1	252	467
CDOUG.g14285.t1	36	373	467
CELEG.C49A1.10	36	373	467
CJAPO.CJA28964	18	355	449
CKAMA.g2028.t1	84	421	515
CLATE.FL83_21966-RA	36	373	467
CMONO.g14072.t1	36	151	252	373	467	546
CNOUR.g17867.t1	36	373	467
CPLIC.g8801.t1	36	151	252	373	467	543
CREMA.FL82_04496-RA	108	445	539
CSINI.Csp5_scaffold_00333.g9593.t1	36	373	467
CSP21.g2182.t1	36	151	252	373	467	546
CSP26.g20983.t1	36	373	467
CSP28.g15573.t1	422
CSP29.g7507.t1	138	475	569
CSP31.g14267.t1	36	252	467	546
CSP32.g5990.t1	33	370	464
CSP34.Sp34_10021100.t1	36	373	467
CSP38.g14427.t1	252	464
CSP39.g25034.t1	36	373	467
CSP40.g21688.t1	36	373	467
CTROP.Csp11.Scaffold525.g3029.t1	36	373	467
CVIRI.g7057.t1	36	373	467	546
DCORO.DCO_020405	36	151	252	373	467	537
