CAFRA.g15762.t1	113	258	380	1296	1392
CANGA.Cang_2012_03_13_00397.g10285.t1	96
CBREN.CBN29873	96	218	1134	1230
CBRIG.CBG24496	96	218	1134
CCAST.g3011.t1	96	544	1134	1230
CDOUG.g5363.t1	96	218	1134	1230
CELEG.F30A10.8a	96	218	1134	1230
CJAPO.CJA02057b	96	218	1044
CKAMA.g2771.t1	96	218	651	1134	1230
CLATE.FL83_11553-RA	96	218	1134	1230
CMONO.g13114.t1	42	444	492	620	772	930	1053	1294	1446	1536	1632
CNOUR.g21435.t1	96	218	1134	1230
CPLIC.g4688.t1	96	218	370	892	1044	1134	1230
CREMA.FL82_08989-RA	96	218	1134	1230
CSINI.Csp5_scaffold_00089.g3932.t2	216	342	464	1380	1476
CSP21.g1027.t1	96	224	376	534	717	1053	1143	1219	1410	1504	1599	1766	1878	2221	2385	2478	2675	2768	2925	3048	3172	3236	3336	3445	3574	3627	3699	3796	3951	4078	4269	4392	4449	4656	4746	4844
CSP26.g19117.t1	96	218	1134	1230
CSP28.g10084.t1	96	218	1134	1230
CSP29.g12632.t1	96	218	1134	1230
CSP31.g9800.t1	96	218	528	711	1134	1230
CSP32.g8311.t1	96	218	1134	1230
CSP34.Sp34_10071000.t1	96	218	1134	1230
CSP38.g11683.t1	96	892	1134	1230
CSP39.g5138.t1	96	218	1134	1230
CSP40.g663.t1	96	218	1134	1230
CTROP.Csp11.Scaffold629.g14902.t1	96	218
CVIRI.g6923.t1	96	218	528	1044	1134	1230
DCORO.DCO_011081	96	227	379	564	687	747	928	1080	1170	1266
