CAFRA.g7941.t1	168	1442
CANGA.Cang_2012_03_13_01001.g15308.t2	477	741	838	919
CBREN.CBN21016	168	618	1442
CBRIG.CBG24564	168	618	1442
CCAST.g11177.t1	168	840	1104	1201
CDOUG.g11058.t1	168	618	1442
CELEG.T07C4.1.1	168	618	1442
CJAPO.CJA18113	618	1442
CKAMA.g741.t1	156	606	1430	1563	1735
CLATE.FL83_13483-RA	168	618	1442
CMONO.g6352.t1	15	108	207	363	476	645	780	914	1047	1093	1192	1337
CNOUR.g2518.t1	168	618	1442
CPLIC.g2620.t1	168	267	423	618	705	840	974	1104	1201	1300	1442
CREMA.FL82_20816-RA	168	618	1442
CSINI.Csp5_scaffold_00332.g9581.t1	164	624	1448
CSP21.g443.t1	75	168	231	387	500	582	669	804	938	1068	1165	1283	1388
CSP26.g16532.t1	168	618
CSP28.g4816.t1	168	1442
CSP29.g2555.t1	108	558	1382
CSP31.g18017.t1	171	270	426	539	708	843	977	1204	1445
CSP32.g15902.t1	168	1442
CSP34.Sp34_30121620.t1	168	618	1442
CSP38.g2778.t1	168	840	1104	1201
CSP39.g16069.t1	168	618	1442
CSP40.g463.t1	168	1442
CTROP.Csp11.Scaffold628.g7389.t1	168	618	1442
CVIRI.g3534.t1	168	267	423	618	846	1110	1207
DCORO.DCO_009515	78	171	270	426	539	621	708	843	977	1104	1201	1300	1359	1442
