CAFRA.g2581.t1	211	632	740	1004	1323	1491	2197	2559	3332	3531	3799	3920	3999	4103	4304	4377	4416	4605	4924	5375
CANGA.Cang_2012_03_13_00471.g11229.t2	268	599	768	1350	1680	3173	3372	3640	3947	4029	4221	4410	4729	5177
CBREN.CBN32361	211	507	752	1016	1386	1678	1884	2070	2260	2622	3455	3654	3922	4043	4119	4223	4305	4424	4497	4536	4743	4874	4933	5062	5513
CBRIG.CBG03901	211	495	740	1004	1067	1167	1323	1491	1615	1821	1920	2197	2559	3341	3540	3814	3935	4011	4115	4197	4389	4428	4617	4748	4807	4936	5262	5387
CCAST.g15793.t1	211	626	734	903	1485	1815	3308	3507	3775	4082	4164	4356	4398	4587	4906	5354
CDOUG.g6067.t1	211	495	740	1004	1323	1491	1615	1821	1920	2007	2197	2559	3341	3540	3808	3929	4005	4109	4310	4383	4422	4611	4742	4801	4930	5256	5381
CELEG.F56A6.2a	211	495	740	1004	1067	1167	1323	1491	1615	1821	1920	2007	2197	2559	3332	3531	3796	3917	3993	4179	4298	4371	4410	4599	4730	4789	4918	5244	5369
CJAPO.CJA01665c	6	274	558	695	959	1059	1215	1507	1713	1812	1899	2089	2451	3221	3420	3691	3812	3882	3986	4068	4187	4812	5135	5323	5649	5774
CKAMA.g5508.t1	146	261	463	652	936	1181	1445	1508	1608	1764	1932	2056	2262	2361	2448	2638	3000	3504	3761	3954	4219	4340	4410	4514	4596	4788	4827	5016	5147	5335	5661	5786
CLATE.FL83_23388-RA	211	495	740	1004	1067	1167	1323	1357	1563	1662	1749	1939	2219	2930	3129	3319	3395	3468	3654	3803	3936	4067	4126	4195	4449	4574
CMONO.g15898.t1	165	270	382	456	560	663	800	908	1077	1172	1272	1413	1515	1581	1833	2010	2097	2213	2287	2499	2649	2760	2886	2956	3119	3206	3347	3377	3440	3832	3953	4023	4127	4209	4328	4401	4440	4629	4757	4816	4945	5064	5271	5394	5583	5711	5770	5899	6018	6225	6344
CNOUR.g13875.t1	495	632	740	1004	1167	1323	1491	1615	1821	2197	2559	3338	3537	3805	3926	4005	4191	4310	4383	4422	4611	4742	4930	5381
CPLIC.g10228.t1	93	261	385	591	1010	1335	1572	1642	1892	2123	2186	2322	2599	2720	2791	2891	2973	3092	3165	3357	3550	3679	4136
CREMA.FL82_08072-RA	243	488	752	815	919	1053	1182	1306	1512	1611	1698	1888	2225	2936	3135	3395	3468	3654	3759	3798	3929	3988	4057	4383	4508
CSINI.Csp5_scaffold_00114.g4707.t1	211	495	740	1004	1067	1323	1495	1701	2158	2520	3302	3501	3769	3890	3966	4070	4152	4344	4383	4572	4703	4762	4891	5217	5342
CSP21.g5423.t1	99	211	285	389	492	629	737	850	906	1001	1164	1320	1422	1488	1659	1737	1836	1944	2039	2113	2325	2475	2586	2712	2782	2862	2945	3032	3167	3233	3281	3426	3570	3682	3803	3983	4065	4184	4257	4434	4562	4621	4869	5076	5192
CSP26.g22170.t1	211	495	740	1004	1104	1260	1428	1552	1758	2134	2496	3278	3477	3866	3942	4046	4128	4320	4509	4640	4699	4828	5154	5279
CSP28.g674.t1	504	641	749	1013	1176	1332	1830	2206	2568	3347	3540	3808	3929	4313	4386	4425	4745	4834	5282
CSP29.g11222.t1	495	632	740	1004	1167	1323	1491	1615	1821	2197	2559	3338	3537	3805	3926	4005	4191	4310	4383	4422	4611	4742	4930	5381
CSP31.g16467.t1	211	495	632	740	1004	1067	1167	1323	1491	1615	1821	1920	2007	2123	2559	2670	2946	3332	3787	3908	3987	4173	4292	4365	4404	4593	4724	4783	4912	5238	5363
CSP32.g15499.t1	211	632	740	1004	1067	1323	1491	1615	1821	2007	2197	3380	3579	3853	3974	4053	4157	4239	4358	4431	4620	5390
CSP34.Sp34_10226400.t1	106	390	635	899	962	1218	1386	1510	1716	1815	1902	2092	2454	3245	3444	3706	3827	3903	4089	4208	4275	4314	4503	4634	4822	5148	5273	5541
CSP38.g8085.t1	211	629	737	906	1164	1818	3317	3790	4097	4179	4371	4416	4605	4927
CSP39.g8897.t1	495	632	740	1004	1323	1491	1821	2007	2559	3341	3540	3808	3929	4014	4200	4319	4392	4431	4620	4751	4810	4939	5390
CSP40.g4888.t1	211	495	740	1004	1067	1167	1323	1491	1615	1821	2197	2559	3341	3540	3808	3929	4005	4109	4191	4383	4422	4611	4742	4801	4930	5256	5381
CTROP.Csp11.Scaffold591.g5106.t2	211	495	740	1004	1323	1491	1615	1821	1920	2007	2197	2559	3341	3540	3808	3929	4005	4109	4191
CVIRI.g6654.t2	211	495	632	740	1067	1167	1323	1821	1920	2007	2197	2559	2796	3335	3398	3534	3805	3926	3999	4185	4377	4419	4608	4739	5253	5375
DCORO.DCO_002409	211	401	504	641	749	918	1013	1176	1332	1434	1621	2559	2670	2866	3116	3359	3440	3620	3751	3854	3936	4102	4350	4536	4723	4971	5178	5309
