CAFRA.g11624.t1	196	450	1014
CANGA.Cang_2012_03_13_14432.g24651.t1	
CBREN.CBN31119	190	444	1008
CBRIG.CBG01759	190	444	1008
CCAST.g13612.t1	181	285	731
CDOUG.g10755.t1	190	444	1008
CELEG.Y45F10A.4	181	435	999
CJAPO.CJA02410a	190	444	1008
CKAMA.g15780.t1	
CLATE.FL83_16039-RA	190	444	1008	1113	1290	1431
CMONO.g10415.t1	129	196	300	450	621	746	817	954	1014
CNOUR.g19905.t1	217	1035
CPLIC.g3374.t1	120	181	731	999
CREMA.FL82_03489-RA	190	444	1008
CSINI.Csp5_scaffold_01009.g17538.t2	190	444	1008
CSP21.g8473.t1	163	267	417	588	713	784	885	981
CSP26.g13713.t1	190	444	1008
CSP28.g12151.t1	190	1008
CSP29.g3064.t1	190	1008
CSP31.g5227.t1	193	297	447	951
CSP32.g14470.t1	196	450	1014
CSP34.Sp34_40130900.t1	190	444	1008
CSP38.g21648.t1	120	181	285	731	999
CSP39.g14167.t1	190	1008
CSP40.g9963.t1	190	444	1008
CTROP.Csp11.Scaffold589.g5016.t1	190	444	1008
CVIRI.g6483.t1	129	190	294	444	948
DCORO.DCO_013467	129	190	294	444	615	740	811	905	1002
