CAFRA.g2321.t1	69	405	536	730	967
CANGA.Cang_2012_03_13_01019.g15379.t1	57	524	943
CBREN.CBN08826	69	435	566
CBRIG.CBG20615	69	429	560	715	766	1003
CCAST.g13031.t1	57	524	718	943
CDOUG.g14050.t1	69	426	557	647	988
CELEG.F26G1.4.1	69	450	581	671	775	1009
CJAPO.CJA06653a	69	423	554	644	748	988
CKAMA.g12729.t1	66	417	548	638	742	976
CLATE.FL83_05928-RA	11	90	462	578	668	772	1009
CMONO.g3085.t1	69	186	297	435	566	656	745	924	979
CNOUR.g10543.t1	69	423	554	644	748	973
CPLIC.g5410.t1	69	366	494	584	688	919
CREMA.FL82_05777-RA	11	90	462	728	832	1069
CSINI.Csp5_scaffold_00122.g4923.t1	11	90	453	584	674	778	1015
CSP21.g1130.t1	60	141	243	345	467	557	658	774	892
CSP26.g17830.t1	69	426	557	647	751	988
CSP28.g1708.t1	354	423	534	667	750	1152	1283	1373	1477	1711
CSP29.g8666.t1	69	423	554	644	748	973
CSP31.g1223.t1	66	411	542	632	736	970
CSP32.g10959.t1	69	399	530	724	961
CSP34.Sp34_20082510.t1	69	447	578	668	772	1006
CSP38.g7276.t1	57	366	497	691	916
CSP39.g1109.t1	69	444	575	769	1000
CSP40.g5090.t1	11	438	569	659	763	1000
CTROP.Csp11.Scaffold629.g15346.t1	183	314	404	742
CVIRI.g6457.t1	66	159	545	635	739	918
DCORO.DCO_014047	69	162	384	518	608	721	900	946
