CAFRA.g13948.t1	31	204	351	507	687	2148	2233	2695
CANGA.Cang_2012_03_13_00619.g12855.t1	654	955	1511	1638	1944	2085	2170	2376	2539	2581	2702
CBREN.CBN05860	31	117	264	414	594	2067	2152	2614
CBRIG.CBG13065	31	204	351	501	681	2157	2242	2704
CCAST.g4740.t1	654	955	1520	1647	1953	2094	2179	2385	2504	2641	2762
CDOUG.g827.t1	31	204	351	501	681	2154	2239	2701
CELEG.F10E7.8	31	204	351	501	681	2157	2242	2704
CJAPO.CJA15256	6	1461
CKAMA.g1947.t1	31	204	351	501	681	2145	2230	2692	2915	3969	4059	4482	4564	4671	5024	5147	5399
CLATE.FL83_16980-RA	31	204	351	501	681	2298	2383	2845
CMONO.g7660.t1	12	69	207	249	325	402	454	555	718	847	904	1049	1176	1233	1332	1452	1548	1593	1678	1775	1875	1994	2131	2252
CNOUR.g10056.t2	31	210	507	687	2163	2248	2710
CPLIC.g7856.t1	31	201	339	799	927	988	1378	1538	1824	1980	2121	2206	2412	2531	2668
CREMA.FL82_12321-RA	31	204	351	501	681	2298	2383	2845
CSINI.Csp5_scaffold_00302.g9018.t1	31	198	345	495	675	1261	2073	2158	2620
CSP21.g15057.t1	31	174	309	375	516	603	730	898	999	1162	1282	1502	1629	1680	1788	1941	2037	2082	2167	2264	2364	2483	2620	2741
CSP26.g4401.t1	31	204	351	501	681	2151	2236	2698
CSP28.g8892.t1	31	204	501	681	2163	2248
CSP29.g1383.t1	31	204	501	681	2157	2242	2704
CSP31.g2119.t1	31	201	348	498	675	799	976	1077	1523	1650	1965	2106	2191	2397	2516	2653	2774
CSP32.g17414.t1	31	210	357	507	687	2145	2230	2692
CSP34.Sp34_20263300.t1	31	204	351	501	681	2157	2242	2704
CSP38.g21343.t1	654	955	1499	1932	2073	2158	2364	2483	2620	2741
CSP39.g4179.t1	31	204	501	681	2160	2245	2707
CSP40.g8397.t1	34	88	261	408	558	738	2208	2293	2755
CTROP.Csp11.Scaffold629.g12160.t1	31	210	357	507	687	1679	2056	2518
CVIRI.g2956.t1	31	210	480	793	915	967	1068	1541	1668	1983	2124	2209	2415	2534	2671	2792
DCORO.DCO_003817	289	476	621	798	937	1108	1209	1375	1489	1613	1664	1752	1788	1947	2103	2199	2329	2438	2538	2657	2759	2837	2918
