CAFRA.g13538.t1	57	375	507
CANGA.Cang_2012_03_13_00024.g1471.t1	60
CBREN.CBN11452	282	414
CBRIG.CBG14226	57	396	528
CCAST.g17216.t1	78	210
CDOUG.g6822.t1	57	360	492
CELEG.C12D12.5	279	411
CJAPO.CJA18174	33	396	528
CKAMA.g19195.t1	3	315	447
CLATE.FL83_00824-RA	312	444
CMONO.g12904.t1	180	312
CNOUR.g4818.t1	57	411	543
CPLIC.g12299.t1	165	297
CREMA.FL82_00844-RA	57	369	501
CSINI.Csp5_scaffold_00313.g9239.t1	294	426
CSP21.g10489.t1	105	237
CSP26.g3890.t1	51	393	525
CSP28.g10436.t1	60	381	513
CSP29.g16266.t1	57	402	534
CSP31.g8991.t1	255	387	487
CSP32.g5056.t1	255	387
CSP34.Sp34_X0269300.t1	270	402
CSP38.g9454.t1	72	204
CSP39.g25470.t1	57	381	513
CSP40.g16254.t1	51	399	531
CTROP.Csp11.Scaffold630.g18182.t1	264	396
CVIRI.g15203.t1	141	273
DCORO.DCO_018007	90	246	378	510	642
