CAFRA.g5141.t1	80	166	271	384	487	669	820	940	1037	1210	1518	1626	1718	2652	3140	4205
CANGA.Cang_2012_03_13_00458.g11088.t1	169	477	771	1022	2676	3105
CBREN.CBN30513	98	184	289	396	499	832	958	1055	1228	2117	2864	2960	3173	4178
CBRIG.CBG02405	80	202	274	426	529	868	979	1076	1551	2138	2888	2984	3058	3197	3912	4214
CCAST.g4726.t1	101	277	390	669	823	926	1099	1407	1701	1955	3609	4038	4097	4188
CDOUG.g1968.t1	104	199	304	405	508	841	970	1067	1139	1312	1614	2192	2939	3035	3109	3248	3948	4250	4442	4626	4753	4884
CELEG.F56D1.4b	74	178	283	390	493	826	931	1031	1204	1506	1706	2090	2837	2933	3007	3146	3837	4139
CJAPO.CJA46583	43	225	376	473	646	954	1062	1154	1248	2306	2580	2879
CKAMA.g7015.t1	1788	2090	2282	2529	2656	2742
CLATE.FL83_06062-RA	104	199	304	405	508	841	967	1064	1539	1739	2123	2870	2966	3040	3179	3879	4181
CMONO.g8552.t2	74	321	514	619	717	820	936	996	1147	1252	1352	1525	1641	1833	1941	2270	2414	2545	2639	2811	2967	3263	3346	3485	3621	3825	3996	4137	4263	4442	4578
CNOUR.g21533.t1	173	589	1059	1899	1979	2824	3129
CPLIC.g6891.t1	19	124	231	334	664	767	824	997	1113	1305	1413	2060	2232	2570	2722	2997	3116	3933
CREMA.FL82_11963-RB	104	199	304	405	508	841	938	1413	1613	1997	2744	2840	2914	3053	3613	3744
CSINI.Csp5_scaffold_00346.g9847.t2	104	199	304	411	514	847	979	1076	1148	1623	1823	2192	2939	3035	3109	3248	3960	4262
CSP21.g3113.t1	71	133	238	339	442	558	618	766	866	1039	1155	1347	1455	1547	1641	1784	1907	2011	2171	2225	2265	2330	2427	2603	2690	2722	2861	2997	3113	3201	3375	3426	3474	3594	3767	3903
CSP26.g21942.t3	104	199	304	411	514	847	961	1058	1533	1733	2102	2846	2942	3016	3155	3858	4160	4355
CSP28.g7923.t1	101	205	417	702	853	950	1123	1539	2018	2792	2888	2965	3359	4127
CSP29.g4761.t1	101	208	313	420	523	705	856	875	1048	1464	1934	2777	3708	4013
CSP31.g23121.t1	89	157	262	369	472	648	793	883	992	1165	1473	1581	1673	1767	2063	2279	2610	2786	2882	2953	3092	3228	3753	4046	4182
CSP32.g11415.t1	83	160	265	378	481	663	814	934	1031	1204	1512	1620	1712	2646	2822	3134	3888	4196
CSP34.Sp34_20105710.t1	104	199	304	411	514	847	944	1117	1416	1616	2000	2747	2843	2917	3056	3756	4058
CSP38.g172.t2	265	381	660	814	880	983	1156	1464	1758	2012	3666	3959	4095
CSP39.g841.t1	80	187	292	399	502	684	835	928	1025	1198	2093	2951	3034	3918	4223
CSP40.g7144.t1	80	175	280	387	490	823	920	1395	1595	1964	2807	2881	3723	4025
CTROP.Csp11.Scaffold629.g11399.t1	31	141	244	577	700	797	869	1042	1344	1922	2669	2765	2839	2978	3980
CVIRI.g11151.t1	74	280	387	490	817	923	1007	1180	2069	2194	2297	2628	2804	3107	4191
DCORO.DCO_002815	15	265	369	472	588	648	799	902	1087	1203	1389	1497	1680	1946	2322	2484	2660	2872	3011	3147	3263	3351	3522	3663	3789	3950	4056	4110
