CAFRA.g781.t1	134	440	695	1102	1377	1439
CANGA.Cang_2012_03_13_00187.g6539.t1	128	302	641	1045	1373
CBREN.CBN29462	131	446	752	1165	1335	1440	1502
CBRIG.CBG13606	131	446	719	1129	1404	1466
CCAST.g4621.t1	128	302	656	1060	1388
CDOUG.g7039.t1	131	446	716	1123	1401	1463
CELEG.Y71A12B.9	131	446	743	1159	1332	1437	1499
CJAPO.CJA09509	134	446	710	1120	1290	1395	1457
CKAMA.g1995.t1	56	374	662	1075	1245	1350	1412
CLATE.FL83_13871-RA	131	446	734	1144	1314	1419	1481
CMONO.g4152.t2	134	299	488	636	779	929	1052	1239	1488	1593	1658
CNOUR.g11534.t1	134	446	725	1132	1302	1407
CPLIC.g14061.t1	74	251	635	728	1042	1206	1311
CREMA.FL82_12603-RA	143	458	746	1156	1326	1431	1493
CSINI.Csp5_scaffold_00357.g10043.t1	131	449	734	1144	1314	1419	1481
CSP21.g6774.t1	134	305	482	639	803	959	1076	1315	1488	1593	1655
CSP26.g8202.t1	131	443	716	1126	1296	1401	1463
CSP28.g2614.t1	134	434	725	1132	1299	1404
CSP29.g16892.t1	134	446	719	1126	1296	1401
CSP31.g799.t1	128	311	431	504	662	884	1084	1359	1421
CSP32.g4756.t1	146	461	737	1144	1314	1419	1481
CSP34.Sp34_10017100.t1	131	452	734	1147	1314	1419	1481
CSP38.g7827.t1	134	311	519	653	1057	1391
CSP39.g29973.t1	134	440	716	959	1123	1290	1395
CSP40.g9207.t1	452	728	1138	1413	1475
CTROP.Csp11.Scaffold525.g3055.t1	77	392	671	1081	1251	1359	1421
CVIRI.g1565.t1	68	245	629	830	1030	1305
DCORO.DCO_006429	41	197	374	563	774	911	1073	1190	1289	1371	1533	1611	1805	1891
