CAFRA.g12509.t1	136	501
CANGA.Cang_2012_03_13_00069.g3323.t2	109	346
CBREN.CBN18009	133	498
CBRIG.CBG06212	133	498
CCAST.g7804.t1	361
CDOUG.g8467.t1	133	498
CELEG.T12G3.5.1	133	498
CJAPO.CJA28175	133	498
CKAMA.g594.t1	133	318	498
CLATE.FL83_04878-RA	27	163	494	600	769	1513	2511
CMONO.g20128.t1	73
CNOUR.g4059.t1	133	498
CPLIC.g13403.t1	136	498
CREMA.FL82_03790-RA	138	274	639	808	1552	2391
CSINI.Csp5_scaffold_01230.g19433.t1	133	498
CSP21.g11204.t1	136	355	501
CSP26.g13458.t1	133	498
CSP28.g9277.t1	133	498	571
CSP29.g3655.t1	133	498
CSP31.g6473.t1	136	355	501
CSP32.g11056.t1	30	166	531
CSP34.Sp34_40235600.t1	133	498
CSP38.g17347.t1	361	507
CSP39.g12121.t1	133	498
CSP40.g17582.t1	133	498
CTROP.Csp11.Scaffold629.g11862.t1	133	498
CVIRI.g6846.t1	133	352
DCORO.DCO_020593	111	191	321	423
