CAFRA.g11756.t1	200	298	425	541	731	888	1061	1210	1384
CANGA.Cang_2012_03_13_00079.g3653.t1	20	245	361	551	708	881	1030	1204
CBREN.CBN04850	200	298	425	541	731	888	1061	1210	1384
CBRIG.CBG05056	200	470	586	776	933	1106	1255	1429
CCAST.g19316.t1	200	425	541	731	888	1061	1210	1384
CDOUG.g1240.t2	200	298	425	541	731	888	1061	1210	1384
CELEG.T22E5.2	200	298	425	541	731	888	1061	1210	1384
CJAPO.CJA11710	200	298	425	541	731	888	1061	1210	1384
CKAMA.g3479.t1	200	298	425	541	731	888	1061	1210	1384
CLATE.FL83_00360-RA	212	310	437	553	743	900	1073	1222	1396
CMONO.g5108.t1	203	301	428	544	734	891	968	1064	1163	1387
CNOUR.g13329.t2	200	298	425	541	731	888	1061	1210	1384
CPLIC.g12980.t1	197	295	422	538	728	885	1058	1207	1381
CREMA.FL82_01697-RA	206	304	431	547	737	894	1067	1216	1390
CSINI.Csp5_scaffold_00061.g2963.t1	200	298	425	541	731	888	1061	1210	1384
CSP21.g9719.t1	197	295	422	538	728	885	1058	1157	1381
CSP26.g6763.t1	200	298	425	541	731	888	1061	1210	1384
CSP28.g12379.t1	200	298	425	541	731	888	1127	1276	1450
CSP29.g4031.t1	200	298	425	541	731	888	1061	1210	1384
CSP31.g26038.t1	44	142	269	385	575	732	905	1054	1228
CSP32.g267.t1	200	298	425	541	731	888	1061	1210	1384
CSP34.Sp34_X0187600.t1	200	298	425	541	731	888	1061	1210	1384
CSP38.g19632.t2	200	425	541	731	888	1061	1210	1384
CSP39.g10354.t2	200	298	425	541	731	888	1061	1210	1384
CSP40.g15732.t1	200	298	425	541	731	888	1061	1210	1384
CTROP.Csp11.Scaffold626.g6444.t1	200	298	425	541	731	888	1061	1210	1384
CVIRI.g8718.t1	200	425	541	731	888	1061	1210	1384
DCORO.DCO_009359	111	200	298	425	541	731	888	965	1061	1160	1210	1384
