CAFRA.g5294.t1	122	243	383	482
CANGA.Cang_2012_03_13_00311.g9000.t1	243
CBREN.CBN13757	122	243	383	482
CBRIG.CBG01548	110	231	371	470
CCAST.g2240.t1	243
CDOUG.g1714.t1	122	243	383	482
CELEG.F42G8.10.1	122	243	383	482
CJAPO.CJA06813	122	243	383	482
CKAMA.g12040.t1	122	243	383	482
CLATE.FL83_15957-RA	122	243	383	482
CMONO.g7094.t1	122	243	312	383	482
CNOUR.g3508.t1	122	243	383	482
CPLIC.g1788.t1	116	237	377	476
CREMA.FL82_03329-RA	122	243	383	482
CSINI.Csp5_scaffold_00273.g8455.t1	122	243	383	482
CSP21.g10838.t1	122	243	383	482
CSP26.g15902.t1	122	243	383	482
CSP28.g14071.t1	122	243	383	482
CSP29.g3222.t1	122	243	383	482
CSP31.g17114.t1	122	243	383	482
CSP32.g12794.t1	122	243	383	482
CSP34.Sp34_40109300.t1	122	243	383	482
CSP38.g8597.t1	243	482
CSP39.g6817.t1	204	344	443
CSP40.g12901.t1	122	243	383	482
CTROP.Csp11.Scaffold629.g8480.t1	122	243	383	482
CVIRI.g3944.t1	122	243	312	482
DCORO.DCO_020337	197	318	387	458	557
