CAFRA.g4031.t1	84	200
CANGA.Cang_2012_03_13_00499.g11576.t2	84	200	434	574	857	1015	1116	1229
CBREN.CBN04439	84	200
CBRIG.CBG05470	84	200
CCAST.g1732.t1	84	200
CDOUG.g698.t1	84	200
CELEG.Y73B6BL.32	84	200
CJAPO.CJA22797b	84	200
CKAMA.g10251.t1	84	197
CLATE.FL83_18738-RA	84	200
CMONO.g7446.t1	84	200
CNOUR.g13077.t1	84	200
CPLIC.g2664.t1	84	200
CREMA.FL82_04255-RA	84	200
CSINI.Csp5_scaffold_00104.g4407.t1	158	249	365
CSP21.g13233.t1	84	200	293
CSP26.g8810.t1	84	200
CSP28.g16112.t1	84	200	255	504	660	849	1310	1549	2322
CSP29.g2852.t1	84	200
CSP31.g15642.t1	84	200
CSP32.g3025.t1	84	200
CSP34.Sp34_40164500.t1	84	200
CSP38.g17600.t1	84	200
CSP39.g6447.t1	84
CSP40.g10638.t1	84	200
CTROP.Csp11.Scaffold335.g839.t1	84	200
CVIRI.g3557.t1	84	200
DCORO.DCO_024549	84	200
