CAFRA.g4507.t1	51	351	503	654	837	966	1178	1265
CANGA.Cang_2012_03_13_00058.g2960.t1	159	366	671	878
CBREN.CBN09467	102	297	479	630	840	1023	1235	1322
CBRIG.CBG11030	102	297	449	600	1074	1286	1373
CCAST.g11954.t1	51	156	270	351	503	654	933	1140	1445
CDOUG.g282.t1	102	297	449	600	1077	1289	1376
CELEG.C56G3.1b	51	156	351	503	654	1137	1349	1436
CJAPO.CJA16017	351	503	654	768	1146	1358	1445
CKAMA.g3418.t1	102	297	449	600	1101	1313	1400
CLATE.FL83_00191-RA	102	297	449	600	1083	1295	1382
CMONO.g18535.t1	42	153	267	348	500	651	768	942	1152	1367	1484
CNOUR.g3760.t1	51	156	351	503	654	1143	1355	1442
CPLIC.g8161.t1	102	216	297	449	717	876	1080	1292	1376
CREMA.FL82_01484-RA	105	300	452	603	1086	1298	1385
CSINI.Csp5_scaffold_00022.g1344.t1	102	297	449	600	1080	1295	1382
CSP21.g1599.t1	51	156	351	503	654	771	936	1143	1358	1469
CSP26.g19407.t1	102	297	449	600	1086	1301	1388
CSP28.g3296.t1	297	449	600	714	1089	1301	1397
CSP29.g4230.t1	102	297	449	600	1089	1301	1388
CSP31.g20509.t1	54	159	354	506	657	930	1149	1361	1460
CSP32.g1751.t1	297	449	600	1083	1295	1382
CSP34.Sp34_X0203800.t1	51	156	351	503	654	1137	1349	1436
CSP38.g17280.t1	51	156	270	351	503	654	930	1143	1355	1463	1557	1648
CSP39.g7568.t1	51	351	503	654	1143	1355	1442
CSP40.g21253.t1	96	291	443	594	1077	1292	1382
CTROP.Csp11.Scaffold629.g12482.t1	102	297	449	600	1089	1301	1388
CVIRI.g16080.t1	96	291	443	594	873	1086	1298	1406
DCORO.DCO_007769	72	186	300	481	684	804	978	1079	1191	1280	1409	1544
