CAFRA.g12450.t1	54	187	506	975	1344	1472	1583
CANGA.Cang_2012_03_13_00033.g1915.t1	399	561
CBREN.CBN19441	54	187	506	789	975
CBRIG.CBG03075	54	187	506	789	975
CCAST.g4522.t1	506	984	1212	1371
CDOUG.g5417.t1	54	187	506	789	975
CELEG.R166.4	54	187	975
CJAPO.CJA28031a	308	372	505	824	1107	1293
CKAMA.g7643.t1	54	187	506	789	975	1563	1673	1751	1851	2121	2274	2409	2505	2643	2772	3532	3807
CLATE.FL83_23652-RA	54	187	506	789	975
CMONO.g3784.t1	48	181	243	377	552	660	746	793
CNOUR.g13526.t1	54	187	506	789
CPLIC.g13893.t1	54	187	372	506	681	789	1197	1254
CREMA.FL82_05416-RA	54	187	506	789	975
CSINI.Csp5_scaffold_00106.g4458.t1	114	566	849	1035
CSP21.g2918.t1	48	181	366	500	675	872	1143	1197	1353	1441
CSP26.g10515.t1	54	506	789	975
CSP28.g1859.t1	54	187	506	789
CSP29.g13379.t1	54	187	506	789
CSP31.g24428.t1	54	187	372	506	681	789	878	1194	1365
CSP32.g11981.t1	54	187	506	789	975
CSP34.Sp34_20288000.t1	54	187	506	975
CSP38.g2952.t1	506	984	1209	1371
CSP39.g178.t1	54	187	506	789
CSP40.g17354.t1	54	506	789	975
CTROP.Csp11.Scaffold629.g8955.t1	54	187	506	789	975
CVIRI.g2638.t1	54	187	372	506	681	789	1143	1197	1266
DCORO.DCO_008437	42	175	266	360	494	595	678	786	875	969	1054	1143	1200	1260	1368	1513
