CAFRA.g3478.t1	70	205	367	924	1227	1345	1457
CANGA.Cang_2012_03_13_00003.g305.t2	121	267	558	981	1214
CBREN.CBN01111	97	232	394	540	831	951	1254	1484
CBRIG.CBG05639	121	283	840	1143	1373
CCAST.g14820.t1	67	202	367	513	804	1227	1460
CDOUG.g20406.t1	64	199	361	507	798	918	1221	1451
CELEG.W01F3.1a	52	187	349	495	786	906	1209	1327	1439
CJAPO.CJA17956a	121	283	429	720	840	1143	1261	1379
CKAMA.g2503.t1	58	193	355	501	792	1021	1133	1225	3539	4064	4194	4440
CLATE.FL83_18036-RA	67	202	364	801	921	1224	1454
CMONO.g11325.t1	61	199	272	361	507	626	711	798	1098	1221	1336	1448
CNOUR.g17154.t1	67	202	364	510	801	921	1224	1342	1454
CPLIC.g6262.t1	121	194	283	429	633	720	1176	1294	1415	1518	1731	1799	2097	2172	2250
CREMA.FL82_13120-RA	67	202	348	759	1062
CSINI.Csp5_scaffold_01913.g23849.t1	58	193	355	501	792	1215	1445
CSP21.g12028.t1	64	199	272	361	507	626	711	798	918	1098	1221	1342	1472
CSP26.g13529.t1	61	196	358	504	795	1218	1448
CSP28.g300.t1	121	283	840	1261	1373	1485	1700	2064
CSP29.g18331.t1	58	193	355	501	792	912	1215	1333	1445
CSP31.g3468.t1	73	208	370	516	927	1460
CSP32.g11703.t1	121	283	840	1143	1261	1373
CSP34.Sp34_50401500.t1	55	190	352	498	789	909	1212	1330	1442
CSP38.g12693.t1	58	193	358	504	623	795	1218	1448
CSP39.g19698.t1	73	208	370	516	927	1230	1348	1460
CSP40.g3823.t1	64	199	361	507	798	1454
CTROP.Csp11.Scaffold630.g21819.t1	220	382	528	819	939	1472
CVIRI.g5265.t1	85	220	382	528	819	1360	1469
DCORO.DCO_008563	61	205	278	367	513	632	717	804	924	1104	1227	1342	1469
