CAFRA.g3715.t1	89	195	388
CANGA.Cang_2012_03_13_00064.g3141.t2	80	379	505
CBREN.CBN18274	89	195	388
CBRIG.CBG00671	89	195	388
CCAST.g4101.t1	80	379
CDOUG.g7280.t1	89	195	388
CELEG.K01C8.6	89	195	388
CJAPO.CJA15472	89	195	388
CKAMA.g1862.t1	89	195	388
CLATE.FL83_08730-RA	89	195	388
CMONO.g7115.t1	19	145
CNOUR.g16575.t1	89	195	388
CPLIC.g9684.t1	89	195	323
CREMA.FL82_06033-RA	89	195	388
CSINI.Csp5_scaffold_00320.g9345.t1	89	195	388
CSP21.g4173.t1	186	314	379	505
CSP26.g33.t1	89	195	388
CSP28.g1904.t1	24	245	707	784	946	1033	1138	3503	4060	4274	4794	5004	5438	5528	5634	5827
CSP29.g6188.t1	89	195	388
CSP31.g16837.t1	89	195	323	514
CSP32.g2012.t1	89	195	388
CSP34.Sp34_20138000.t1	89	195	388
CSP38.g5175.t1	89	514
CSP39.g9642.t1	89	195	388
CSP40.g19302.t1	89	195	388
CTROP.Csp11.Scaffold629.g8239.t1	89	195
CVIRI.g4686.t1	89	195	323	388	514
DCORO.DCO_018953	98	204	332	397	523	609
