CAFRA.g4488.t1	80	144	270	375
CANGA.Cang_2012_03_13_00159.g5889.t1	182	246	372	477
CBREN.CBN04047	176	240	366	471
CBRIG.CBG16696	176	240	366	471
CCAST.g11997.t1	182	246	372	477
CDOUG.g256.t1	176	240	366	471
CELEG.K08A8.2a.1	176	240	366	471
CJAPO.CJA18228	179	243	369	474
CKAMA.g3432.t1	139	262	476	540	666	771
CLATE.FL83_00173-RA	209	273	399	504
CMONO.g5898.t1	182	246	372	474
CNOUR.g4749.t1	74	138	264	369
CPLIC.g6526.t1	182	255	381	486
CREMA.FL82_01464-RA	209	273	399	504
CSINI.Csp5_scaffold_00158.g5894.t1	176	240	366
CSP21.g13180.t1	182	372	483
CSP26.g11410.t1	176	240	366	471
CSP28.g3315.t1	74	138	264	369
CSP29.g4210.t1	74	138	264	369
CSP31.g20520.t1	173	237	363	468
CSP32.g1731.t1	80	144	270	375
CSP34.Sp34_X0205400.t1	179	243	369	474
CSP38.g6115.t1	179	243	369	474
CSP39.g16062.t1	179	243	369	474
CSP40.g21229.t1	176	240	366	471
CTROP.Csp11.Scaffold629.g12460.t1	176	240	366	471
CVIRI.g1945.t1	125	341	405	531	633
DCORO.DCO_014333	198	317	419	507	615	909
