CAFRA.g10277.t1	1005
CANGA.Cang_2012_03_13_04607.g18979.t1	204
CBREN.CBN30232	553	1068
CBRIG.CBG22107	454	975
CCAST.g11290.t1	78	850
CDOUG.g2943.t1	532	1056
CELEG.F54A5.1	460	978
CJAPO.CJA08191	924
CKAMA.g8275.t1	502	1026
CLATE.FL83_22111-RA	595	1134
CMONO.g1334.t1	81	799	1003	1209
CNOUR.g21925.t1	511	1032
CPLIC.g8312.t1	613	978
CREMA.FL82_07835-RA	595	1134
CSINI.Csp5_scaffold_03285.g29680.t1	535	1050
CSP21.g2788.t1	81	236	475	595	957
CSP26.g15092.t1	514	1029
CSP28.g3869.t1	502	1041
CSP29.g17698.t1	496	1023
CSP31.g7427.t1	523	643	1056
CSP32.g8844.t1	1014
CSP34.Sp34_10232400.t1	601	1137
CSP38.g14074.t1	65	144	961	1158
CSP39.g24913.t1	493	1029
CSP40.g20572.t1	511	1014
CTROP.Csp11.Scaffold630.g17330.t1	544	1086
CVIRI.g13052.t1	562	1089
DCORO.DCO_007305	81	348	470	615	757	877	981	1081	1257	1446	1695
