CAFRA.g8554.t1	99	231	603	786	1185
CANGA.Cang_2012_03_13_00023.g1425.t1	105	375	409	921	978	1109
CBREN.CBN01051	99	369	603	786	987	1188
CBRIG.CBG07245	165	435	669	852	1302
CCAST.g14891.t1	105	375	993	1124
CDOUG.g4612.t1	102	372	606	789	990	1191
CELEG.C11H1.9a	99	231	369	603	786	987	1188
CJAPO.CJA18086	99	231	369	603	786	987	1185
CKAMA.g2091.t1	99	231	369	603	786	987	1188
CLATE.FL83_10592-RA	99	369	603	786	987	1188
CMONO.g13128.t1	84	171	318	501	702	830	897
CNOUR.g6896.t1	96	366	600	783	984	1188
CPLIC.g2154.t1	105	237	375	462	609	792	993	1124	1188
CREMA.FL82_20583-RA	99	369	603	786	987	1113
CSINI.Csp5_scaffold_00401.g10797.t1	102	372	606	789	990	1191
CSP21.g14075.t1	105	237	375	462	609	792	993	1182
CSP26.g15984.t1	99	369	603	786	987	1188
CSP28.g11826.t1	96	366	600	783	984	1188
CSP29.g6075.t1	96	366	600	783	984	1188
CSP31.g24624.t1	105	237	609	792	993	1124
CSP32.g719.t1	99	231	603	786	1185
CSP34.Sp34_X0107600.t1	99	231	369	603	786	987	1188
CSP38.g18491.t1	105	375	462	792	993	1124
CSP39.g19362.t1	96	366	600	783	984	1188
CSP40.g556.t1	99	369	603	786	987	1188
CTROP.Csp11.Scaffold628.g7110.t1	84	318	501	702	903
CVIRI.g5626.t1	105	237	462	609	792	993	1124
DCORO.DCO_012103	105	237	375	462	609	792	921	993	1127
