CAFRA.g245.t1	79	168	317
CANGA.Cang_2012_03_13_00169.g6105.t1	293	462
CBREN.CBN13530	79	168	317
CBRIG.CBG06617	79	168	317
CCAST.g5404.t1	296	468
CDOUG.g14094.t1	79	168	317
CELEG.F53E10.6	79	168	317
CJAPO.CJA02271	79	159	308
CKAMA.g2815.t1	76	165	314
CLATE.FL83_15236-RA	73	162	311
CMONO.g18888.t1	76	159	308	402	477
CNOUR.g9244.t1	79	159	308
CPLIC.g5805.t1	88	159	305
CREMA.FL82_13323-RA	73	162	311
CSINI.Csp5_scaffold_00848.g16065.t1	79	168	317
CSP21.g12033.t1	67	138	287	381	447
CSP26.g19872.t1	79	168	317
CSP28.g3701.t1	79	168	317
CSP29.g274.t1	79	159	308
CSP31.g10609.t1	79	162	308	402	468
CSP32.g17979.t1	79	168	317
CSP34.Sp34_50050800.t1	79	168	317
CSP38.g21852.t1	290	384	459
CSP39.g10290.t1	79	168	317
CSP40.g1868.t1	79	168	317
CTROP.Csp11.Scaffold629.g13927.t2	192	274	363	512
CVIRI.g11762.t1	162	308	402	468
DCORO.DCO_022277	94	159	305
