CAFRA.g11184.t1	78	230	357	591	892	1016	1599
CANGA.Cang_2012_03_13_00869.g14653.t2	357	1070	1196	1334
CBREN.CBN01263	78	230	357	591	901	1025	1608
CBRIG.CBG03709	78	230	591	901	1025	1608
CCAST.g18589.t1	306	1019	1145	1283	1552	1745	1937	2034	2264
CDOUG.g21018.t1	78	230	357	591	901	1025	1617
CELEG.T05F1.1b	78	230	357	901	1034	1626
CJAPO.CJA10407	230	357	454	591	904	1620
CKAMA.g9507.t1	78	230	357	591	904	1028	1611
CLATE.FL83_11627-RA	78	357	901	1025	1608
CMONO.g13104.t1	78	230	357	531	591	669	783	868	1070
CNOUR.g8890.t1	78	230	357	454	591	901	1025	1617
CPLIC.g11171.t1	78	230	354	451	588	666	780	986	1067	1331	1569
CREMA.FL82_09057-RA	78	357	901	1025	1608
CSINI.Csp5_scaffold_00194.g6751.t1	78	230	357	591	901	1025	1608
CSP21.g7297.t1	78	230	357	594	706	859	1070	1196	1425	1569
CSP26.g3648.t1	78	230	357	591	901	1025	1608
CSP28.g713.t1	78	230	357	454	591	1611
CSP29.g10372.t1	78	230	357	454	591	901	1025	1608
CSP31.g579.t1	12	90	242	369	466	603	795	1001	1082	1208	1584
CSP32.g8041.t1	78	230	357	591	898	1022	1605
CSP34.Sp34_10068100.t1	78	230	357	898	1022	1605
CSP38.g18634.t1	357	989	1070	1196	1334	1572
CSP39.g203.t1	78	230	357	454	1372	1584
CSP40.g617.t1	78	230	357	901	1025	1608
CTROP.Csp11.Scaffold629.g14686.t1	78	230	1608
CVIRI.g10230.t1	78	230	591	865	989	1070	1196	1334	1572
DCORO.DCO_008293	78	144	230	435	591	669	783	871	993	1202	1337	1449
