CAFRA.g18224.t1	58	144	266	315	384	477	697	886	975	1062	1230	1511	1604	1863	2031	2157
CANGA.Cang_2012_03_13_00002.g239.t1	61	147	269	417	510	573	972	1059	1145	1355	1548	1875	2001
CBREN.CBN23849	154	240	362	405	474	567	781	970	1059	1227	1508	1601	1860	2028	2154
CBRIG.CBG14774	58	144	369	727	922	1044	1131	1299	1580	1673	1932	2100	2226
CCAST.g14752.t1	61	147	269	417	510	603	996	1083	1251	1400	1532	1725	2052	2178
CDOUG.g27306.t1	58	144	266	309	378	471	685	874	963	1050	1218	1499	1592	1851	2019	2145
CELEG.F49E10.1	58	144	266	309	378	471	682	871	960	1047	1215	1496	1589	1848	2016	2142
CJAPO.CJA17387	58	144	266	315	387	688	868	957	1125	1406	1499	1758	1926	2052
CKAMA.g3562.t1	58	144	266	309	378	471	670	865	954	1041	1209	1490	1583	1842	2010	2136
CLATE.FL83_00446-RA	109	195	317	360	429	522	736	925	1014	1101	1269	1550	1643	1902	2070	2196
CMONO.g15599.t1	58	144	266	312	372	474	567	631	690	777	945	1094	1226
CNOUR.g13234.t1	58	144	266	309	378	471	685	880	969	1056	1224	1505	1598	1857	2025	2151
CPLIC.g6602.t1	58	144	324	450	543	639	733	843	913	1002	1089	1257	1406	1538	1631	1731	1890	2058	2184
CREMA.FL82_01795-RA	58	144	266	309	378	471	565	654	741	909	1190	1283	1542	1710	1836
CSINI.Csp5_scaffold_00459.g11651.t1	58	144	266	309	381	474	676	868	957	1050	1218	1499	1592	1851	2019	2145
CSP21.g14851.t1	58	144	266	405	504	582	691	819	969	1056	1224	1373	1505	1598	1698	1857	2025	2151
CSP26.g10943.t1	58	144	266	309	381	474	682	874	963	1050	1218	1499	1592	1851	2019	2145
CSP28.g10556.t1	58	144	266	309	378	471	682	883	972	1059	1227	1508	1601	1860	2028	2154
CSP29.g3956.t1	58	144	266	309	378	471	685	880	969	1056	1224	1505	1598	1857	2025	2151
CSP31.g16044.t1	58	144	266	330	399	492	588	859	948	1035	1203	1352	1484	1577	1677	1836	2004	2130
CSP32.g190.t1	58	144	266	315	384	477	697	886	975	1062	1230	1511	1604	1863	2031	2157
CSP34.Sp34_X0232800.t1	58	144	266	309	378	471	676	865	954	1041	1209	1490	1583	1842	2010	2136
CSP38.g10402.t1	61	147	269	417	510	603	1008	1095	1263	1412	1544	1737	1896	2064	2190
CSP39.g7969.t1	58	144	266	309	381	474	685	883	972	1059	1227	1508	1601	2028	2154
CSP40.g14004.t2	58	144	266	309	381	474	682	874	963	1056	1224	1505	1598	1857	2025	2151
CTROP.Csp11.Scaffold626.g6558.t2	58	144	266	309	378	471	682	871	960	1047	1215	1496	1589	1848	2016	2142
CVIRI.g4159.t1	58	144	333	492	541	724	813	900	1068	1217	1349	1442	1542	1701	1869	1995
DCORO.DCO_005373	58	144	266	396	495	624	766	885	985	1074	1161	1237	1329	1478	1604	1697	1797	1956	2124	2250
