CAFRA.g10903.t1	31	288	438	890	1023	1407
CANGA.Cang_2012_03_13_00143.g5516.t1	25	282	438	515	678	890	1023	1226	1407	1468	1679	1781
CBREN.CBN20725	31	288	444	521	684	896	1029	1232	1374	1435	2202
CBRIG.CBG00200	31	519	596	1019	1152	1355	1536	1597	1767
CCAST.g13761.t1	25	282	438	515	614	776	909	1112	1293	1354	1565	1667
CDOUG.g12915.t1	31	288	444	521	684	896	1232	1413	1474	1685	2247
CELEG.T25B6.2	31	288	444	521	684	896	1029	1232	1413	1474	2247
CJAPO.CJA06759	31	288	438	515	678	890	1023	1407	2241
CKAMA.g5306.t1	31	288	444	521	684	896	1029	1232	1489	1700	2262
CLATE.FL83_03474-RA	16	160	254	426	653	748	878	1002	1182	1971	2381	2443	2700	2856	2933	3096	3308	3441	3644	3825	3886	4097	4659
CMONO.g4402.t1	31	207	288	441	518	681	825	893	1020	1128	1223	1321	1410	1471	1557	1682	1784	1867	1988	2074	2138	2238
CNOUR.g22101.t1	31	288	444	684	896	1029	1232	1413	1685	2247	2393	2580	2739	2901	3093	3195
CPLIC.g14718.t1	31	450	690	902	1029	1407	1468	1679	1781
CREMA.FL82_01933-RA	31	288	444	521	684	896	1029	1232	1413	1474	1685	2247
CSINI.Csp5_scaffold_00108.g4515.t1	31	288	444	521	684	896	1029	1232	1413	1474	1685	2247
CSP21.g11544.t1	31	186	423	500	663	875	1008	1214	1315	1465	1551	1685	1787	1991	2147	2247
CSP26.g19577.t1	31	288	444	521	684	896	1029	1232	1413	1474	1685	2247
CSP28.g5402.t1	34	291	447	687	899	1032	1235	1477	1688	2250	2396	2595	2769	2931	3123	3225	3297	3368	3480	3585	3693	3801	4029	4128	4339
CSP29.g6416.t1	31	288	444	684	896	1029	1232	1413	1685	2247	2372	2559	2727	2889	3081	3183	3278	3399	3498	3600	3699	3864	4041	4290
CSP31.g21379.t1	31	288	444	684	896	1029	1137	1235	1416	1477	1691	1793
CSP32.g9085.t1	31	288	444	896	1029	1413
CSP34.Sp34_X0183600.t1	31	288	444	521	684	896	1029	1232	1419	1480	1691	2253
CSP38.g14365.t1	25	282	435	512	675	819	887	1020	1128	1223	1404	1465	1676	1778
CSP39.g26099.t1	31	288	444	896	1029	1474	2247
CSP40.g18010.t1	31	288	444	521	684	896	1029	1232	1413	1474	1685	2247
CTROP.Csp11.Scaffold630.g18727.t1	31	288	441	518	681	893	1026	1410	1471	2244
CVIRI.g1976.t1	49	306	462	539	702	914	1047	1155	1431	1492	1703	1805	2009	2265
DCORO.DCO_025935	37	129	384	465	556	618	698	763	861	1005	1206	1314	1412	1596	1657	1752	1880	2029
