CAFRA.g16103.t1	14	92	245	465	599	929	1035	1215
CANGA.Cang_2012_03_13_00185.g6494.t1	14	92	245	465	926	1032	1212
CBREN.CBN00553	14	167	387	521	851	957	1137
CBRIG.CBG14388	32	110	263	483	617	947	1053	1233
CCAST.g13902.t1	14	92	245	465	923	1029	1209
CDOUG.g150.t1	14	92	245	465	599	929	1035	1215
CELEG.C52B9.1a	14	92	245	465	599	929	1035	1215
CJAPO.CJA00118	14	92	245	465	599	929	1215
CKAMA.g3115.t1	92	245	465	599	929	1035	1215
CLATE.FL83_00700-RA	14	98	251	471	605	935	1041	1221
CMONO.g2609.t1	14	89	179	239	459	593	778	932	1038	1125	1218
CNOUR.g4362.t1	14	92	245	465	599	929	1035	1215
CPLIC.g4138.t1	14	236	456	760	872	978	1059	1152
CREMA.FL82_00987-RA	92	245	465	599	929	1035	1215
CSINI.Csp5_scaffold_00002.g95.t1	32	110	263	483	617	947	1053	1233
CSP21.g3343.t1	104	164	384	518	703	857	963	1050	1143
CSP26.g10060.t1	14	92	245	465	599	929	1035	1215
CSP28.g9879.t1	81	217	289	547	712	890	968	1121	1341	1475	1805	1911	2091
CSP29.g11463.t1	14	92	245	465	599	929	1035	1215
CSP31.g8849.t1	14	92	245	465	929
CSP32.g2371.t1	14	92	245	465	599	929	1035	1215
CSP34.Sp34_X0258300.t1	14	92	245	465	599	929	1035	1215
CSP38.g17811.t1	14	92	245	465	923	1029	1209
CSP39.g26628.t1	58	133	222	289	440	524	677	897	1031	1361	1467	1647
CSP40.g20985.t1	14	92	245	465	599	929	1035	1215
CTROP.Csp11.Scaffold622.g6213.t1	149	369	503	833	939	1119
CVIRI.g6592.t1	14	89	242	462	596	766	920	1026	1206
DCORO.DCO_011851	20	113	206	266	346	462	596	722	781	935	1041	1128	1221
