CAFRA.g8742.t1	112	218	378	487	599	836	911
CANGA.Cang_2012_03_13_00116.g4791.t1	119	279	500	737
CBREN.CBN02847	103	209	381	490	602	839	914
CBRIG.CBG14651	266	426	535	647	884	959
CCAST.g11842.t1	112	200	360	581	818
CDOUG.g488.t1	112	218	378	487	599	836	911
CELEG.Y34B4A.3	112	375	484	596	833	908
CJAPO.CJA18658	112	209	369	478	590	827	902
CKAMA.g3241.t1	40	143	303	412	524	761	836
CLATE.FL83_00533-RA	103	215	375	484	596	794	869
CMONO.g12498.t1	73	208	242	350	513	590	701	776
CNOUR.g769.t1	112	215	375	484	596	833	908
CPLIC.g10428.t1	112	200	360	578	704	815	890
CREMA.FL82_01179-RA	103	215	375	484	596
CSINI.Csp5_scaffold_00012.g808.t1	112	218	378	499	611	677	752
CSP21.g15455.t1	124	215	375	484	596	722	833	908
CSP26.g17796.t1	112	218	378	487	599	836	911
CSP28.g10483.t1	88	191	351	460	572	761	836
CSP29.g3879.t1	112	215	375	484	596	785	860
CSP31.g9044.t1	100	188	351	460	572	809	884
CSP32.g15856.t1	40	143	303	412	524	761	836
CSP34.Sp34_X0241600.t1	74	234	343	455	692	767
CSP38.g10901.t1	112	203	363	584	821
CSP39.g21620.t1	89	249	358	470	707	782
CSP40.g17686.t1	32	192	301	413	650	725
CTROP.Csp11.Scaffold527.g3103.t1	112	218	378	487	599	836	911
CVIRI.g10471.t1	112	212	369	478	590	827	902
DCORO.DCO_014853	24	113	279	388	737	917	978
