CAFRA.g6148.t1	69	152	355
CANGA.Cang_2012_03_13_00558.g12209.t1	78	155	358
CBREN.CBN05568	93	176	379
CBRIG.CBG19105	99	349
CCAST.g16847.t1	78	155	358
CDOUG.g2399.t1	93	176	379
CELEG.C13F10.2	93	176	379
CJAPO.CJA05556	51	137	340
CKAMA.g5600.t1	87	170	373
CLATE.FL83_09722-RA	81	164	367
CMONO.g5184.t1	167	282	370
CNOUR.g9889.t1	69	158	361
CPLIC.g237.t1	63	140	255
CREMA.FL82_20991-RA	81	164	367
CSINI.Csp5_scaffold_02620.g27262.t1	99	182	385
CSP21.g2010.t1	63	143	258	346
CSP26.g17889.t1	90	173	376
CSP28.g8678.t1	69	158	361
CSP29.g20084.t1	69	158	361
CSP31.g18752.t1	69	149	264	352
CSP32.g7174.t1	69	152	355
CSP34.Sp34_50226800.t1	90	173	376
CSP38.g2361.t1	81	158	361
CSP39.g22938.t1	63	152	355
CSP40.g21475.t1	93	176	379
CTROP.Csp11.Scaffold629.g15414.t1	93	176	379
CVIRI.g564.t1	81	161	276	364
DCORO.DCO_021919	90	245	360	448
