CAFRA.g7968.t1	84	192	445	1132	1250	1491	1689
CANGA.Cang_2012_03_13_00268.g8183.t1	15	127	661	1017	1236
CBREN.CBN28538	84	192	445	1068	1290	1584	1773
CBRIG.CBG23796	84	192	445	1068	1132	1250	1479	1671
CCAST.g17259.t1	84	445	1132	1491	1707
CDOUG.g11033.t2	84	192	445	1068	1132	1250	1479	1677
CELEG.R01H10.3c	84	192	445	1068	1132	1250	1479	1686
CJAPO.CJA15869	84	192	445	698	1132	1250	1482	1668
CKAMA.g726.t1	84	192	445	698	1068	1132	1250	1476	1674	1783	1844	2042	2162
CLATE.FL83_13508-RA	213	321	574	1197	1261	1379	1608	1806
CMONO.g15089.t1	84	192	315	445	576	698	741	846	992	1132	1250	1301	1398	1569	1671	1776
CNOUR.g2541.t1	123	376	999	1181	1413	1611
CPLIC.g2827.t1	84	192	315	741	846	992	1132	1250	1482	1584	1680	1789	1855	2003	2253	2493	2925	3081	3230	3391	3549
CREMA.FL82_20842-RA	213	321	574	1197	1261	1379	1608	1806
CSINI.Csp5_scaffold_00433.g11305.t1	78	168	276	529	1152	1216	1334	1563	1755
CSP21.g11948.t1	84	192	508	576	698	741	846	992	1068	1250	1301	1488	1584	1674
CSP26.g14402.t1	84	192	445	1068	1132	1250	1479	1671
CSP28.g4835.t1	84	192	445	1068	1250	1482	1668
CSP29.g2526.t1	192	445	1068	1250	1482	1632
CSP31.g14122.t1	192	445	698	846	1068	1250	1491	1731
CSP32.g10323.t1	84	192	445	1132	1250	1491	1689
CSP34.Sp34_30117700.t1	84	192	445	1068	1132	1250	1476	1674
CSP38.g11041.t1	84	192	445	1132	1491	1593	1704
CSP39.g5031.t1	84	192	445	1068	1250	1485	1683
CSP40.g18051.t1	84	192	445	1068	1132	1250	1479	1677
CTROP.Csp11.Scaffold628.g7416.t2	84	192	445	1068	1132	1238	1467	1662
CVIRI.g13397.t1	192	445	576	1250	1488	1701
DCORO.DCO_026115	84	192	252	315	445	628	741	846	992	1068	1132	1241	1404	1488	1587	1686
