CAFRA.g3767.t1	144	303	1083
CANGA.Cang_2012_03_13_00126.g5079.t1	144	977	1086	1097	1206	1392
CBREN.CBN17686	144	1107	1293
CBRIG.CBG04748	144	1095	1281
CCAST.g17860.t1	144	977	1086	1272
CDOUG.g12319.t1	144	303	1092	1278
CELEG.T13H5.4	144	303	830	1092	1278
CJAPO.CJA12999	144	303	1089	1275
CKAMA.g5999.t1	144	303	830	1092	1278
CLATE.FL83_04591-RA	144	1092	1278
CMONO.g12644.t1	144	303	413	468	576	657	764	917	963	1025	1149	1266
CNOUR.g16517.t1	144	303	830	1092	1278
CPLIC.g6354.t1	123	282	392	447	621	702	815	968	1080	1142	1266
CREMA.FL82_06112-RA	144	1092	1278
CSINI.Csp5_scaffold_01474.g21142.t1	144	381	1017	1203
CSP21.g509.t1	144	303	468	639	720	827	980	1154	1278	1395
CSP26.g16286.t1	144	1095	1281
CSP28.g6356.t1	144	303	830	1092	1278
CSP29.g6240.t1	144	303	830	1092	1278
CSP31.g16769.t1	144	468	836	989	1098	1284
CSP32.g12544.t1	66	225	1005
CSP34.Sp34_20131900.t1	144	303	830	1092	1278
CSP38.g12774.t1	144	983	1092	1278
CSP39.g4872.t1	144	303	434	872	1134	1320
CSP40.g12849.t1	144	1095	1281
CTROP.Csp11.Scaffold630.g21368.t1	144	1086	1272
CVIRI.g3466.t1	144	413	573	639	717	830	983	1092	1278
DCORO.DCO_009641	144	229	303	468	576	723	900	1090	1154	1278	1422
