CAFRA.g17036.t1	226	482	650
CANGA.Cang_2012_03_13_00065.g3172.t1	121	230	551
CBREN.CBN21387	193	449	620
CBRIG.CBG16854	190	446	617
CCAST.g16934.t2	127	236	557
CDOUG.g32.t1	199	455	626
CELEG.C14F5.1a	196	452	623
CJAPO.CJA02947	199	455	626
CKAMA.g1006.t1	74	289	545	716
CLATE.FL83_00060-RA	196	449	620
CMONO.g14025.t1	106	215	359	536
CNOUR.g15208.t1	157	413	584
CPLIC.g13980.t1	160	269	413	587
CREMA.FL82_01356-RA	196	449	620
CSINI.Csp5_scaffold_00251.g7978.t1	181	437	608
CSP21.g15611.t1	106	218	356	524
CSP26.g10871.t1	190	446	617
CSP28.g14720.t1	157	413
CSP29.g12907.t1	190	446
CSP31.g21780.t3	124	383	554
CSP32.g4047.t1	208	464	635
CSP34.Sp34_X0213900.t1	163	419	590
CSP38.g6003.t2	154	263	584
CSP39.g5730.t2	190	446	617
CSP40.g8290.t2	220	476	647
CTROP.Csp11.Scaffold630.g18908.t2	202	458	629
CVIRI.g6561.t1	139	248	392	563
DCORO.DCO_019889	190	302	446	608
