CAFRA.g16727.t1	85	217	482
CANGA.Cang_2012_03_13_01160.g15848.t1	130	389	749	917
CBREN.CBN04889	82	214	488	989
CBRIG.CBG09999	82	214	488	992
CCAST.g9964.t1	64	196	464	824	992
CDOUG.g2305.t1	82	214	488	989
CELEG.R10E11.6a	82	214	488	986
CJAPO.CJA13624	76	208	482	977
CKAMA.g4197.t1	64	196	470	965
CLATE.FL83_23430-RA	82	214	485	983
CMONO.g10980.t1	97	229	366	450	533	695
CNOUR.g2022.t1	82	214	488	983
CPLIC.g5352.t1	97	229	503	744	827	998
CREMA.FL82_15111-RA	82	214	485	983
CSINI.Csp5_scaffold_00071.g3326.t1	82	214	488	983
CSP21.g2721.t1	82	214	351	494	695	783	866	1031
CSP26.g15441.t1	82	214	488	983
CSP28.g4966.t1	130	404	899
CSP29.g20281.t1	130	404	899
CSP31.g25388.t1	64	196	464	601	741	824	1001
CSP32.g6344.t1	85	217	479
CSP34.Sp34_30200800.t1	82	214	479	977
CSP38.g1435.t1	64	196	333	467	610	833	1004
CSP39.g3733.t1	82	214	307	518	1010
CSP40.g3449.t1	82	214	488	989
CTROP.Csp11.Scaffold629.g9438.t1	82	214	488	986
CVIRI.g11521.t1	85	217	482	759	1022
DCORO.DCO_011693	115	247	387	609	891	974	1169
