CAFRA.g4416.t1	68	192	288	393	540	665	780	993	1353	1497	1623	1719	1951	2040	2197
CANGA.Cang_2012_03_13_00086.g3902.t1	195	291	399	546	671	999	1500	1626	1954	2182
CBREN.CBN31574	68	195	291	396	543	668	1047	1293	1551	1677	1773	2100	2260
CBRIG.CBG10985	68	195	291	396	543	668	783	1242	1356	1500	1626	1722	1954	2040	2197
CCAST.g13215.t1	177	273	381	528	653	981	1482	1608	1936	2164
CDOUG.g18388.t1	68	195	291	396	543	668	783	996	1242	1356	1500	1626	1722	2043	2200
CELEG.C54D1.6	68	195	291	396	543	668	783	996	1242	1356	1500	1626	1722	1954	2043	2200
CJAPO.CJA03840	71	186	282	387	534	659	774	987	1233	1347	1491	1617	1860	1945	2025	2185
CKAMA.g3390.t1	68	192	288	393	540	665	780	993	1239	1353	1497	1623	1719	1951	2040	2197
CLATE.FL83_00229-RA	93	189	294	441	566	681	894	1140	1254	1398	1524	1620	1852	1941	2098
CMONO.g17477.t1	65	195	288	393	537	662	777	876	990	1236	1356	1500	1626	1722	1872	1951	2040	2148	2215	2278
CNOUR.g18978.t1	68	192	288	393	540	665	780	993	1239	1497	1623	1719	1951	2037	2194
CPLIC.g13168.t1	56	195	291	399	671	786	1359	1503	1725	1875	2019	2194
CREMA.FL82_01531-RA	68	195	291	396	543	668	783	996	1242	1356	1500	1626	1722	1954	2043	2200
CSINI.Csp5_scaffold_00059.g2907.t1	68	198	294	399	546	671	786	1248	1362	1506	1626	1722	1954	2043	2200
CSP21.g13369.t1	71	192	279	381	525	650	765	978	1224	1329	1473	1599	1695	1845	1924	2004	2103	2176
CSP26.g9009.t1	68	198	294	399	546	671	786	1245	1359	1503	1629	1725	1957	2043	2200
CSP28.g3399.t1	68	192	288	540	665	780	993	1239	1353	1497	1719	1866	1951	2028	2194
CSP29.g4145.t1	27	104	228	324	429	576	701	816	1029	1275	1533	1659	1755	1987	2073	2230
CSP31.g20590.t1	62	189	285	540	665	780	993	1353	1497	1623	1719	1954	2224
CSP32.g5622.t1	68	192	288	393	540	665	780	993	1239	1353	1497	1623	1719	1951	2040	2197
CSP34.Sp34_X0200700.t1	68	192	288	393	540	665	780	993	1239	1353	1497	1623	1719	1951	2040	2197
CSP38.g20613.t1	195	291	399	546	671	999	1500	1626	1722	1954	2200
CSP39.g7122.t1	71	195	291	396	543	668	783	996	1242	1356	1500	1626	1869	1954	2212
CSP40.g2194.t1	68	198	294	399	546	671	786	1245	1359	1503	1629	1725	1957	2046	2203
CTROP.Csp11.Scaffold578.g4493.t1	68	195	291	396	543	668	783	996	1356	1500	1626	1722	2043	2203
CVIRI.g1470.t1	62	180	276	384	531	656	771	984	1230	1344	1488	1614	1942	2025	2200
DCORO.DCO_003971	146	288	387	498	639	764	879	978	1092	1261	1452	1596	1743	1839	1992	2071	2241	2337	2458	2539
