CAFRA.g9393.t1	54	244	468
CANGA.Cang_2012_03_13_00170.g6128.t1	150	264	337	469	561
CBREN.CBN05564	150	334	466	558
CBRIG.CBG14602	150	334	466	558
CCAST.g14358.t1	43	201	315	388	520	612
CDOUG.g437.t1	58	219	403	535	627
CELEG.C24H10.1	150	334	466	558
CJAPO.CJA05126	64	219	406	538	630
CKAMA.g3212.t1	150	337	469	561
CLATE.FL83_00570-RA	31	192	376	508	600
CMONO.g11307.t1	150	267	340	472	564
CNOUR.g17558.t1	150	337	469	561
CPLIC.g9452.t1	150	264	337	469	561
CREMA.FL82_01140-RA	31	192	376	508	600
CSINI.Csp5_scaffold_00018.g1108.t1	58	219	403	535	627
CSP21.g10429.t1	22	177	294	367	591
CSP26.g20396.t1	58	219	403	535	627
CSP28.g9774.t1	150	337	469	561
CSP29.g11580.t1	150	337	469	561
CSP31.g21421.t1	49	207	333	538	630
CSP32.g8353.t1	150	343	567
CSP34.Sp34_X0245800.t1	58	219	403	535	627
CSP38.g17416.t1	91	246	360	433	565	657
CSP39.g23373.t1	52	207	394	526	618
CSP40.g19122.t1	150	334	466	558
CTROP.Csp11.Scaffold567.g4175.t1	150	313	445	537
CVIRI.g150.t1	52	207	321	394	526	618
DCORO.DCO_017097	82	240	372	445	577	669	803
