CAFRA.g19207.t1	132	394	532	623	873
CANGA.Cang_2012_03_13_00362.g9761.t1	78	400	1031
CBREN.CBN20058	132	532	623	873
CBRIG.CBG17650	132	184	490	581	831
CCAST.g12210.t1	78	400	1031
CDOUG.g12076.t1	132	532	623	873
CELEG.T25B9.1	183	583	674	924
CJAPO.CJA15737	132	532	873
CKAMA.g18701.t1	132	394	532	623	873
CLATE.FL83_14024-RA	132	532	623	873
CMONO.g18835.t1	78	138	210	324	400	629	712	790	885	953	1037	1140
CNOUR.g22698.t1	132	532	623	873
CPLIC.g8402.t1	177	309	1046	1130	1233
CREMA.FL82_03024-RA	132	532	623	873
CSINI.Csp5_scaffold_00190.g6648.t1	132	532	623	873
CSP21.g4773.t1	78	210	324	361	499	596	852	920	984
CSP26.g19204.t1	132	532	623	873
CSP28.g12501.t1	132	532	623	873
CSP29.g3322.t1	132	532	623	873
CSP31.g6412.t1	90	150	222	412	891	1043
CSP32.g13337.t1	132	394	532	623	873
CSP34.Sp34_40094600.t1	132	532	623	873
CSP38.g4531.t1	75	397	1028
CSP39.g14055.t1	132	532	623	873
CSP40.g6669.t1	132	532	623	873
CTROP.Csp11.Scaffold629.g15045.t1	132	532	623	873
CVIRI.g1725.t1	147	219	547	1040
DCORO.DCO_012161	63	117	249	363	439	577	673	751	924	992	1179
