CAFRA.g10622.t1	44	168	367	495	721	1106	1215	1368
CANGA.Cang_2012_03_13_00374.g9946.t2	153	349	712	904	1082	1347
CBREN.CBN00477	44	138	334	462	649	1025	1134	1287
CBRIG.CBG02541	38	132	328	456	646	1028	1137	1290
CCAST.g1878.t1	153	349	697	915	1046	1311
CDOUG.g953.t1	44	138	337	465	652	1004	1113	1266
CELEG.F28B12.2a	45	89	183	382	510	694	1070	1179	1332
CJAPO.CJA07640	44	135	334	462	1137	1290
CKAMA.g18881.t1	44	135	334	719	828	981
CLATE.FL83_04441-RA	44	138	337	465	661	1040	1149	1302
CMONO.g7053.t1	50	138	261	340	468	535	602	896	1005	1164
CNOUR.g5610.t1	44	132	331	459	646	1025	1134	1287
CPLIC.g648.t1	44	171	288	367	495	784	839	1008	1139	1248	1401
CREMA.FL82_12066-RA	44	138	337	465	661	1040	1149	1302
CSINI.Csp5_scaffold_00132.g5175.t1	4	108	307	435	622	1004	1113	1266
CSP21.g8019.t1	50	331	552	825	956	1065	1221
CSP26.g2829.t1	44	138	337	465	649	1055	1164	1317
CSP28.g13273.t1	44	138	337	649	1028	1137	1290
CSP29.g1171.t1	44	132	331	459	646	1022	1131	1284
CSP31.g14872.t2	44	132	261	340	668	974	1083	1239
CSP32.g12989.t1	44	162	361	489	685	1070	1179	1332
CSP34.Sp34_20119900.t1	42	86	180	379	507	703	1082	1191	1344
CSP38.g9295.t1	44	141	337	465	685	906	1037	1299
CSP39.g4994.t2	12	132	211	339	526	744	881	990	1143
CSP40.g9742.t1	44	135	334	462	649	1052	1161	1314
CTROP.Csp11.Scaffold629.g16412.t1	44	138	337	465	652	1031	1140	1293
CVIRI.g7374.t1	44	156	276	355	483	679	1052	1314
DCORO.DCO_008211	35	136	171	242	315	450	529	657	726	910	1019	1167	1295	1404	1566
