CAFRA.g4699.t1	108	363	731	2666	2832	3702
CANGA.Cang_2012_03_13_00042.g2311.t1	1639	1863	2103
CBREN.CBN14764	57	172	294	635	1167	2618	2784	3645
CBRIG.CBG12017	78	324	369	773	1293	2720	2889	3771
CCAST.g17514.t1	54	198	294	381	663	3057	3426	3666
CDOUG.g10574.t1	96	381	737	1266	2702	2871	3744
CELEG.T12F5.4	57	378	704	1230	2669	2838	3753
CJAPO.CJA04493	69	375	704	2705
CKAMA.g11327.t1	219	566	2453	2631	3525
CLATE.FL83_08194-RA	171	399	779	1317	2753	2922	3591
CMONO.g4557.t1	128	288	369	552	705	776	1010	1114	1269	1553	1713	1913	2093	2280	2448	2772	2901	3015	3165	3291
CNOUR.g5714.t1	51	321	638	2600	2760	3642
CPLIC.g14733.t1	60	108	171	333	504	990	1353	1631	1791	2102	2241	2595	2850	3114
CREMA.FL82_12730-RA	72	366	740	1278	2714	2883	3819
CSINI.Csp5_scaffold_00111.g4604.t1	84	336	740	1275	2720	2886	3807
CSP21.g6155.t1	60	120	192	267	324	555	656	897	1080	1290	1478	1582	1743	2000	2196	2393	2573	2763	2826	3045	3255	3384	3498	3648	3753
CSP26.g4294.t1	87	336	728	1260	2702	2871	3792
CSP28.g1206.t1	48	315	1131	2555	2709	3588
CSP29.g16636.t1	61	179	303	373	440	584	690	963	1280	3230	3390	4272
CSP31.g20273.t1	66	159	447	1394	2411	2573	3093	3213	3690
CSP32.g13424.t1	96	339	444	647	2564	2730	3600
CSP34.Sp34_10158300.t1	57	363	695	1203	2669	2838	3744
CSP38.g325.t1	60	201	300	387	705	2666	2832	3186	3558	3798
CSP39.g9832.t1	51	321	635	2612	2772	3657
CSP40.g16448.t1	81	330	704	1266	2711	2880	3801
CTROP.Csp11.Scaffold627.g6730.t1	63	342	707	1230	2666	2835	3708
CVIRI.g15890.t2	144	210	300	402	690	797	1484	2331	2636	3153	3672
DCORO.DCO_002847	42	333	534	801	923	1164	1437	1557	1748	2121	2312	2472	2672	2861	3072	3180	3288	3483	3726	3876	3981
