CAFRA.g326.t1	123	189	297	414	744	1059	1114	1194	1341
CANGA.Cang_2012_03_13_00590.g12558.t1	186	510	741
CBREN.CBN03231	120	198	306	423	753	1126	1164	1266
CBRIG.CBG17177	111	183	291	408	738	1108	1188	1281
CCAST.g1174.t2	183	507	738	893	1099	1227
CDOUG.g9837.t2	111	189	297	414	744	1059	1114	1194	1293
CELEG.F44A6.1b	114	195	303	420	750	1117	1200	1293
CJAPO.CJA00165a	126	297	414	744	1056	1111	1191
CKAMA.g9244.t1	114	180	297	627	997	1080	1179
CLATE.FL83_01366-RA	120	192	300	417	747	1062	1117	1197	1296
CMONO.g13272.t1	102	177	285	402	501	612	732	887	1045	1075	1131	1218
CNOUR.g3047.t1	126	195	303	420	750	1062	1117	1191	1308
CPLIC.g1770.t1	132	198	423	522	753	1114	1200	1263
CREMA.FL82_17309-RA	129	204	312	429	759	1074	1129	1209	1308
CSINI.Csp5_scaffold_00005.g376.t1	120	195	303	420	750	1065	1120	1200	1305
CSP21.g10896.t1	96	246	363	462	693	848	999	1054
CSP26.g9687.t1	120	177	285	402	732	1047	1102	1182	1290
CSP28.g14644.t1	126	195	303	420	750	1065	1120	1158	1269
CSP29.g11999.t1	126	195	303	420	750	1062	1117	1152	1269
CSP31.g25100.t1	117	153	261	477	708	863	1069	1179
CSP32.g12729.t1	123	189	297	414	744	1059	1114	1194	1344
CSP34.Sp34_X0067500.t1	114	195	303	420	750	1062	1117	1197	1284
CSP38.g3503.t2	174	498	729	884	1090	1218
CSP39.g27395.t2	126	195	303	420	750	1062	1117	1194	1320
CSP40.g15885.t2	120	195	303	420	750	1065	1120	1200	1305
CTROP.Csp11.Scaffold629.g13694.t1	108	186	294	411	741	1111	1191	1287
CVIRI.g290.t1	123	183	291	408	507	738	1099	1260	1380
DCORO.DCO_011303	117	174	282	399	498	609	729	797	884	1038	1096	1206	1272
