CAFRA.g122.t1	567	852	994	1149	1430	1740	1885	2139	2399
CANGA.Cang_2012_03_13_00476.g11280.t1	87	1032	1232	1348	1427	1548	1693
CBREN.CBN17214	102	837	951	1343	1659	1804	2061	2321
CBRIG.CBG12496	102	1024	1179	1451	1764	1909	2468
CCAST.g10279.t1	87	828	1028	1412	1528	1607	1728	1873	2133
CDOUG.g2146.t1	102	837	982	1137	1409	1725	1870	2124	2384
CELEG.F43G9.12a	102	840	979	1134	1406	1722	1867	2121	2381
CJAPO.CJA15110	99	840	979	1134	1400	1716	1861	2115
CKAMA.g8851.t1	93	819	958	1113	1385	1701	1846	2100	2360
CLATE.FL83_07070-RA	102	1137	1295	1756	2010	2274	2319	2472	2588
CMONO.g8113.t1	126	232	542	662	843	985	1046	1140	1236	1436	1552	1631	1752	1897	2090	2151	2292	2411
CNOUR.g211.t1	93	825	958	1113	1379	1695	1840	2094	2354
CPLIC.g14400.t1	876	1158	1761	1900
CREMA.FL82_17750-RA	102	1137	1409	1870	2124	2384
CSINI.Csp5_scaffold_01882.g23695.t1	102	837	976	1131	1403	1719	1864	2118	2372
CSP21.g8839.t1	93	187	441	683	852	991	1052	1242	1348	1552	1752	1897	2298	2417
CSP26.g12428.t1	102	837	982	1137	1409	1725	1870	2124	2378
CSP28.g16912.t1	20	717	1011	1283	1563	1708	1853	2132
CSP29.g1000.t1	93	822	955	1110	1382	1698	1843	2097	2361	2502	2618	2750	2925	3006	3118	3251	3392	3512	3729	3861	4033
CSP31.g8266.t1	126	193	1003	1158	1445	1561	1761	1906	2099	2166	2429
CSP32.g7687.t1	102	495	783	922	1077	1358	1668	1813	2067	2327
CSP34.Sp34_10313010.t1	99	828	973	1128	1400	1716	1861	2115	2375
CSP38.g10753.t1	87	828	1022	1406	1522	1601	1722	1867
CSP39.g2443.t1	93	813	952	1107	1379	1695	1840	2094	2354
CSP40.g24323.t1	102	834	979	1134	1406	1722	1867	2121	2375
CTROP.Csp11.Scaffold630.g20466.t1	102	154	579	718	873	1145	1461	1606	1860	2120
CVIRI.g2802.t1	111	614	846	982	1137	1549	1749	1894	2087	2414
DCORO.DCO_004651	117	250	369	501	580	684	764	846	921	990	1116	1290	1479	1648	1727	1848	1996	2189	2256	2397	2516
