CAFRA.g6064.t1	93	345	543
CANGA.Cang_2012_03_13_00169.g6108.t1	72	345	477
CBREN.CBN10747	81	378	759
CBRIG.CBG01470	444	630	828
CCAST.g1924.t1	72	339	471
CDOUG.g9883.t1	87	375	561	756
CELEG.F41E6.12	84	381	567	756
CJAPO.CJA01330	99	366	558	747
CKAMA.g19096.t1	84	387	570	759
CLATE.FL83_21773-RA	81	360	549	744
CMONO.g128.t1	93	199	342	435	525	602	717	774
CNOUR.g354.t1	105	384	564	753
CPLIC.g9184.t1	150	501	603	693	770	882	948
CREMA.FL82_08803-RA	81	363	552	747
CSINI.Csp5_scaffold_00857.g16157.t1	81	375	561
CSP21.g10869.t1	90	190	335	432	522	599	714
CSP26.g20860.t1	84	384	570	765
CSP28.g8726.t1	90	393	564	753
CSP29.g20362.t1	96	366	558	747
CSP31.g19864.t1	96	498
CSP32.g7253.t1	93	336	531
CSP34.Sp34_50117600.t1	84	375	564	753
CSP38.g697.t1	78	357	513	705
CSP39.g17151.t1	96	372	555	744
CSP40.g2800.t1	87	390	576	774
CTROP.Csp11.Scaffold541.g3392.t1	84	363	549	744
CVIRI.g7809.t1	84	363	558	635
DCORO.DCO_017579	87	220	339	396	486	675	738
