CAFRA.g4827.t1	176	370	458	900	1012	1404	1686	1802	2025	2126	2269
CANGA.Cang_2012_03_13_00019.g1190.t1	128	295	383	540	825	1258	1458	1614	1737	1853	1925	2055	2156	2290
CBREN.CBN05257	15	176	364	452	609	894	1006	1184	1398	1680	1796	2007	2105	2230
CBRIG.CBG17545	164	370	458	615	900	1012	1404	1530	1847	2067	2165	2290
CCAST.g14919.t1	128	298	386	543	828	1252	1452	1608	1724	1796	1926	2027	2158
CDOUG.g2569.t1	161	349	437	594	879	991	1169	1383	1665	1781	2004	2102	2227
CELEG.K09C8.1	182	367	455	612	897	1009	1187	1401	1527	1683	1802	2031	2123	2248
CJAPO.CJA03111	140	310	398	555	840	952	1130	1470	1626	1742	1974	2072	2200
CKAMA.g1368.t1	158	331	419	576	861	973	1151	1365	1491	1647	1760	1980	2078	2203
CLATE.FL83_01224-RA	161	343	431	588	873	985	1163	1377	1503	1659	1775	1995	2093	2218
CMONO.g8841.t1	137	334	422	579	714	861	973	1055	1151	1285	1365	1521	1637	1709	1878	1976	2098
CNOUR.g15594.t1	158	343	431	588	873	985	1163	1377	1503	1659	1775	2004	2102	2230
CPLIC.g9376.t1	143	310	398	555	693	840	952	1034	1130	1344	1473	1629	1748	1820	1959	2060	2197
CREMA.FL82_00425-RA	164	346	434	591	876	988	1166	1380	1506	1662	1778	1998	2096	2221
CSINI.Csp5_scaffold_00025.g1474.t2	105	269	472	560	717	1002	1114	1292	1506	1632	1788	1904	2124	2222	2347
CSP21.g10850.t1	83	238	326	483	621	768	880	962	1058	1272	1398	1486	1551	1664	1736	1875	1976	2119
CSP26.g12168.t1	158	355	443	600	885	997	1175	1389	1515	1671	1787	2007	2105	2230
CSP28.g13323.t1	170	352	440	597	882	994	1172	1386	1512	1668	1784	2010	2108	2236	2320	2446
CSP29.g11880.t1	131	903	1061	1246	1334	1491	1776	1888	2066	2280	2406	2562	2678	2907	3005	3133
CSP31.g25230.t1	77	250	338	495	633	892	974	1204	1284	1410	1566	1682	1754	1914	2012	2140
CSP32.g2119.t1	176	370	458	900	1012	1404	1686	1802	2010	2111	2254
CSP34.Sp34_X0078900.t1	200	385	473	630	915	1027	1205	1419	1545	1701	1817	2043	2135	2260
CSP38.g13786.t1	143	322	410	567	852	1276	1476	1632	1748	1820	1944	2045	2176
CSP39.g2761.t1	161	346	434	591	876	988	1166	1380	1506	1662	1778	2004	2102	2230
CSP40.g19933.t1	164	367	455	612	897	1009	1187	1401	1527	1683	1799	2019	2117	2242	2326	2449
CTROP.Csp11.Scaffold629.g13840.t1	161	355	443	600	885	997	1175	1389	1671	1787	1863	1944	2042	2167
CVIRI.g419.t1	140	310	398	555	693	840	952	1034	1264	1344	1470	1626	1742	1814	1962	2063	2197
DCORO.DCO_005037	131	355	443	600	738	885	997	1079	1175	1309	1389	1515	1671	1784	1856	2010	2158	2248
