CAFRA.g17161.t1	54	156	258	372	458	679	740	889	1173	1295	1516	1698	1899	2127	2316	2526	2920	3030	3126	3203
CANGA.Cang_2012_03_13_00058.g2931.t2	54	156	258	381	467	749	1482	1638	1714	1845	2242	2352	2525
CBREN.CBN09933	54	156	258	372	458	679	740	889	1170	1292	1513	1683	1884	2109	2377	2508	2684	2902	3012	3108	3185
CBRIG.CBG15975	42	144	264	358	427	623	772	1053	1175	1399	1608	1818	2046	2229	2439	2615	2858	2985	3081
CCAST.g1624.t1	54	156	258	381	467	749	1301	2022	2184	2260	2391	2791	2901	3074
CDOUG.g3440.t1	54	156	258	372	458	679	740	889	1170	1292	1513	1689	1890	2121	2520	2696	2914	3024	3120	3197
CELEG.F35B3.5c	54	156	258	372	458	679	740	889	1170	1292	1519	1695	1902	2118	2307	2386	2517	2914	3024	3120	3197
CJAPO.CJA09774	54	156	258	372	458	679	740	889	1170	1292	1507	1686	1893	2124	2316	2526	2920	3126	3203
CKAMA.g10551.t1	54	156	258	372	458	740	889	1170	1292	1513	1683	1878	2112	2301	2511	2687	2905	3015	3111	3188
CLATE.FL83_02160-RA	276	378	480	594	680	901	962	1111	1392	1514	1735	1908	2109	2331	2520	2733	2909	3127	3237	3333	3410
CMONO.g7551.t1	57	159	261	384	470	586	700	761	910	1097	1173	1301	1504	1671	1765	1854	2052	2127	2235	2305	2433	2511	2609	2842	2952	3048	3125
CNOUR.g5159.t1	54	156	258	372	458	679	740	889	1295	1516	1689	1887	2097	2286	2496	2672	2890	3000	3096	3173
CPLIC.g9495.t2	54	156	258	390	476	697	758	910	1094	1277	1483	1626	1726	1818	1968	2157	2239	2379	2457	2776	2886	2982	3059
CREMA.FL82_15324-RA	330	432	534	648	734	955	1016	1165	1446	1568	1789	1962	2163	2388	2577	2790	2966	3184	3294	3390	3467
CSINI.Csp5_scaffold_00031.g1726.t2	54	156	258	372	458	740	889	1170	1292	1513	1674	1878	2100	2289	2368	2496	2672	2893	3003	3099	3176
CSP21.g13363.t1	54	156	258	381	467	589	694	755	904	1094	1170	1292	1501	1665	1851	2013	2211	2388	2466	2791	2901	2997	3074
CSP26.g15411.t1	54	156	258	372	458	740	889	1170	1292	1504	1671	1872	2088	2277	2487	2663	2881	2991	3087
CSP28.g6775.t1	109	395	632	745	885	1099	1212	1443	1607	1779	1995	2307	2546	2925	3076	3231	3338	4094	4177	4208	5003	5072	5282	5397	5617	5729	5807	5890	6032	6106	6192	6291	6369	6651	6855	6969	7055	7337	7486	7770	7892	8113	8289	8706	8895	9105	9281	9499	9609	9705	9782
CSP29.g14037.t1	41	110	296	396	628	740	818	901	1043	1117	1203	1302	1380	1563	1656	1758	1860	1974	2060	2281	2342	2491	2897	3118	3291	3492	3702	3891	4101	4277	4495	4605	4701	4778
CSP31.g10873.t1	57	159	261	384	470	691	752	901	1106	1182	1304	1528	1875	2043	2296	2427	2824	2934	3030
CSP32.g8915.t1	54	156	258	372	458	679	740	889	1173	1295	1516	1704	1905	2136	2325	2535	2929	3039	3135	3212
CSP34.Sp34_X0036700.t1	54	156	258	372	458	679	740	889	1164	1286	1507	1677	1875	2103	2292	2371	2502	2896	3006	3102	3179
CSP38.g10866.t1	54	156	258	381	467	749	1301	2184	2260	2391	2791	2901	3074
CSP39.g5085.t1	86	188	290	404	490	772	921	1333	1554	1670	1871	2087	2270	2656	2874	2984	3080	3157
CSP40.g4699.t1	54	156	258	372	458	740	889	1170	1292	1513	1680	1884	2082	2271	2484	2660	2878	2988	3084
CTROP.Csp11.Scaffold629.g13523.t2	192	279	381	483	597	683	904	965	1114	1395	1517	1738	1908	2109	2328	2730	2906	3124	3234	3330	3407
CVIRI.g1342.t1	54	156	258	381	467	688	749	1100	1176	1298	1513	1674	1774	2037	2296	2433	2609	2830	2940	3036	3113
DCORO.DCO_003329	159	261	384	470	595	712	773	913	1127	1227	1358	1425	1567	1713	1902	2142	2217	2328	2425	2516	2655	2883	2992	3102	3275
