CAFRA.g13637.t1	140	306	933	1331	1448	1700	1785
CANGA.Cang_2012_03_13_01183.g15915.t1	146	312	822	1664
CBREN.CBN32959	137	303	497	825	933	1331	1448	1697	1782
CBRIG.CBG00414	137	303	497	813	918	1310	1427	1676	1761
CCAST.g2157.t1	143	309	819	1676
CDOUG.g15061.t1	140	306	500	828	936	1334	1451	1700	1785
CELEG.C06G3.10	140	306	500	921	1325	1442	1691	1776
CJAPO.CJA09933	96	621	729	1127	1244	1493
CKAMA.g6545.t1	37	194	360	554	879	999	1391	1640	1725	1932	2006	2124	2279	2519	2826	3132	3351	3511	3806	3987
CLATE.FL83_19513-RA	140	306	497	927	1442	1691	1776	2031	2105	2223	2378	2618	2827	3643	3938	4119
CMONO.g18999.t1	126	267	461	555	780	885	989	1125	1277	1412	1536	1661	1746	1845	2098
CNOUR.g12100.t2	140	306	500	831	939	1176	1448	1584	1697	1737
CPLIC.g6705.t1	137	303	906	1010	1146	1298	1433	1682	1767	1869
CREMA.FL82_20673-RA	140	306	500	930	1445	1694	1779
CSINI.Csp5_scaffold_00306.g9102.t1	140	306	500	822	930	1325	1442	1691	1776
CSP21.g3307.t1	110	276	470	564	783	888	995	1128	1415	1539	1664	1848	1957
CSP26.g20386.t1	113	279	473	798	906	1307	1424	1673	1758	1998	2072	2190	2345	2585	2794	2941	3225	3604	3899	4080
CSP28.g16092.t1	143	309	503	828	1065	1334	1583	1668	1940	2058	2213	2450	2659	3430	3725	3906
CSP29.g2843.t1	114	377	543	737	1068	1176	1413	1685	1934	2019	2226	2300	2418	2573	2790	2920	3067	3348	3406	3553	3661	3724	4238
CSP31.g15650.t1	152	318	512	816	921	1025	1161	1313	1436	1685	1770	1875
CSP32.g3015.t1	140	306	503	852	960	1224	1376	1493	1745	1830	2019	2048	2166	2321	2564	2773	2920	3222	3607	3902	4083
CSP34.Sp34_40218400.t1	164	330	524	951	1355	1472	1721	1806
CSP38.g21666.t1	143	309	503	810	1542	1667
CSP39.g6197.t1	113	279	473	801	909	1427	1676	1761	1953
CSP40.g11487.t1	140	306	500	828	936	1325	1442	1691	1776
CTROP.Csp11.Scaffold70.g426.t1	140	306	500	831	939	1337	1454	1703	1788
CVIRI.g15169.t1	155	321	515	600	819	924	1161	1313	1575	1700	1785
DCORO.DCO_001364	230	396	498	590	681	786	900	1005	1109	1236	1412	1541	1665	1875	1974
