CAFRA.g19279.t1	60	168	317	953	1068	1628	1733
CANGA.Cang_2012_03_13_00001.g52.t1	60	168	317	399	495	858
CBREN.CBN08718	63	171	320	402	1071	1631	1736
CBRIG.CBG08301	63	171	320	1071	1631	1736
CCAST.g12255.t1	60	168	317	399	495	858	1068	1391	1628
CDOUG.g3694.t1	63	171	320	402	1071	1631	1736
CELEG.ZC416.6a	63	171	320	402	1071	1631	1736
CJAPO.CJA05878a	66	174	417	1086	1646	1751
CKAMA.g18595.t1	63	171	320	402	1071	1631	1736
CLATE.FL83_21391-RA	63	171	320	1071	1631
CMONO.g3391.t1	60	168	317	399	495	659	773	858	953	1068	1216	1314	1391	1539	1628	1733
CNOUR.g22768.t1	63	171	320	402	956	1071	1631
CPLIC.g2255.t1	60	168	858	953	1216	1314	1391	1539	1628	1733
CREMA.FL82_03145-RA	63	171	320	1071	1631	1736
CSINI.Csp5_scaffold_00165.g6055.t2	62	139	247	396	478	1147	1707	1812
CSP21.g604.t1	57	288	384	518	604	747	842	957	1105	1203	1323	1428	1517	1601	1656
CSP26.g3246.t1	63	171	320	402	1071	1631	1736
CSP28.g12567.t1	63	171	320	956	1071	1631
CSP29.g3385.t1	33	83	225	398	675	844	1086	1310	1509	1819	1899	2007	2156	2238	2792	2907	3467
CSP31.g7858.t1	63	171	320	402	1071	1219	1317	1631	1736
CSP32.g10536.t1	60	168	317	953	1068	1628	1733
CSP34.Sp34_40085500.t1	63	171	320	402	1071	1631	1736
CSP38.g1133.t2	60	168	317	399	495	858	1391	1628
CSP39.g7722.t1	57	206	842	957	1517
CSP40.g14098.t1	63	171	320	402	1071	1631	1736
CTROP.Csp11.Scaffold629.g8723.t1	489	769	1607	1641	1833	2006	2283	2455	2697	2855	3054	3387	3459	3567	3716	3798	4467
CVIRI.g1634.t1	63	171	956	1071	1219	1317	1394	1631
DCORO.DCO_007005	58	168	317	399	495	659	773	834	897	953	1068	1216	1314	1391	1539	1628	1733
