CAFRA.g16403.t1	116	208	360
CANGA.Cang_2012_03_13_00103.g4398.t1	116	208	360
CBREN.CBN03189	116	360
CBRIG.CBG01005	116	360
CCAST.g1818.t1	116	208	360
CDOUG.g11131.t1	116	360
CELEG.R53.4	116	360
CJAPO.CJA11147	116	208	360
CKAMA.g11875.t1	116	208	360
CLATE.FL83_04716-RA	116	360
CMONO.g1436.t1	116	208	360
CNOUR.g4643.t1	116	208	360
CPLIC.g14792.t1	116	208	360
CREMA.FL82_20276-RA	116	360
CSINI.Csp5_scaffold_00347.g9868.t1	116	364
CSP21.g6279.t1	116	208	360
CSP26.g2127.t1	116	360
CSP28.g8852.t1	116	208	360
CSP29.g6396.t1	116	208	360
CSP31.g1927.t1	60	205	435
CSP32.g1105.t1	116	208	360
CSP34.Sp34_20172100.t1	116	360
CSP38.g21981.t1	116	208	360
CSP39.g12676.t1	116	208	360
CSP40.g2305.t1	116	360
CTROP.Csp11.Scaffold535.g3257.t1	116	360
CVIRI.g12311.t1	116	208	360
DCORO.DCO_022533	116	208	360
