CAFRA.g4393.t1	120	198	251	360	480	520	600	885	1036	1155	1233	1357	1499	1599	1719
CANGA.Cang_2012_03_13_00514.g11738.t1	123	254	363	489	780	903
CBREN.CBN20809	120	198	251	360	558	678	784	893	1114	1311	1435	1577	1677	1797
CBRIG.CBG10957	120	204	257	366	492	718	827	897	1048	1245	1369	1511	1611	1731
CCAST.g15333.t1	129	260	369	486	609	900	1066	1185	1387	1629	1749
CDOUG.g13160.t1	120	198	251	360	480	706	815	1036	1233	1357	1499	1599	1719
CELEG.R173.3	120	198	251	360	480	600	706	815	885	1036	1233	1357	1499	1599	1719
CJAPO.CJA18046	120	198	251	360	480	600	706	815	885	1036	1155	1233	1357	1499	1599	1719
CKAMA.g3372.t1	120	198	251	360	528	648	754	807	958	1155	1279	1421	1521	1641
CLATE.FL83_00251-RA	120	198	251	360	603	723	829	938	1008	1159	1356	1480	1622	1722	1827
CMONO.g20007.t1	114	192	245	354	474	514	594	700	809	879	1030	1149	1227	1351	1493	1593	1713
CNOUR.g18954.t1	120	198	251	360	480	600	706	815	885	1036	1155	1233	1357	1499	1599	1719
CPLIC.g2491.t1	120	198	251	360	480	600	885	1036
CREMA.FL82_01557-RA	120	198	251	360	582	702	808	917	987	1138	1335	1459	1601	1701	1806
CSINI.Csp5_scaffold_00029.g1636.t1	120	198	251	360	480	586	695	765	916	1113	1237	1379	1454	1602
CSP21.g8071.t1	129	207	260	369	489	609	715	824	894	1045	1164	1242	1366	1508	1608	1728
CSP26.g18543.t1	120	198	251	360	480	600	706	815	885	1036	1233	1357	1499	1599	1719
CSP28.g13836.t1	120	198	251	360	480	586	765	916	1035	1113	1237	1379	1479	1599
CSP29.g4123.t1	30	83	192	298	407	477	628	747	825	949	1091	1191	1311
CSP31.g20623.t1	120	198	251	360	480	600	706	815	885	1036	1155	1233	1357	1499	1599
CSP32.g5602.t1	120	198	251	360	480	520	600	885	1036	1155	1233	1357	1499	1599	1719
CSP34.Sp34_X0198900.t1	120	198	251	360	480	600	706	815	885	1036	1233	1357	1499	1599	1719
CSP38.g10944.t1	126	257	366	483	597	882	1033	1152	1354	1596	1716
CSP39.g7710.t1	120	251	360	480	600	815	885	1036	1155	1233	1357	1499	1599	1719
CSP40.g2168.t1	120	198	251	360	480	600	706	815	885	1036	1233	1357	1499	1599	1719
CTROP.Csp11.Scaffold570.g4227.t2	120	191	300	420	540	646	755	825	976	1173	1297	1439	1539	1659
CVIRI.g790.t1	198	251	360	480	600	815	885	1036	1233	1357	1499	1719
DCORO.DCO_007057	153	284	390	550	630	736	845	930	1081	1200	1278	1399	1541	1641	1761
