CAFRA.g19069.t1	141	330	451	1002	1503
CANGA.Cang_2012_03_13_00435.g10819.t1	141	451	867	1503
CBREN.CBN19326	141	330	451	594	1002	1503
CBRIG.CBG11527	141	330	451	1002	1503
CCAST.g87.t1	141	451	867	1503
CDOUG.g9322.t1	141	330	451	1002	1503
CELEG.F53F4.5a	141	330	451	594	1002	1503
CJAPO.CJA06878	141	330	597	1248	1506
CKAMA.g2791.t1	97	249	438	559	1110	1353	1611	1790	2082	2172	2255	2361	2463	2550	2618
CLATE.FL83_03783-RA	141	330	451	594	1002	1503
CMONO.g5987.t1	141	330	451	594	680	794	867	1002	1113	1245	1311	1503
CNOUR.g20903.t1	141	330	451	1245	1503
CPLIC.g14389.t1	144	333	594	867	1002	1113	1503
CREMA.FL82_10901-RA	141	330	451	594	1002	1503
CSINI.Csp5_scaffold_00119.g4846.t1	141	330	451	594	1002	1503
CSP21.g4501.t1	141	252	330	451	594	680	794	867	1113	1311	1503
CSP26.g525.t1	141	330	451	594	1002	1503
CSP28.g14600.t1	141	330	451	1245	1503
CSP29.g19609.t1	141	330	451	1214	1494
CSP31.g12068.t1	330	451	594	867	1002	1245
CSP32.g12947.t1	141	330	451	1002	1503
CSP34.Sp34_50163400.t1	141	330	451	594	1002	1503
CSP38.g769.t1	141	330	451	1503
CSP39.g4914.t1	141	330	451	594	1503
CSP40.g7717.t1	141	330	451	594	1002	1503
CTROP.Csp11.Scaffold629.g14239.t1	141	330	451	594	1002	1503
CVIRI.g4262.t1	141	330	451	594	867	1113	1245	1503
DCORO.DCO_007571	69	202	402	523	666	752	939	1074	1185	1317	1383	1575
