CAFRA.g1780.t1	106	850	909
CANGA.Cang_2012_03_13_00037.g2073.t1	177	562
CBREN.CBN20020	106	522	634	859	918
CBRIG.CBG23701	220	436
CCAST.g14672.t1	177	562
CDOUG.g10785.t1	106	522	634	859	918
CELEG.Y39B6A.38	106	522	634	853	912
CJAPO.CJA00141b	100	470	604	832
CKAMA.g11292.t1	94	363	478	648
CLATE.FL83_16284-RA	106	540	652	868	927
CMONO.g3920.t2	106	195	290	381	508	579	625	749	883	1039	1138	1191
CNOUR.g1003.t1	106	195	461	768
CPLIC.g6692.t1	97	183	278	369	552	619	743	1081	1218
CREMA.FL82_22634-RA	106	540	652	868	927
CSINI.Csp5_scaffold_00997.g17411.t1	106	477	589	826	885
CSP21.g7978.t1	106	186	281	372	463	519	586	713	793	940	1024	1077
CSP26.g2380.t1	106	522	634	862	921
CSP28.g306.t1	12	278	418	594	855	959	1283
CSP29.g18382.t1	72	338	645	906	1010	1331
CSP31.g2213.t1	88	177	498	565	952	1089
CSP32.g9975.t1	106	844	903
CSP34.Sp34_50422000.t1	106	534	646	859	918
CSP38.g7527.t1	177	556	903	1128
CSP39.g7417.t1	20	142	231	497	680
CSP40.g3087.t1	106	531	643	886
CTROP.Csp11.Scaffold520.g2828.t1	100	531	643
CVIRI.g13.t1	192	287	558	625	1008	1111
DCORO.DCO_011221	192	287	378	493	745	890	1000	1123	1207
