CAFRA.g5414.t1	63	177	564
CANGA.Cang_2012_03_13_00120.g4901.t1	177	379
CBREN.CBN05262	66	180
CBRIG.CBG18902	66	180	567
CCAST.g7532.t1	177	379
CDOUG.g1504.t1	66	180	567
CELEG.K12B6.4	63	177	564
CJAPO.CJA15470	63	177	564
CKAMA.g11813.t1	63	177	564
CLATE.FL83_10751-RA	66	180	567
CMONO.g13139.t1	63	177	406	531
CNOUR.g5484.t1	180	567
CPLIC.g11066.t1	63	177	242	379	564
CREMA.FL82_18786-RA	66	180	567
CSINI.Csp5_scaffold_00057.g2837.t1	66	180	567
CSP21.g948.t1	165	220	405
CSP26.g13267.t1	66	180	567
CSP28.g6410.t1	180	567
CSP29.g20949.t1	180	567
CSP31.g11285.t1	66	180	382	567
CSP32.g9296.t1	63	177	564
CSP34.Sp34_50209900.t1	63	177	564
CSP38.g10111.t1	177	379
CSP39.g27997.t1	180
CSP40.g11729.t1	66	180	567
CTROP.Csp11.Scaffold630.g17563.t1	66	180	567
CVIRI.g374.t1	63	177	564
DCORO.DCO_020303	63	186	388	573
