CAFRA.g4514.t1	117	192	531	624	846	1002	1182	1310	1389	1647	1869	1980	2979	3089	3378	3612	3837
CANGA.Cang_2012_03_13_00086.g3911.t1	84	222	427	471	636	944	1281	1503	1614	1767	2217	2421
CBREN.CBN04360	102	177	519	612	834	984	1164	1289	1368	1470	1626	1848	1959	2640	2769	2952	3062	3351	3828
CBRIG.CBG01861	144	219	567	660	882	1032	1212	1337	1416	1518	1944	2055	2736	2904	3206	3495	3729	3933
CCAST.g13224.t1	84	222	531	696	1004	1341	1563	1674	2190	2679	2862	3312	3516
CDOUG.g16764.t1	102	177	519	612	834	981	1161	1286	1467	1623	1845	1956	2766	2955	3065	3354	3588	3792
CELEG.ZK54.2a.1	93	168	507	600	822	969	1149	1277	1356	1458	1614	1836	1947	2628	2757	2946	3056	3345	3579	3783
CJAPO.CJA08157	123	201	570	663	885	1032	1212	1340	1419	1677	1899	2010	2691	2820	3009	3119	3408	3846
CKAMA.g14718.t1	54	135	492	585	807	963	1143	1268	1347	1449	1605	1827	1938	2619	2748	2937	3047	3336	3570	3774
CLATE.FL83_01497-RA	102	177	522	615	993	1173	1635	1857	1968	2778	2967	3077	3366	3600	3804
CMONO.g2336.t1	174	330	435	540	651	749	846	1005	1167	1329	1458	1656	1766	1839	1936	2055	2166	2335	2457
CNOUR.g3752.t1	105	174	540	633	855	1011	1319	1398	1656	1878	1989	2799	2988	3098	3387	3621	3825
CPLIC.g12536.t1	90	321	537	1185	1446	1563	2682	2792	3081	3315	3519	3646
CREMA.FL82_21065-RA	99	174	519	612	990	1170	1632	1854	1965	2775	2964	3074	3363	3597	3801
CSINI.Csp5_scaffold_00648.g13988.t1	105	180	525	618	840	999	1179	1304	1383	1485	1641	1863	1974	2784	2976	3086	3375	3609	3813
CSP21.g13376.t1	26	111	249	342	470	558	711	790	891	1016	1095	1197	1353	1575	1881	2202	2493	2691	3090	3237	3406	3528
CSP26.g20305.t1	96	171	516	609	831	987	1167	1292	1473	1629	1851	1962	2772	2964	3074	3363	3801
CSP28.g3288.t1	57	423	516	891	1071	1199	1278	1536	1758	1869	2679	2868	2978	3267	3501	3705
CSP29.g4237.t1	111	180	546	639	861	1017	1325	1404	1662	1884	1995	2805	2994	3104	3393	3627	3831
CSP31.g14041.t1	90	228	321	537	888	1016	1095	1197	1353	1458	1575	1686	1881	2205	2694	2804	3079	3114	3201	3414
CSP32.g1758.t1	117	192	531	624	846	1002	1182	1310	1389	1647	1869	1980	2979	3089	3378	3612	3837
CSP34.Sp34_X0031100.t1	102	177	519	612	834	990	1170	1295	1374	1476	1632	1854	1965	2646	2775	2964	3074	3363	3597	3801
CSP38.g20599.t1	99	237	546	714	1022	1359	1581	1692	2208	2697	2883	3333	3537
CSP39.g6540.t1	84	162	528	621	843	996	1176	1304	1383	1641	1863	1974	2784	2973	3083	3372	3606	3810
CSP40.g20093.t1	108	183	528	621	843	999	1179	1304	1485	1641	1863	1974	2784	2976	3086	3375	3609	3813
CTROP.Csp11.Scaffold629.g13580.t1	93	168	510	603	825	972	1152	1277	1356	1458	1614	1836	2757	2946	3056	3345
CVIRI.g11979.t1	99	237	330	546	711	888	1095	1197	1458	1575	1686	1784	1881	2205	2367	2496	2694	2804	3093	3240	3531
DCORO.DCO_002995	60	246	384	477	605	693	858	1038	1166	1245	1347	1503	1608	1725	1836	1934	2031	2190	2352	2514	2643	2779	2841	3024	3121	3240	3387	3556	3678
