CAFRA.g15920.t1	123
CANGA.Cang_2012_03_13_00371.g9909.t1	129	272
CBREN.CBN00043	123	425
CBRIG.CBG12182	123	425
CCAST.g5038.t1	123	282	425
CDOUG.g20226.t1	123	425
CELEG.C43E11.9	123	425
CJAPO.CJA06846	123	425	504
CKAMA.g11025.t1	60	123	255	981	1077
CLATE.FL83_21922-RA	81	147	228	321	933	1428	1551	1853
CMONO.g11600.t1	123	282	425
CNOUR.g20527.t1	123
CPLIC.g2419.t1	123	282	425
CREMA.FL82_12802-RA	123	425
CSINI.Csp5_scaffold_02906.g28341.t1	123	425
CSP21.g12871.t1	123	282	425
CSP26.g14783.t1	123	425
CSP28.g13289.t1	123
CSP29.g16720.t1	123
CSP31.g7205.t1	214	508	746	915	1074	1197	1356	1499
CSP32.g13400.t1	123
CSP34.Sp34_10349200.t1	123	425
CSP38.g20087.t1	123	282	425
CSP39.g843.t1	123
CSP40.g16370.t1	84	153	240	333	1089	1524	1647	1949
CTROP.Csp11.Scaffold627.g6652.t1	123	425
CVIRI.g15320.t1	123	282	425
DCORO.DCO_021451	123	282	425
