CAFRA.g7880.t1	184	922
CANGA.Cang_2012_03_13_01353.g16291.t1	154	370	509	753
CBREN.CBN09173	205	676
CBRIG.CBG08973	205	688
CCAST.g19432.t1	18	98	169	484	727	919	1058	1302
CDOUG.g4760.t1	202	673	955
CELEG.C05D2.10b	208	685	958
CJAPO.CJA26442b	364
CKAMA.g18396.t1	202	673	952
CLATE.FL83_18523-RA	202	673	958
CMONO.g8899.t1	51	143	214	322	407	496	691	775	871	962	1032	1113	1206
CNOUR.g2608.t1	193	661	1073
CPLIC.g14447.t1	30	175	268	604	953	1104	1197
CREMA.FL82_16788-RA	202	673	958
CSINI.Csp5_scaffold_01708.g22651.t1	202	676	958
CSP21.g2572.t1	27	107	178	280	362	445	631	772	859	1068	1242
CSP26.g20740.t1	202	676	958
CSP28.g4896.t1	193	661	1076
CSP29.g2471.t1	193	661	1076
CSP31.g14117.t1	193	466	937	1076	1227	1320
CSP32.g15960.t1	190	919
CSP34.Sp34_30132300.t1	202	673
CSP38.g7284.t1	24	101	172	616	706	883	1022	1266
CSP39.g20274.t1	76	180	442	756	817	987	1055	1384	1542	1634	1837	2311
CSP40.g19697.t1	202	676	958
CTROP.Csp11.Scaffold626.g6364.t1	199	670	949
CVIRI.g5408.t1	30	71	142	247	409	607	667	841	980	1131
DCORO.DCO_009771	45	170	241	358	446	535	706	793	889	976	1113	1257	1362
