CAFRA.g19156.t1	155	185	369	546
CANGA.Cang_2012_03_13_00001.g55.t1	128	312	489	609	692	1229
CBREN.CBN04774	149	333	510	630	1146
CBRIG.CBG17684	161	345	522	927	1203
CCAST.g12253.t1	122	152	336	513	633	716	1253
CDOUG.g1696.t1	149	333	510	630	870	1146
CELEG.C33H5.18b	155	185	369	546	666	906	1182
CJAPO.CJA34009	155	188	549	1185
CKAMA.g18659.t1	155	339	516	636	876	1152
CLATE.FL83_19189-RA	152	336	513	648	888	1164	1258	1468	2093
CMONO.g3394.t1	143	179	266	363	461	540	660	743	900	1173	1277
CNOUR.g3453.t1	155	339	516	636	876	1152
CPLIC.g2257.t1	176	206	293	488	567	687	927	1076	1203
CREMA.FL82_02966-RA	152	336	513	633	873	1149	1243	1507	1684	2090
CSINI.Csp5_scaffold_00067.g3165.t1	158	342	519	639	879	1155
CSP21.g602.t1	95	131	315	413	492	612	695	852	1001	1128	1232
CSP26.g14938.t1	158	191	375	552	672	912	1188
CSP28.g13912.t1	155	339	516	636	876	1152
CSP29.g3276.t1	155	339	516	636	876	1152
CSP31.g3664.t1	164	251	348	525	645	885	1034	1161
CSP32.g14725.t1	155	185	369	546
CSP34.Sp34_40100900.t1	155	185	369	546	666	906	1182
CSP38.g16624.t1	122	158	342	519	639	722	879	1028	1259
CSP39.g5545.t1	155	339	516	636	876	1152
CSP40.g6593.t1	158	342	519	639	879	1155
CTROP.Csp11.Scaffold23.g121.t1	149	333	453	693	969
CVIRI.g1632.t1	140	170	354	531	651	734	891	1040	1271
DCORO.DCO_010465	102	164	200	290	387	485	564	684	767	924	1073	1200	1304
