CAFRA.g16997.t1	23	113	185	299	785	1041
CANGA.Cang_2012_03_13_00329.g9293.t1	11	104	544	727	818	997
CBREN.CBN22193	23	143	224	311	797	976	1053
CBRIG.CBG17217	23	122	203	296	782	961	1038
CCAST.g1639.t1	11	104	544	779	958
CDOUG.g6162.t1	23	125	206	302	788	967	1044
CELEG.R07E3.1a	23	125	191	287	773	952	1029
CJAPO.CJA08266	23	116	188	299	785	964	1041
CKAMA.g9267.t1	65	164	245	341	827	1006	1083
CLATE.FL83_01339-RA	23	125	203	299	785	964	1041
CMONO.g7156.t1	42	123	214	300	417	571	641	717	883	1079	1154	1274	1437	1525	1600	1760	1866	1942	2019
CNOUR.g3013.t1	23	125	197	308	794	973	1050
CPLIC.g13819.t1	11	92	266	429	517	592	861	1011
CREMA.FL82_17335-RA	23	122	200	296	782	961	1116
CSINI.Csp5_scaffold_00005.g341.t1	23	125	206	290	776	955	1032
CSP21.g9589.t1	32	302	465	791	1047
CSP26.g9712.t1	23	131	212	296	782	961	1038
CSP28.g12783.t1	23	122	194	305	791	970	1047
CSP29.g11973.t1	23	125	197	308	794	973	1050
CSP31.g25163.t1	128	197	544	885	958	1035
CSP32.g4010.t1	23	122	194	305	791	1047
CSP34.Sp34_X0070600.t1	23	122	191	296	782	961	1038
CSP38.g10878.t1	11	98	170	544	779	958
CSP39.g19582.t1	23	119	191	299	785	964	1041
CSP40.g3518.t1	23	125	206	290	776	955	1032
CTROP.Csp11.Scaffold629.g13727.t1	23	128	209	305	791	1047
CVIRI.g1007.t1	11	98	170	526	761	940	1017
DCORO.DCO_012741	74	296	456	610	773	879	952	1029
