CAFRA.g14194.t1	71	147	345	846	1105	1572	3995	4213	5362	5386	5840	6131	6715
CANGA.Cang_2012_03_13_00613.g12775.t1	71	348	546	1108	1367	1632	2115	2250	2621	3016	3681	4431	4753	4845	5498	5776	6085
CBREN.CBN31884	71	147	351	549	852	1350	1578	1989	2220	2570	3267	3858	4192	4572	5025	5133	5344	5798	6089	6673
CBRIG.CBG11852a	12	72	168	243	441	639	942	2223	2633	3314	4288	4476	4668	5121	5229	5452	5476	5930	6350	6418	6508	6904
CCAST.g4604.t1	71	348	546	1108	1367	1986	2469	2570	2760	2895	3266	3661	4326	5076	5398	5422	5514	6167	6442	6751
CDOUG.g2924.t1	300	559	798	1026	1437	1668	2018	2696	3336	3673	3861	4053	4506	4614	4828	5282	5573	6157
CELEG.F18C12.2a	71	147	348	546	849	1108	1575	1986	2567	3245	3885	4001	4219	4407	4599	5052	5160	5371	5395	5849	6140	6724
CJAPO.CJA04996	300	1026	1668	1917	2018	2690	3446	3664	3852	4497	4605	4813	5267	5558	6142
CKAMA.g12423.t1	71	147	345	543	846	1105	1344	1572	1983	2214	2463	3080	3720	3836	4054	4242	4434	4887	4995	5206	5538	5734	5951	6333	6535
CLATE.FL83_13120-RB	14	498	801	1060	1299	1491	1952	2390	3068	3708	4875	4983	5203	5227	5681	5972	6556
CMONO.g13769.t1	71	81	186	279	360	477	620	780	872	1039	1122	1197	1298	1448	1506	1594	1687	1731	1806	1896	2039	2124	2279	2373	2474	2664	2799	2907	3033	3140	3291	3426	3578	3648	3780	3896	4114	4302	4377	4578	4642	4833	4947	5055	5251	5275	5367	5467	5542	5874	6020	6117
CNOUR.g8544.t1	71	345	543	686	846	938	1572	1983	2214	2463	2564	3242	3882	3998	4216	4596	5049	5157	5365	5819	6110	6694
CPLIC.g7025.t1	71	348	429	689	849	941	1108	1266	1517	1821	1986	2463	2564	2997	3876	3992	4210	4590	4674	5043	5151	5356	5380	5472	5572	5647	5834	5979	6125	6400	6709
CREMA.FL82_08209-RA	98	576	879	1138	1272	1500	2054	2450	3128	3768	4881	4989	5203	5657	5948	6532
CSINI.Csp5_scaffold_00749.g15105.t1	71	147	336	534	837	1563	1719	2205	2555	3233	3351	3873	3989	4207	4587	5040	5148	5389	5843	6134	6480	6718
CSP21.g3513.t1	71	147	255	351	549	692	852	944	1111	1194	1370	1666	1824	1899	2135	2220	2375	2570	2760	2895	3003	3245	3416	3531	3683	3885	4001	4219	4599	4683	4747	4938	5052	5160	5368	5392	5484	5584	5659	5846	5991	6137	6342	6412	6721
CSP26.g12280.t1	71	147	345	543	846	1105	1344	1572	1728	1983	2214	2564	3242	3360	3882	4216	4404	4596	5049	5130	5353	5377	5831	6122	6468	6706
CSP28.g13550.t1	71	345	543	846	938	1105	1572	1983	2214	2463	2564	3242	3882	3947	4165	4353	4545	4998	5106	5311	5335	5789	6080
CSP29.g17543.t1	71	345	543	686	846	938	1572	1983	2214	2463	2564	3242	3882	3998	4216	4596	5049	5157	5365	5389	5843	6134	6718
CSP31.g17186.t1	10	150	357	555	698	858	950	1117	1526	1830	2378	2573	2763	3003	3248	3903	4019	4323	4425	4617	4701	5070	5178	5383	5407	5861	6006	6152	6556	6736
CSP32.g8220.t1	71	147	345	846	1105	1572	3995	4213	5365	5389	5843	6134	6718
CSP34.Sp34_10100100.t1	71	147	345	543	846	1105	1572	1983	2564	3242	3882	3998	4216	4404	4596	5157	5365	5819	6110	6694
CSP38.g7837.t1	71	147	348	546	1108	1367	1986	2132	2469	2570	2760	2895	3260	3655	4320	5067	5389	5413	5505	6012	6158	6433	6742
CSP39.g1828.t1	71	345	543	686	846	938	1105	1572	2463	2564	3242	3882	3998	4216	4596	5049	5157	5365	5819	6110	6694
CSP40.g12374.t1	71	147	345	543	846	1105	1344	1572	1728	1983	2564	3242	3360	3882	3998	4216	4404	4596	5049	5157	5386	5410	5864	6155	6501	6739
CTROP.Csp11.Scaffold630.g21427.t1	71	147	354	552	855	1581	2573	3891	4225	5058	5377	5401	5855	6146	6730
CVIRI.g4117.t1	71	147	348	546	849	1108	1367	1517	1663	1821	1986	2217	2567	2892	3000	3248	3888	4004	4222	4602	5163	5371	5395	5849	5994	6140	6415	6724
DCORO.DCO_002281	71	147	252	348	438	546	689	785	852	944	999	1111	1194	1373	1446	1581	1762	1992	2138	2375	2469	2570	2760	2895	3144	3248	3399	3534	3756	3888	4004	4222	4410	4485	4602	4686	4844	5055	5163	5250	5365	5457	5557	5632	5682	5819	5964	6110	6207	6315	6385	6514	6694
