CAFRA.g6716.t1	105	315	413
CANGA.Cang_2012_03_13_00302.g8845.t1	419
CBREN.CBN28667	99	309
CBRIG.CBG21269	108	318	416
CCAST.g5026.t1	419
CDOUG.g19313.t1	99	309	407
CELEG.D2096.2a	99	309	407
CJAPO.CJA15622	105	315	413
CKAMA.g4300.t1	93	303	401
CLATE.FL83_11691-RA	99	309	407
CMONO.g1809.t1	99	225	309	407	494
CNOUR.g12048.t1	105	315	413
CPLIC.g3823.t1	158	245
CREMA.FL82_03227-RA	99	309	407
CSINI.Csp5_scaffold_01514.g21405.t1	102	312	410
CSP21.g9881.t1	93	219	404	491
CSP26.g2806.t1	99	309	407
CSP28.g9206.t1	105	315	413
CSP29.g3586.t1	105	315	413
CSP31.g7977.t1	102	312	410	497
CSP32.g9050.t1	105	315	413
CSP34.Sp34_40064600.t1	93	303	401
CSP38.g18559.t1	428	515
CSP39.g26797.t1	105	315	413
CSP40.g2921.t1	99	309	407
CTROP.Csp11.Scaffold630.g17253.t1	99	309	407
CVIRI.g18159.t1	114	240	422	509
DCORO.DCO_020353	30	74	150	216	276	360	458	545
