CAFRA.g11691.t1	176	888
CANGA.Cang_2012_03_13_00684.g13414.t1	302	831	891
CBREN.CBN22178	176	888
CBRIG.CBG01827	176	888
CCAST.g2529.t1	302	831	891
CDOUG.g18081.t1	176	888
CELEG.C39E9.13	176	888
CJAPO.CJA14381	179
CKAMA.g4313.t1	176	888
CLATE.FL83_19435-RA	135	322	749	1081	1208	1920
CMONO.g16427.t1	75	179	302	400	582	651	834	894
CNOUR.g19845.t1	176	888
CPLIC.g260.t1	179	302	651	894
CREMA.FL82_03546-RA	176	888
CSINI.Csp5_scaffold_00041.g2195.t1	176	888
CSP21.g7764.t1	102	231	457	585	675	859	1146	1287	1428	1542	1780	1869	1996	2136	2250	2331	2397	2481	2585	2708	2806	2988	3057	3133	3240	3300
CSP26.g15246.t1	176	888
CSP28.g12097.t1	176	888
CSP29.g3013.t1	176	888
CSP31.g26729.t1	176	299	579	828	888
CSP32.g14401.t1	176	888
CSP34.Sp34_40145300.t1	176	888
CSP38.g5281.t1	302	651	831	891
CSP39.g8290.t1	176	888
CSP40.g2357.t1	176	888
CTROP.Csp11.Scaffold587.g4915.t1	176	888
CVIRI.g15431.t1	199	322	602	854	914
DCORO.DCO_014763	66	170	293	391	491	573	642	735	819	879	962
