CAFRA.g8170.t1	79	208	478	640	761	1002	1148	1295	1423
CANGA.Cang_2012_03_13_00273.g8269.t2	79	477	670	782	1080	1217
CBREN.CBN07197	190	460	610	972	1115	1274	1402
CBRIG.CBG16414	169	316	586	739	857	1119	1262	1427	1555
CCAST.g18742.t1	79	492	685	797	1098	1235	1321
CDOUG.g2246.t1	82	226	496	646	767	1011	1154	1313	1441
CELEG.C09G1.4	82	232	502	655	776	1020	1157	1319	1447
CJAPO.CJA16152	82	214	487	646	782	1023	1169	1349	1492
CKAMA.g13260.t1	82	232	514	661	782	1023	1166	1292	1420
CLATE.FL83_02399-RA	82	226	496	643	761	1008	1157	1310	1438
CMONO.g11096.t1	82	158	314	420	508	598	719	838	864	915	1049	1142	1261
CNOUR.g17377.t1	82	214	484	628	749	990	1139	1298	1426
CPLIC.g629.t1	88	193	532	650	834	897	1031	1154	1282
CREMA.FL82_18257-RA	82	226	496	640	758	1002	1145	1298
CSINI.Csp5_scaffold_00839.g15952.t1	82	229	499	646	764	1005	1148	1304	1432
CSP21.g9599.t1	73	149	245	351	439	548	714	777	890	983	1111
CSP26.g4247.t1	82	223	493	640	758	999	1142	1298	1426
CSP28.g8248.t1	82	223	418	577	698	933	1082	1295	1423
CSP29.g15459.t1	120	276	419	578	796	904	1036	1159	1300	1570	1714	1835	2076	2225	2384	2512
CSP31.g8669.t1	79	193	360	448	574	695	864	924	1061	1205	1333
CSP32.g13799.t1	82	211	481	637	758	999	1145	1292	1420
CSP34.Sp34_X0038800.t1	82	229	499	652	773	1017	1160	1316	1444
CSP38.g10286.t1	85	459	634	746	1026	1163	1459
CSP39.g7502.t1	76	211	490	655	1014	1163	1340	1468
CSP40.g11707.t1	82	229	499	646	764	1005	1148	1304	1432
CTROP.Csp11.Scaffold629.g13382.t1	82	226	496	646	767	1011	1154	1310	1438
CVIRI.g13134.t1	82	372	460	619	734	966	1100	1253	1381
DCORO.DCO_010863	79	221	375	490	649	788	849	1076	1189
