CAFRA.g8746.t1	131	251	375	456	611	696	801	945	1025	1097	1188	1338	1431	1536	1623	1749
CANGA.Cang_2012_03_13_00116.g4795.t2	131	251	336	441	585	665	737	828	978	1071	1176	1263	1398
CBREN.CBN12196	131	251	375	456	611	696	801	945	1025	1097	1386	1479	1584	1671	1797
CBRIG.CBG14655	131	251	375	456	611	696	801	945	1025	1097	1188	1338	1431	1536	1623	1749
CCAST.g11838.t1	131	251	375	456	611	696	801	945	1025	1097	1188	1338	1431	1536	1623	1758
CDOUG.g492.t1	131	251	375	456	611	696	801	945	1025	1097	1188	1338	1431	1536	1623	1749
CELEG.F32A6.2	131	251	375	456	611	696	801	945	1025	1097	1188	1338	1431	1536	1623	1749
CJAPO.CJA11346	134	254	378	459	614	699	804	948	1028	1100	1191	1341	1434	1539	1626	1752
CKAMA.g3245.t1	131	251	375	456	611	696	801	945	1025	1097	1188	1338	1431	1536	1623	1749
CLATE.FL83_00530-RA	131	251	375	456	611	696	801	945	1025	1097	1188	1338	1431	1536	1623	1749
CMONO.g12507.t1	131	251	375	456	611	696	801	945	1025	1116	1266	1359	1464	1551	1689
CNOUR.g773.t1	131	251	375	456	611	696	801	945	1025	1097	1188	1338	1431	1536	1623	1746
CPLIC.g10432.t1	131	251	375	629	714	819	963	1043	1134	1284	1377	1482	1569	1701
CREMA.FL82_01183-RA	131	251	375	456	611	696	801	945	1025	1097	1188	1338	1431	1536	1623	1749
CSINI.Csp5_scaffold_00012.g803.t1	140	260	384	465	620	705	810	951	1031	1103	1194	1344	1437	1542	1629	1755
CSP21.g13171.t1	125	245	369	450	605	690	795	939	1019	1091	1182	1332	1425	1530	1617	1755	1828
CSP26.g18233.t1	131	251	375	456	611	696	801	942	1022	1094	1185	1335	1428	1533	1620	1746
CSP28.g10486.t1	128	248	372	453	608	693	798	942	1022	1094	1185	1335	1428	1533	1620	1743
CSP29.g3883.t1	131	251	375	501	656	741	846	990	1070	1142	1233	1383	1476	1581	1668	1791
CSP31.g9047.t1	131	251	375	456	611	696	801	945	1022	1094	1185	1335	1428	1533	1620	1758
CSP32.g15860.t1	44	164	288	369	524	609	714	858	938	1010	1101	1251	1344	1449	1536	1662
CSP34.Sp34_X0241200.t1	131	251	375	456	611	696	801	945	1025	1097	1188	1338	1431	1536	1623	1749
CSP38.g10897.t1	131	251	375	456	611	696	801	945	1025	1097	1188	1338	1431	1536	1623	1761
CSP39.g21624.t1	44	164	288	369	524	609	714	858	938	1010	1101	1251	1344	1449	1536	1662
CSP40.g17679.t1	131	251	375	456	611	696	801	942	1022	1094	1185	1335	1428	1533	1620	1746
CTROP.Csp11.Scaffold527.g3099.t1	131	251	375	457	581	666	771	915	995	1067	1158	1308	1401	1506	1593	1719
CVIRI.g14840.t1	131	251	375	456	801	945	1025	1097	1338	1431	1536	1623	1761
DCORO.DCO_006677	131	251	375	456	611	696	801	945	1025	1188	1338	1428	1533	1620	1752	1839	1913
