CAFRA.g8007.t1	75	150	252	450	963
CANGA.Cang_2012_03_13_00976.g15190.t1	75	150	252	846	963
CBREN.CBN28898	75	150	252	450	764	846	963	1089	1383
CBRIG.CBG19286	75	150	252	450	960	1380
CCAST.g705.t1	75	150	252	846	963
CDOUG.g8406.t1	75	150	252	450	764	846	963	1089	1383
CELEG.K06A4.3	75	150	252	450	764	846	963	1089	1383
CJAPO.CJA16032	75	150	252	450	963	1089	1383
CKAMA.g7929.t1	75	150	258	456	770	852	969	1095	1389
CLATE.FL83_17951-RA	75	150	252	450	761	1086	1380
CMONO.g18222.t1	66	141	243	329	441	552	619	752	789	906	1032	1089	1200	1264	1326
CNOUR.g15634.t1	75	150	252	450	764	846	963	1383
CPLIC.g3687.t1	75	150	252	561	761	843	960	1254	1380
CREMA.FL82_19176-RB	75	150	252	450	764	963	1089	1383
CSINI.Csp5_scaffold_00030.g1663.t1	75	150	252	450	764	888	1014	1308
CSP21.g10095.t1	66	141	243	329	441	619	752	834	951	1077	1134	1309
CSP26.g15609.t1	75	150	252	450	764	963	1089	1383
CSP28.g5925.t1	75	150	255	453	767	849	966	1092	1386
CSP29.g18972.t1	75	150	252	435	749	831	948	1368
CSP31.g25498.t1	75	150	252	561	628	764	963	1089	1383
CSP32.g12377.t1	75	150	252	450	963
CSP34.Sp34_50247100.t1	78	153	255	453	767	846	963	1089	1383
CSP38.g9872.t1	75	150	252	846	963	1383
CSP39.g5884.t1	75	150	252	450	764	846	963	1089	1383
CSP40.g15940.t1	75	150	252	450	764	963	1089	1383
CTROP.Csp11.Scaffold629.g15742.t1	75	150	252	450	764	846	963	1089	1383
CVIRI.g14137.t1	75	252	628	764	846	1089	1146	1257	1383
DCORO.DCO_010307	81	156	191	258	344	456	567	767	1031	1146	1197	1257	1383
