CAFRA.g2422.t1	128
CANGA.Cang_2012_03_13_00099.g4313.t1	128	242	467
CBREN.CBN09561	128	363
CBRIG.CBG16676	128	363
CCAST.g5693.t1	128	242	467
CDOUG.g1382.t1	128	363
CELEG.D2007.4	128	363
CJAPO.CJA06262b	41	148	220	522	736	921	1055	1290
CKAMA.g6859.t1	128	355	504
CLATE.FL83_19660-RA	128	363
CMONO.g20016.t1	131	245	366	470
CNOUR.g1303.t1	128	363
CPLIC.g5885.t1	128	242	363	467
CREMA.FL82_10270-RA	128	363
CSINI.Csp5_scaffold_00014.g923.t1	128	378
CSP21.g8600.t1	128	242	363	467
CSP26.g10985.t1	128	363
CSP28.g4472.t1	128	363
CSP29.g3819.t1	128	363
CSP31.g8714.t1	128	242	363	467
CSP32.g1778.t1	128	363
CSP34.Sp34_30229300.t1	128	363
CSP38.g2265.t1	128	242	467
CSP39.g12097.t1	128	363
CSP40.g8203.t1	128	363
CTROP.Csp11.Scaffold552.g3638.t1	128	363
CVIRI.g9549.t1	128	242	363
DCORO.DCO_021489	131	245	366	470
