CAFRA.g2710.t2	131	408	846	986	1098	1211	1643	1724	1825	1924	2080	2202	2883
CANGA.Cang_2012_03_13_00454.g11042.t2	131	408	864	987	1239	1352	1409	1536	2023	2119	2328	2391
CBREN.CBN14503	131	408	816	956	1068	1172	1604	1685	1786	1882	2035	2157	2838
CBRIG.CBG06769	131	408	953	1065	1178	1610	1691	1792	1888	2047	2169	2850
CCAST.g19083.t1	131	408	717	840	1092	1205	1332	1819	1915	2062	2271
CDOUG.g20661.t1	131	408	953	1065	1169	1601	1682	1783	1879	2032	2154	2835
CELEG.C10G8.5a	131	408	813	947	1059	1163	1595	1676	1777	1873	2032	2154	2838
CJAPO.CJA10336b	131	408	840	1011	1089	1202	1634	1715	1816	1918	2040	2718
CKAMA.g6136.t1	131	408	816	956	1068	1181	1613	1694	1795	1891	2044	2166	2847
CLATE.FL83_03875-RA	131	408	816	956	1068	1181	1613	1694	1795	1891	2050	2172	2856
CMONO.g2027.t1	277	404	485	586	682	820	942	1351	1502
CNOUR.g19764.t1	131	408	843	983	1095	1208	1640	1721	1822	1918	2068	2190	2871
CPLIC.g8659.t2	131	214	370	717	816	956	1068	1181	1308	1694	1795	1885	2017	2142	2374	2820
CREMA.FL82_10991-RA	131	408	816	956	1068	1181	1613	1694	1795	1891	2050	2172	2856
CSINI.Csp5_scaffold_00047.g2457.t2	131	408	794	911	1023	1136	1568	1649	1750	1846	2098	2220	2904
CSP21.g2042.t2	131	408	572	950	1062	1175	1302	1607	1708	1807	1933	1977	2116	2218	2528	2664
CSP26.g8477.t2	131	408	953	1065	1178	1610	1691	1792	1888	2047	2169	2850
CSP28.g6261.t1	131	408	843	983	1095	1199	1631	1712	1813	1909	2059	2181	2862
CSP29.g19343.t1	131	321	756	896	1008	1121	1553	1634	1735	1831	1981	2103	2784
CSP31.g1641.t2	131	408	717	956	1068	1181	1613	1694	1795	1891	2044	2166	2853
CSP32.g17184.t1	131	408	843	983	1095	1208	1640	1721	1822	1918	2065	2187	2868
CSP34.Sp34_50192500.t1	131	408	816	956	1068	1172	1604	1685	1786	1882	2035	2157	2841
CSP38.g15253.t1	131	408	717	840	1092	1205	1332	1819	1915	2044	2253	2714
CSP39.g10474.t2	131	408	816	956	1068	1181	1613	1694	1795	1891	2041	2163	2844
CSP40.g24405.t1	131	408	953	1065	1178	1610	1691	1792	1888	2047	2169	2850
CTROP.Csp11.Scaffold629.g13180.t1	131	408	956	1068	1181	1613	1694	1795	1891	2044	2166	2847
CVIRI.g1507.t1	131	408	717	849	989	1101	1214	1646	1727	1828	1927	2062	2184	2425	2871
DCORO.DCO_003927	128	263	367	569	816	956	1068	1181	1311	1486	1613	1694	1795	1894	2053	2178	2278	2410	2569	2720	2856
