CAFRA.g16805.t1	371	1824	3497	3651
CANGA.Cang_2012_03_13_00419.g10598.t1	241	365	732	1176	1800	3212	3344	3488	3642
CBREN.CBN32138	353	551	717	1812	3506	3660
CBRIG.CBG06905	338	536	702	1800	2988	3485	3639
CCAST.g6868.t1	244	368	735	1179	1803	3227	3359	3503	3657
CDOUG.g20958.t1	371	569	735	1824	3527	3681
CELEG.F44E2.4	320	518	684	1782	3494	3648
CJAPO.CJA19234	362	1836	3566	3729
CKAMA.g11564.t1	353	551	717	1827	3512	3675
CLATE.FL83_07516-RA	365	563	786	1884	3599	3753
CMONO.g4586.t1	169	445	691	778	912	1066	1198	1281	1392	1501	1600	1735	1835	2015	2314	2413	2680	2749	2988	3120	3261	3394
CNOUR.g12962.t1	353	717	1809	3642
CPLIC.g6011.t1	353	459	551	717	999	1350	2587	3254	3395	3537
CREMA.FL82_20413-RA	365	563	729	1827	3536	3690
CSINI.Csp5_scaffold_00078.g3547.t1	368	566	732	1821	3530	3684
CSP21.g6472.t1	374	578	750	1029	1368	1502	1656	1788	1914	2016	2250	2350	2530	2660	2775	3068	3200	3341	3483
CSP26.g7819.t1	365	563	729	1821	3503	3657
CSP28.g12667.t1	359	557	723	1815	3503	3657	3837	3946	4277	4491	4617
CSP29.g2654.t1	353	717	1809	3642
CSP31.g2946.t1	283	407	2958	3227	3359	3500	3666
CSP32.g1188.t1	359	1812	3491	3645
CSP34.Sp34_30277400.t1	377	575	741	1842	3545	3699
CSP38.g15730.t1	247	371	572	738	1215	1839	2490	3356	3500	3654
CSP39.g9254.t1	362	560	726	1818	3506	3660
CSP40.g6804.t2	377	575	741	1833	3530	3684	3864	4104	4304	4644
CTROP.Csp11.Scaffold630.g19616.t1	320	684	1755	2325
CVIRI.g9826.t1	214	338	536	1152	1359	1779	3000	3624
DCORO.DCO_002643	158	316	467	576	740	864	1023	1209	1326	1473	1560	1694	1848	1980	2087	2201	2310	2409	2544	2644	2763	2973	3123	3270	3387	3546	3723	3839	3971	4112	4254
