CAFRA.g12077.t1	59	294
CANGA.Cang_2012_03_13_00026.g1560.t1	149
CBREN.CBN18182	59	300
CBRIG.CBG23430	
CCAST.g16836.t1	192	356
CDOUG.g4189.t1	59	297
CELEG.F55C5.11	59	288
CJAPO.CJA14382	59	288
CKAMA.g4437.t1	59	294
CLATE.FL83_13022-RA	59	294
CMONO.g890.t1	429	581	657	738	906
CNOUR.g1639.t1	243
CPLIC.g12072.t1	46	164	263	372	469	566	657
CREMA.FL82_11231-RA	59	294
CSINI.Csp5_scaffold_00035.g1945.t2	170
CSP21.g5576.t1	78	201	299	471	635	740	897
CSP26.g5075.t1	59	297
CSP28.g11239.t1	279
CSP29.g12556.t1	198
CSP31.g10168.t1	62	188	282	452
CSP32.g14036.t1	59	279
CSP34.Sp34_50128800.t1	59	297
CSP38.g6080.t1	204	368
CSP39.g8239.t1	303
CSP40.g18147.t1	59	291
CTROP.Csp11.Scaffold629.g10417.t2	59
CVIRI.g8602.t1	68	243	416	537
DCORO.DCO_011497	24	144	273	401	454	729	893	981	1101	1278
