CAFRA.g4375.t1	75	215	918	1033	1103	1222	1372	1423	1492	1681	1770
CANGA.Cang_2012_03_13_00160.g5922.t1	134	675	837	952	1022	1141	1291	1351	1609
CBREN.CBN09948	78	218	759	921	1036	1106	1225	1375	1426	1495	1684	1773
CBRIG.CBG10925	66	206	747	909	1024	1094	1213	1252	1402	1453	1522	1711	1800
CCAST.g3225.t1	84	224	765	927	1042	1112	1231	1381	1441	1699
CDOUG.g4673.t1	78	218	759	921	1036	1106	1225	1375	1426	1495	1684	1773
CELEG.F41C6.1.1	78	218	759	921	1036	1106	1225	1375	1426	1495	1684	1773
CJAPO.CJA00610	75	215	756	918	1033	1103	1222	1372	1423	1681	1770
CKAMA.g3358.t1	72	212	753	915	1030	1100	1219	1369	1420	1489	1678	1767
CLATE.FL83_00273-RA	78	218	759	921	1036	1106	1225	1375	1426	1495	1684	1773
CMONO.g15099.t1	93	198	338	708	879	1041	1156	1226	1345	1495	1543	1612	1801	1890
CNOUR.g18936.t1	75	215	756	918	1033	1103	1222	1372	1423	1492	1681	1770
CPLIC.g7763.t1	78	218	759	921	1036	1106	1225	1375	1423	1492	1681
CREMA.FL82_01582-RA	78	218	759	921	1036	1106	1225	1375	1426	1495	1684	1773
CSINI.Csp5_scaffold_00707.g14621.t2	78	218	759	921	1036	1106	1300	1450	1501	1570	1759	1848
CSP21.g10853.t1	66	206	576	747	906	1021	1091	1210	1360	1408	1477	1666	1755
CSP26.g21093.t1	78	218	759	921	1036	1106	1225	1375	1426	1495	1684	1773
CSP28.g13853.t1	3	147	287	828	990	1105	1175	1294	1444	1495	1753	1842
CSP29.g4107.t1	75	215	756	918	1033	1103	1222	1372	1423	1492	1681	1770
CSP31.g20643.t1	66	206	747	909	1024	1094	1213	1363	1414	1483	1672	1761
CSP32.g9212.t1	75	215	918	1033	1103	1222	1372	1423	1492	1681	1770
CSP34.Sp34_X0196500.t1	78	218	759	921	1036	1106	1225	1375	1426	1495	1684	1773
CSP38.g10840.t1	78	218	759	921	1036	1106	1225	1375	1432	1501	1690	1779
CSP39.g375.t1	75	215	756	918	1033	1103	1222	1372	1423	1681	1770
CSP40.g10862.t1	78	218	759	921	1036	1106	1225	1375	1426	1495	1684	1773
CTROP.Csp11.Scaffold570.g4243.t1	78	218	759	921	1036	1106	1225	1375	1426	1495	1684	1773
CVIRI.g11208.t1	66	206	576	909	1024	1094	1213	1363	1414	1483	1672	1761
DCORO.DCO_007245	203	347	573	747	927	1042	1112	1231	1381	1420	1489	1684
