CAFRA.g1001.t1	273	784
CANGA.Cang_2012_03_13_00566.g12305.t1	168
CBREN.CBN14553	270	374	781
CBRIG.CBG06566	270	374	781
CCAST.g16107.t1	273	784
CDOUG.g20389.t1	273	377	784
CELEG.R09B5.6	273	377	784
CJAPO.CJA22799	279	383	790
CKAMA.g1019.t1	273	377	784
CLATE.FL83_08356-RA	273	377	784
CMONO.g10232.t1	90	222	282	386	603	706	793
CNOUR.g2216.t1	273	377	784
CPLIC.g7762.t1	90	222	282	793
CREMA.FL82_13259-RA	273	377	784
CSINI.Csp5_scaffold_01191.g19115.t1	273	784
CSP21.g12959.t1	81	213	377	697	784
CSP26.g5959.t1	273	784
CSP28.g7841.t1	273	784
CSP29.g342.t1	245	652
CSP31.g10462.t1	216	276	380	787
CSP32.g15068.t1	273	784
CSP34.Sp34_50046810.t1	267	371	778
CSP38.g669.t1	273	377	784
CSP39.g23845.t1	142	246
CSP40.g24090.t1	273	784
CTROP.Csp11.Scaffold629.g11421.t1	276	380	787
CVIRI.g4525.t1	261	365	772
DCORO.DCO_016305	108	246	410	627	730	817
