CAFRA.g11813.t1	232	331	474	654	735	783
CANGA.Cang_2012_03_13_00105.g4460.t1	96
CBREN.CBN09298	21	120
CBRIG.CBG16352	232	331	474	546	654	849
CCAST.g13803.t1	232	331	483	555	663	744	792	891
CDOUG.g2200.t1	223	322	465	537	645	726	774	873
CELEG.K08B5.1	232	331	474	546	654	735	783	882
CJAPO.CJA06867b	232	331	474	546	735	783	882
CKAMA.g6343.t1	58	157	300	372	480	528	627
CLATE.FL83_02356-RA	232	331	474	546	654	735	783	882
CMONO.g17985.t1	18	169	268	420	492	600	681	729	828	1067
CNOUR.g21091.t1	232	331	474	654	735	783	882
CPLIC.g2991.t1	232	331	483
CREMA.FL82_15506-RA	232	331	474	546	654	735	783	882
CSINI.Csp5_scaffold_00001.g65.t2	232	331	474	546	654	735	783	882
CSP21.g12831.t1	109	208	360	432	540	621	669	768
CSP26.g19743.t1	232	331	474	546	654	735	783	882
CSP28.g8314.t1	232	331	474	654	735	783
CSP29.g15394.t1	14	253	352	495	675	756	804	903
CSP31.g24543.t1	232	331	483	555	663	744	792	891
CSP32.g13812.t1	232	331	474	654	735	783
CSP34.Sp34_X0043700.t1	232	331	474	546	654	735	783	882
CSP38.g10446.t1	232	331	480	552	660	741	789	888
CSP39.g13383.t1	232	331	474	654	735	783	882
CSP40.g10943.t1	232	331	474	546	654	735	783	882
CTROP.Csp11.Scaffold629.g13329.t3	232	331	474	582	663	711
CVIRI.g2749.t1	241	340	489	561	669	756	804	903
DCORO.DCO_014461	7	114	256	355	507	579	690	786	885	957
