CAFRA.g10384.t1	96	224	387
CANGA.Cang_2012_03_13_00121.g4944.t1	108
CBREN.CBN01436	93	221	378
CBRIG.CBG02502	93	227	384
CCAST.g10975.t1	108	236	393
CDOUG.g24537.t1	96	224	384
CELEG.K05F1.10	93	230
CJAPO.CJA08134	96
CKAMA.g1586.t1	93	221	387
CLATE.FL83_04414-RA	93	227	387
CMONO.g8623.t1	47	180	308	462
CNOUR.g6086.t1	93	230	387
CPLIC.g10068.t1	90	221	381
CREMA.FL82_12040-RA	126	260	420
CSINI.Csp5_scaffold_00875.g16352.t1	18	144	278	435
CSP21.g8892.t1	93	221	375
CSP26.g5510.t1	93	227	384
CSP28.g14501.t1	93	390
CSP29.g1130.t1	93	230	387
CSP31.g22120.t1	96	230	390
CSP32.g11302.t1	102	230	393
CSP34.Sp34_20116800.t1	93	230	393
CSP38.g21455.t1	120	248	405
CSP39.g5810.t1	93	230	387
CSP40.g7051.t1	93	227	384
CTROP.Csp11.Scaffold630.g19417.t1	93	221	378
CVIRI.g17080.t1	111	248
DCORO.DCO_021963	105	233	384
