CAFRA.g18633.t1	96	367	506
CANGA.Cang_2012_03_13_00008.g688.t1	87	364
CBREN.CBN05688	361	518
CBRIG.CBG07781	99	373	524
CCAST.g1187.t1	87	364
CDOUG.g8780.t1	111	385	524
CELEG.F46G10.6	93	367	512
CJAPO.CJA15946	99	373	515
CKAMA.g9652.t1	32	132	406	521
CLATE.FL83_01844-RA	108	560
CMONO.g8191.t1	72	222	346	500
CNOUR.g13888.t1	379	542
CPLIC.g10973.t1	87	361	536
CREMA.FL82_02422-RA	108	560
CSINI.Csp5_scaffold_00151.g5732.t2	104	219	493	632
CSP21.g11999.t1	54	328	479
CSP26.g13372.t1	99	373	494
CSP28.g13745.t1	400	611
CSP29.g8443.t1	130	541	698
CSP31.g11138.t1	105	379	500
CSP32.g11837.t1	96	367	506
CSP34.Sp34_X0128100.t1	139	252	526	695
CSP38.g3516.t1	84	358
CSP39.g27619.t1	99	373	545
CSP40.g8937.t1	99	373	497
CTROP.Csp11.Scaffold629.g11110.t2	105	312	586	761
CVIRI.g5868.t1	391
DCORO.DCO_017935	88	225	372	632
