CAFRA.g2747.t1	32	438	651
CANGA.Cang_2012_03_13_00096.g4238.t1	44	131	363	486	576
CBREN.CBN03523	32	227	408	531	621
CBRIG.CBG24152	41	296	534	657	747
CCAST.g9426.t1	56	143	402	525	615
CDOUG.g6714.t1	35	251	477	600	690
CELEG.T20H4.2	38	230	438	561	651
CJAPO.CJA07085b	213	400	655	1111	1255
CKAMA.g7364.t1	38	240	363	453
CLATE.FL83_21683-RA	35	275	480	603	693
CMONO.g9603.t1	150	229	362	699	762	843	912
CNOUR.g12988.t1	32	218	405	528	618
CPLIC.g4119.t1	65	362	678	801	891
CREMA.FL82_16365-RA	35	275	474	597	687
CSINI.Csp5_scaffold_00463.g11708.t1	41	314	552	765
CSP21.g10958.t1	20	437	747	816
CSP26.g6896.t1	118	510	723
CSP28.g4808.t1	38	227	540
CSP29.g2635.t1	35	227	414	537	627
CSP31.g3005.t1	23	227	444	567	657
CSP32.g1214.t1	35	456	669
CSP34.Sp34_30284900.t1	32	224	301	405	528	618
CSP38.g2398.t1	56	522	612
CSP39.g1210.t1	35	233	420	543	633
CSP40.g1459.t1	41	329	555	678	768
CTROP.Csp11.Scaffold630.g19583.t1	41	402	522	612
CVIRI.g10092.t1	50	191	591	681
DCORO.DCO_022913	35	138	201	282	351
