CAFRA.g15308.t1	156	358	896	1113
CANGA.Cang_2012_03_13_00640.g13045.t1	156	349	881	1098
CBREN.CBN26122	171	370	804	902	1119
CBRIG.CBG12154	168	358	447	792	890	1107
CCAST.g11335.t1	144	337	869	1086
CDOUG.g8674.t1	168	367	801	899	1116
CELEG.Y40B10A.9a	165	364	798	896	1113
CJAPO.CJA17344	168	367	911	1128
CKAMA.g3691.t1	147	346	780	878	1095
CLATE.FL83_05365-RA	162	337	771	869	1086	1240
CMONO.g10357.t1	183	376	512	591	741	810	908	1016	1125
CNOUR.g20608.t1	171	370	506	804	902	1119
CPLIC.g13310.t1	198	391	527	606	825	1031	1140
CREMA.FL82_13453-RA	162	337	771	869	1086
CSINI.Csp5_scaffold_00577.g13097.t1	162	361	450	795	893	1110
CSP21.g7773.t1	66	395	543	693	791	1005
CSP26.g5937.t1	159	358	447	792	890	1107
CSP28.g6213.t1	9	208	344	642	740	957
CSP29.g19283.t1	238	374	672	770	987
CSP31.g2553.t1	156	352	567	884	992	1101
CSP32.g16382.t1	141	337	777	875	1092
CSP34.Sp34_50092700.t1	165	364	798	896	1113
CSP38.g12442.t1	183	379	911	1128
CSP39.g11001.t1	174	373	509	807	905	962
CSP40.g16914.t1	159	358	447	792	890	1107
CTROP.Csp11.Scaffold629.g13018.t1	75	274	866	1083
CVIRI.g13492.t1	150	343	558	777	875	983	1092
DCORO.DCO_010455	288	382	481	617	696	846	1013	1121	1230
