CAFRA.g3101.t1	103	1045	1342	2770	2921	3312	3588
CANGA.Cang_2012_03_13_00267.g8154.t1	91	1666	1730	2468	3003
CBREN.CBN29566	103	1132	1219	1540
CBRIG.CBG22772	103	1252	1330	1542	2866	3017	3438
CCAST.g13185.t1	91	1819	1883	2708	3243
CDOUG.g3574.t1	100	703	826	955	1219	1376	1899
CELEG.F16F9.2	103	1081	1150	1429	2986	3137	3612
CJAPO.CJA03396	109	916	1162	3570	3855
CKAMA.g13141.t1	97	1081	1174	1444	2923	3255	3540
CLATE.FL83_02022-RA	103	1174	1237	1492	2887	3035	3425
CMONO.g10947.t1	103	271	373	574	672	754	808	893	998	1158	1257	1338	1491	1577
CNOUR.g11415.t1	103	1015	2822	2982	3261
CPLIC.g8535.t1	568	677	3067	3131	3242	3396	3492	3687
CREMA.FL82_02187-RA	103	1177	1237	1492	2896	3044	3498
CSINI.Csp5_scaffold_00097.g4176.t1	97	1201	1288	1531	2923	3074	3498
CSP21.g3487.t1	100	316	2605	2654	3238	3335	3431	3579	3675	3756	3864
CSP26.g716.t1	97	1222	1288	1519	2800	2951	3375
CSP28.g10120.t1	103	985	1336	2710	3333
CSP29.g7662.t1	103	322	472	1432	1802	2013	2304
CSP31.g19045.t1	100	1918	2117	2864	2945	3123	3408
CSP32.g16896.t1	103	1048	1120	1372	3127	3278	3498	3774
CSP34.Sp34_X0165100.t1	103	1123	1195	1456	4024	4178	4644
CSP38.g1649.t1	100	1756	1820	2882	3420
CSP39.g16266.t1	103	313	412	760	1795	1943	2157	2442
CSP40.g2620.t1	97	1180	1246	1621	2833	2984	3408
CTROP.Csp11.Scaffold629.g11011.t1	97	1157	1198	2800	2954	3408
CVIRI.g4939.t2	97	949	2353	2557	2701	2771	3262	3394	3461	3699	3984	4070
DCORO.DCO_025515	75	172	333	405	2056	2116	2176	2236	2305	2432	2559	2764	2893	3023	3125	3195	3330	3474	3600	3686
