CAFRA.g4483.t1	105	236	623	818
CANGA.Cang_2012_03_13_00159.g5898.t1	79	234	365	554	938
CBREN.CBN00887	66	265	420	551	938	1127	1276
CBRIG.CBG16701	66	265	420	551	938	1127	1276
CCAST.g11991.t1	72	271	426	557	691	941	1130	1279
CDOUG.g250.t1	66	265	420	551	938	1127	1276
CELEG.F48E3.2	66	265	420	551	938	1127	1276
CJAPO.CJA01104a	199	354	485
CKAMA.g3436.t1	102	209	336	481	597	687	738	827	906	1105	1260	1391	1778	1967	2116
CLATE.FL83_00168-RA	66	265	420	551	938	1127	1276
CMONO.g3150.t1	81	171	219	308	402	601	756	887	1018	1138	1265	1454	1603
CNOUR.g4742.t1	69	268	423	554	941	1130	1279
CPLIC.g6535.t1	66	265	420	551	685	938	1127	1276
CREMA.FL82_01458-RA	66	223	378	509	896	1085	1234
CSINI.Csp5_scaffold_00158.g5887.t1	66	265	420	551	938	1127	1276
CSP21.g5892.t1	63	262	417	548	679	799	926	1115	1264
CSP26.g11415.t1	199	354	485	872	1061	1210
CSP28.g3326.t1	199	354	485	872	1061	1210
CSP29.g4203.t1	99	206	478	687	750	881	1268	1457	1606
CSP31.g20526.t1	72	265	420	551	685	938	1127	1276
CSP32.g1725.t1	72	271	426	557	944	1133	1282
CSP34.Sp34_X0205900.t1	84	283	438	569	956	1145	1294
CSP38.g6108.t1	57	256	411	676	926	1115	1264
CSP39.g4809.t1	66	265	420	551	938	1127	1276
CSP40.g15388.t1	66	265	420	551	938	1127	1276
CTROP.Csp11.Scaffold629.g12455.t1	121	276	407	794	983	1132
CVIRI.g1940.t1	66	265	420	551	685	938	1276
DCORO.DCO_008233	70	145	240	353	439	594	725	856	988	1115	1304	1339	1453	1639
