CAFRA.g3659.t1	200	321	423	634	825
CANGA.Cang_2012_03_13_00367.g9843.t2	126	260	483	885
CBREN.CBN21328	218	441	652	843
CBRIG.CBG03169	218	441	652	843
CCAST.g8701.t1	233	456	858
CDOUG.g24810.t1	215	438	649	840
CELEG.F07H5.2	215	438	649	840
CJAPO.CJA17953b	212	333	435	646	837
CKAMA.g1718.t1	209	432	643	834
CLATE.FL83_09324-RA	215	438	649	840
CMONO.g6480.t1	188	309	411	540	622	695	849
CNOUR.g5931.t1	209	330	432	643	834
CPLIC.g11801.t1	7	74	195	297	508
CREMA.FL82_05490-RA	215	438	649	840
CSINI.Csp5_scaffold_00010.g686.t1	215	438	649	840
CSP21.g7559.t1	134	212	333	435	564	646	719	837
CSP26.g15005.t1	215	438	649	844
CSP28.g1954.t1	212	333	435	646	837
CSP29.g8297.t1	209	330	432	643	834
CSP31.g16898.t1	360	462	673	746	864
CSP32.g9414.t1	212	333	435	646	837
CSP34.Sp34_20315800.t1	221	444	655	846
CSP38.g19488.t1	242	465	676	749	867
CSP39.g6848.t1	212	333	435	646	837	901
CSP40.g22406.t1	212	435	646	837
CTROP.Csp11.Scaffold629.g7710.t1	215	438	649	840
CVIRI.g4685.t1	233	354	456	667	740	858
DCORO.DCO_016457	137	258	307	489	571	644	762
