CAFRA.g13850.t1	87	153	267
CANGA.Cang_2012_03_13_00221.g7316.t1	87	267
CBREN.CBN00799	87	267
CBRIG.CBG14467	87	267
CCAST.g14299.t1	87	267
CDOUG.g118.t1	87	267
CELEG.F02E8.3	87	267
CJAPO.CJA12130	87	153	267
CKAMA.g3134.t1	87	267
CLATE.FL83_00669-RA	87	267
CMONO.g5296.t1	87	153	267
CNOUR.g4327.t1	87	153	267
CPLIC.g4512.t1	87	153	267	327
CREMA.FL82_01022-RA	87	267
CSINI.Csp5_scaffold_00002.g155.t1	87	267
CSP21.g10199.t1	87	267	327
CSP26.g9648.t1	87	267
CSP28.g9859.t1	87	153	267
CSP29.g11494.t1	87	153	267
CSP31.g8904.t1	87	267
CSP32.g8448.t1	87	153	267
CSP34.Sp34_X0256300.t1	87	267
CSP38.g22276.t1	87	267
CSP39.g26655.t1	87	153	267
CSP40.g12467.t1	87	267
CTROP.Csp11.Scaffold622.g6248.t1	87	267
CVIRI.g2445.t1	87	267
DCORO.DCO_023757	27	93	207	267
