CAFRA.g15793.t1	93	265	512	646	792	884	991	1122
CANGA.Cang_2012_03_13_00087.g3926.t1	822	957
CBREN.CBN14582	789	881	988	1119
CBRIG.CBG09381	783	875	982	1113
CCAST.g2683.t1	816	1146
CDOUG.g1880.t1	786	878	985	1116
CELEG.T05C3.5	801	893	1131
CJAPO.CJA09310	90	259	506	640	786	878	1116
CKAMA.g1079.t1	792	884	991	1122
CLATE.FL83_12037-RA	792	884	1122
CMONO.g5397.t1	108	168	280	395	518	652	798	890	997	1188
CNOUR.g13170.t1	93	262	512	646	792	884	991	1122
CPLIC.g3642.t1	87	256	491	625	771	863	970	1092
CREMA.FL82_20365-RA	373	449	687
CSINI.Csp5_scaffold_00402.g10812.t1	783	875	982	1113
CSP21.g3857.t1	87	253	374	625	702	863	970	1101
CSP26.g8896.t1	58	846	938	1045	1176
CSP28.g84.t1	90	256	509	643	789	881	988	1119
CSP29.g2157.t1	93	262	512	646	792	884	991	1122
CSP31.g17994.t1	93	259	485	619	696	765	857	964	1095
CSP32.g6534.t1	93	265	509	643	789	881	988	1119
CSP34.Sp34_50195100.t1	58	846	938	1045	1176
CSP38.g8258.t1	667	813	1012	1143
CSP39.g8422.t1	90	259	509	643	670	738	830	937	1068
CSP40.g24642.t1	58	843	935	1042	1173
CTROP.Csp11.Scaffold629.g16174.t1	783	875	982	1113
CVIRI.g4847.t1	93	259	395	798	890	997	1128
DCORO.DCO_011679	114	174	277	386	506	640	786	878	985	1116	1182
