CAFRA.g10818.t1	55	159	300	432	862
CANGA.Cang_2012_03_13_00042.g2266.t1	64	171	619
CBREN.CBN00009	55	159	300	450	880
CBRIG.CBG09724	55	159	300	450	880
CCAST.g10149.t1	64	171	312	892
CDOUG.g19086.t1	55	159	300	450	880
CELEG.F32D8.1	55	159	300	450	880
CJAPO.CJA15918a	55	159	300	450	880
CKAMA.g681.t1	45	186	336	766
CLATE.FL83_12193-RA	55	159	300	450	880
CMONO.g5360.t1	70	177	318	549	742	904
CNOUR.g20667.t1	55	159	300	450	880
CPLIC.g3526.t1	45	186	411	604
CREMA.FL82_09188-RA	130	223	327	468	600	1030
CSINI.Csp5_scaffold_00917.g16738.t3	55	162	303	453	883
CSP21.g5864.t1	57	250	412
CSP26.g10354.t1	55	159	300	450	880
CSP28.g6163.t1	55	159	300	450	880
CSP29.g19232.t1	55	159	300	450	880
CSP31.g17879.t1	150	291	441	516	871
CSP32.g5153.t1	55	162	303	453	883
CSP34.Sp34_50302000.t1	55	159	300	450	880
CSP38.g15720.t1	61	168	309	889
CSP39.g4771.t1	55	159	300	450	880
CSP40.g1554.t1	55	162	303	453	883
CTROP.Csp11.Scaffold629.g11239.t3	111	252	402	832
CVIRI.g6759.t1	159	300	450	525	880
DCORO.DCO_015479	67	162	303	453	721	883
