CAFRA.g18503.t1	61	144	1041	1404	1498	2034
CANGA.Cang_2012_03_13_00734.g13774.t1	858	963	1383	1434	1855	2208
CBREN.CBN07911	58	141	258	669	837	1038	1389	1480	1663	2004
CBRIG.CBG01615	61	144	261	840	1041	1389	1483	1675	2025
CCAST.g14958.t1	858	1257	1705	2058
CDOUG.g3620.t1	61	144	261	672	840	1041	1389	1480	1663	2013
CELEG.W03G1.6c	61	144	261	672	840	1041	1404	1498	1681	2031
CJAPO.CJA19481	63	231	432	801	892	1081	1428
CKAMA.g9990.t1	114	200	325	542	852	1155	1353	1663	1836	1909	2001	2124	2417	2528	2609	2780	2882	2979	3170	3278	3340	3423	3540	3951	4119	4320	4680	4771	4960	5310
CLATE.FL83_16348-RA	61	144	555	741	942	1299	1390	1573	1923
CMONO.g1484.t1	67	150	267	321	411	552	675	744	843	927	1106	1302	1420	1476	1573	1983	2178
CNOUR.g3562.t1	61	144	261	672	840	1041	1395	1486	1928	2013
CPLIC.g11863.t1	61	144	315	405	549	672	840	1038	1218	1447	1624	1782	1886
CREMA.FL82_03382-RA	61	144	261	672	858	1059	1416	1507	1690	2040
CSINI.Csp5_scaffold_01155.g18838.t1	61	144	261	840	1041	1398	1489	1672	2013
CSP21.g4070.t1	61	144	261	315	405	546	669	738	837	921	1221	1432	1773	1877	1965
CSP26.g11759.t1	61	144	261	840	1041	1398	1492	1675	2025
CSP28.g14294.t1	61	144	261	672	840	1041	1401	1492	1931	2016
CSP29.g3173.t1	40	213	286	501	797	908	989	1160	1262	1359	1550	1763	1825	1908	2025	2436	2604	2805	3162	3253	3701	3786
CSP31.g12720.t2	61	144	261	684	852	1053	1360	1422	1525	1857	1961	2046
CSP32.g604.t1	61	144	1041	1404	1501	2031
CSP34.Sp34_40114810.t1	61	144	261	672	840	1041	1398	1489	1672	2013
CSP38.g873.t1	76	276	855	1251	1401	1681	1842	1946	2031
CSP39.g9362.t1	58	141	258	669	837	1038	1395	1486	1919	2004
CSP40.g12960.t2	61	144	261	672	840	1041	1392	1483	1669	2019
CTROP.Csp11.Scaffold629.g7572.t1	61	144	261	672	840	1041	1386	1477	1660
CVIRI.g13241.t1	61	144	261	315	405	840	1377	1824	1928	2013
DCORO.DCO_005341	76	159	216	276	420	567	759	858	1047	1211	1302	1539	1648	1745	1917	2019	2123	2211
