CAFRA.g18220.t1	159	231	340	418	496	648	793	918	1109	1360	1458	1585	1896
CANGA.Cang_2012_03_13_00230.g7470.t1	428	1129	1449
CBREN.CBN17931	159	242	322	400	552	697	822	1013	1264	1362	1495
CBRIG.CBG14767	159	391	466	741	1011	1202	1457	1555	1693
CCAST.g6433.t1	159	337	415	481	633	1094	1585	1905
CDOUG.g5555.t1	138	283	408	599	850	948	1081	1398
CELEG.F49E10.5a	159	231	340	418	496	648	793	918	1109	1360	1458	1585
CJAPO.CJA08467c	55	130	282	427	552	743	988	1086	1213
CKAMA.g3566.t1	159	231	340	418	496	648	793	918	1109	1360	1458	1585	1896
CLATE.FL83_00450-RA	159	231	340	418	496	648	793	918	1109	1360	1458	1585	1896
CMONO.g4157.t1	70	142	288	433	558	749	909	1000	1098	1237	1353	1476
CNOUR.g13230.t1	159	231	340	421	502	654	799	924	1115	1366	1464	1591	1908
CPLIC.g5035.t1	109	393	538	854	1014	1105	1203	1659
CREMA.FL82_01799-RA	159	231	340	418	496	648	793	918	1109	1360	1458	1585
CSINI.Csp5_scaffold_00459.g11656.t2	55	133	285	555	746	997	1095	1222
CSP21.g10149.t1	159	231	337	400	463	609	754	879	1070	1230	1324	1422	1564	1845
CSP26.g7779.t1	159	231	340	418	496	648	918	1109	1360	1458	1585	1902
CSP28.g10552.t1	159	231	334	415	493	645	790	915	1106	1357	1455	1582
CSP29.g3952.t1	159	240	280	361	513	658	783	974	1225	1323	1450
CSP31.g16032.t2	159	231	340	418	541	616	768	1038	1229	1480	1717	2034
CSP32.g186.t1	159	231	340	418	496	648	793	918	1109	1360	1458	1585	1896
CSP34.Sp34_X0233200.t1	159	231	340	418	496	648	793	918	1109	1360	1458	1585	1896
CSP38.g10408.t1	159	337	415	481	633	903	1094	1582	1902
CSP39.g7965.t1	159	231	340	421	499	651	796	921	1112	1363	1461	1588	1899
CSP40.g14008.t2	55	139	291	561	752	1003	1101	1231	1545
CTROP.Csp11.Scaffold626.g6562.t1	55	133	285	430	555	746	997	1095	1222
CVIRI.g957.t1	159	231	340	418	493	645	790	915	1106	1357	1594	1911
DCORO.DCO_005829	159	231	301	376	487	648	793	918	1109	1275	1366	1464	1609	1719	1947
