CAFRA.g19079.t1	126	222	429	669
CANGA.Cang_2012_03_13_00997.g15292.t1	312	518
CBREN.CBN01390	126	222	429	669
CBRIG.CBG11538	126	222	429	669
CCAST.g10209.t1	111	414	654	860
CDOUG.g9312.t1	123	219	426	666
CELEG.C50B8.3	126	222	429	669
CJAPO.CJA05605	123	219	426	666
CKAMA.g14688.t1	126	222	429	669
CLATE.FL83_03795-RA	222	318	525	765
CMONO.g18454.t1	153	249	456	554	696	902
CNOUR.g20892.t1	105	201	408
CPLIC.g841.t1	126	429	669
CREMA.FL82_10912-RA	123	219	426	666
CSINI.Csp5_scaffold_00119.g4834.t1	126	222	429	669
CSP21.g621.t1	126	219	426	524	666	872
CSP26.g536.t1	126	222	429	669
CSP28.g16311.t1	123	219	426	666
CSP29.g19618.t1	18	114	321
CSP31.g12077.t1	114	210	417	657	863
CSP32.g12959.t1	123	219	426	666
CSP34.Sp34_50162300.t1	123	219	426	666
CSP38.g7213.t1	117	420	660	866
CSP39.g518.t1	123	219	426	666
CSP40.g7728.t1	129	225	432	672
CTROP.Csp11.Scaffold524.g2986.t1	123	426
CVIRI.g6596.t1	111	207	414	512	654	860
DCORO.DCO_013983	63	216	390	516	614	756	802	962
