CAFRA.g8948.t1	86	155	237	378
CANGA.Cang_2012_03_13_00017.g1108.t1	125
CBREN.CBN03175	134	203	276
CBRIG.CBG12719	86	155	417
CCAST.g573.t1	125
CDOUG.g7482.t1	86	155	240	411
CELEG.F02E9.1	86	155	240	393
CJAPO.CJA14931	134	203	288	441
CKAMA.g12392.t1	86	155	384
CLATE.FL83_22801-RA	134	203	288	444
CMONO.g7820.t1	86	155	219	381
CNOUR.g22282.t1	134	203	285	336	468
CPLIC.g2128.t1	125	194	255	399
CREMA.FL82_12380-RA	134	203	288	444
CSINI.Csp5_scaffold_00500.g12154.t2	134	203	285	450
CSP21.g4236.t1	119	188	423
CSP26.g21548.t1	134	203	276
CSP28.g17059.t1	134	203	285	426
CSP29.g8539.t1	134	203	285	327	459
CSP31.g3416.t1	125	194	399
CSP32.g6944.t1	86	155	228	369
CSP34.Sp34_10336900.t1	125	194	273	420
CSP38.g7897.t1	125	408
CSP39.g12259.t1	122	191	264	318	459
CSP40.g4846.t1	125	194	270	423
CTROP.Csp11.Scaffold629.g14699.t1	134	203	291	456
CVIRI.g6229.t1	125	194	258	399
DCORO.DCO_022849	119	231	339
