CAFRA.g5008.t1	208	1260	1494
CANGA.Cang_2012_03_13_00152.g5715.t1	136	560	749	1440
CBREN.CBN05213	208	1500
CBRIG.CBG19799	208	945	1266	1506
CCAST.g17917.t1	66	208	632	821	1512
CDOUG.g7876.t1	208	1272	1506
CELEG.Y105E8B.3.1	208	1497
CJAPO.CJA07143	208	1269	1506
CKAMA.g3765.t1	27	225	665	743	1387	1815	1911	2119	3186	3408	3693
CLATE.FL83_09170-RA	179	714	1170	1419
CMONO.g4536.t1	57	132	198	304	383	399	497	560	639	674	741	809	930	1074	1228	1395	1494	1577	1662	1758	1824	1966	2112	2238	2390	2472	2579	2703	2847	2928	3060	3267
CNOUR.g5544.t1	208	1263	1488
CPLIC.g3067.t1	136	560	749	1065	1197	1431
CREMA.FL82_19644-RA	208	822	1275	1524
CSINI.Csp5_scaffold_00354.g9978.t1	208	945	1275	1524
CSP21.g6303.t1	66	208	354	480	632	714	821	945	1023	1275	1533
CSP26.g5880.t1	208	945	1266	1512
CSP28.g6623.t1	27	225	421	617	853	1281	1392	1600	2664	2922	2985	3048	3378	3597
CSP29.g19715.t1	42	110	231	529	957	1053	1261	2316	2547
CSP31.g5994.t1	66	208	507	632	821	1479
CSP32.g1835.t1	208	1260	1503
CSP34.Sp34_10004000.t1	208	1506
CSP38.g1769.t1	66	208	821	1506
CSP39.g12377.t1	27	225	643	755	838	878	954	1022	1143	1441	1869	1965	2173	3237	3480
CSP40.g22324.t1	208	1257	1494
CTROP.Csp11.Scaffold630.g19030.t1	208	1263	1476
CVIRI.g15517.t1	208	480	821	945	1020	1110
DCORO.DCO_008347	66	208	258	354	480	632	714	821	945	1062	1188	1311	1440	1563
