CAFRA.g9998.t1	85	1845	2851	3188	3441
CANGA.Cang_2012_03_13_00381.g10045.t1	18	231	1212	1497	1782	2761	3098	3351
CBREN.CBN15646	85	339	1056	1845	2848	3045	3185	3438
CBRIG.CBG06150	81	375	1092	1881	2884	3263
CCAST.g13686.t1	85	249	753	1560	1845	2824	3161	3414
CDOUG.g16342.t1	85	339	1056	1845	2848	3045	3185	3438
CELEG.C10C6.6	85	339	1056	1848	2851	3048	3188	3441
CJAPO.CJA02914	85	339	1845	2851
CKAMA.g12860.t1	312	473	574	828	1545	2334	3328	3525	3665	3918
CLATE.FL83_04935-RA	12	118	372	1089	1878	2884	3081	3221	3474
CMONO.g12943.t1	85	249	339	524	597	753	823	930	1036	1127	1240	1496	1657	1839	1950	2076	2202	2301	2394	2660	2815	3012	3152	3261	3405
CNOUR.g14106.t1	85	339	1845	2857	3054	3447
CPLIC.g5630.t1	85	339	524	597	753	823	1036	1133	1246	1502	1657	2076	2397	2666	2818	3015	3155	3264	3408
CREMA.FL82_03833-RA	312	473	508	762	1479	2268	3274	3471	3611	3864
CSINI.Csp5_scaffold_00384.g10500.t1	85	339	1056	1845	2848	3045	3185	3438
CSP21.g4907.t1	85	249	339	524	597	753	823	930	1036	1127	1240	1496	1657	1851	1962	2088	2214	2313	2406	2583	2657	2806	3003	3143	3252	3396
CSP26.g21896.t1	85	339	1056	1845	2848	3045	3185	3438
CSP28.g10826.t1	85	339	1845	2857	3194	3447
CSP29.g19878.t1	85	339	1845	2857	3054	3447
CSP31.g26762.t1	85	339	524	1246	1502	1663	1845	2082	2211	2860	3057	3197	3306
CSP32.g14795.t1	85	1845	2866	3203	3456
CSP34.Sp34_40328320.t1	85	339	1056	1845	2848	3045	3185	3438
CSP38.g5489.t1	408	473	732	1080	1236	2328	2877	3304	3501	3641	3750
CSP39.g4781.t2	85	339	426	1932	2944	3281	3534
CSP40.g728.t1	85	339	1056	1845	2851	3048	3188	3441
CTROP.Csp11.Scaffold507.g2457.t1	85	339	1056	1845	2848	3045	3185	3438
CVIRI.g14085.t1	85	339	524	597	753	930	1036	1502	1663	1845	2082	2211	2406	2848	3045	3185	3294
DCORO.DCO_001145	85	186	249	339	423	524	597	753	930	1036	1127	1240	1378	1496	1660	1785	1839	1950	2076	2211	2403	2500	2654	2803	3000	3140	3249	3393
