CAFRA.g3644.t1	519	742	1050
CANGA.Cang_2012_03_13_00016.g1093.t1	222
CBREN.CBN06159	131	531	751	1014	1113
CBRIG.CBG03150	131	528	745	1008	1107
CCAST.g8526.t1	222	459	709	1032
CDOUG.g5295.t1	131	522	733	999	1098
CELEG.K08F8.2	131	507	730	987	1086
CJAPO.CJA05669	240	498	757	1023	1122
CKAMA.g1746.t1	134	516	733	1017	1116
CLATE.FL83_09339-RA	131	534	754	1017	1116
CMONO.g9251.t1	273	389	498	660	789	961	1071	1185	1284
CNOUR.g5917.t1	131	240	507	736	993	1092
CPLIC.g1778.t1	351	706	879	981	1080
CREMA.FL82_05476-RA	131	534	754	1017	1116
CSINI.Csp5_scaffold_00010.g668.t1	131	525	742	1005	1104
CSP21.g13928.t1	219	393	510	685	933	1032
CSP26.g4629.t1	131	528	745	1008	1107
CSP28.g1943.t1	131	510	733	990
CSP29.g8311.t1	131	240	507	736	993	1092
CSP31.g16875.t1	549	769	1023	1122
CSP32.g9429.t1	522	751	1035
CSP34.Sp34_20315300.t1	131	522	730	990	1089
CSP38.g19450.t1	10	125	234	510	742	1050
CSP39.g25492.t1	131	513	745	1008	1107
CSP40.g22420.t1	131	528	745	1008	1107
CTROP.Csp11.Scaffold458.g1432.t1	131	519	730	996	1095
CVIRI.g2383.t1	483	685	930
DCORO.DCO_012081	107	213	372	519	670	918	1047	1155
