CAFRA.g362.t1	60	559	854
CANGA.Cang_2012_03_13_00586.g12511.t1	6	147	343	612	754	1046
CBREN.CBN20234	51	131	396	535	830
CBRIG.CBG13114	54	137	399	538	800
CCAST.g8777.t1	39	256	408	550	842
CDOUG.g798.t1	51	134	399	538	833
CELEG.F32A5.6	54	137	405	544	839
CJAPO.CJA15963	60	143	553	848
CKAMA.g1916.t1	60	143	541	836
CLATE.FL83_09475-RA	6	147	225	355	404	669	808	1103	1146
CMONO.g6668.t1	60	155	247	399	541	619	717	833
CNOUR.g1122.t1	54	137	402	544	839
CPLIC.g14235.t1	69	435	577	869
CREMA.FL82_14362-RA	54	137	402	541	836
CSINI.Csp5_scaffold_00152.g5743.t1	54	137	399	538	833
CSP21.g9116.t1	54	140	235	387	529	613	711	827
CSP26.g6944.t1	54	137	399	538	833
CSP28.g15753.t1	54	140	839
CSP29.g10027.t1	54	137	402	544	839
CSP31.g11889.t1	48	137	550	845
CSP32.g6982.t1	60	556	851
CSP34.Sp34_20259400.t1	54	134	402	541	836
CSP38.g11355.t1	42	247	399	541	833
CSP39.g18248.t1	54	137	402	544	839
CSP40.g8357.t1	54	137	399	538	833
CTROP.Csp11.Scaffold485.g1928.t1	54	140	405	544	839
CVIRI.g8889.t1	229	307	521
DCORO.DCO_014921	136	188	292	444	586	667	765	881
