CAFRA.g12538.t1	438	597	681	834	1015	1386
CANGA.Cang_2012_03_13_00441.g10893.t1	248	351	429	624	737	830	988	1077	1147	1254	1491	1516	1664	1887
CBREN.CBN09501	510	672	756	1090	1461
CBRIG.CBG09108	31	251	449	516	669	768	834	1225	1371	1860	2019	2103	2437	2805
CCAST.g15746.t1	501	571	678	915	1096	1244	1467
CDOUG.g13534.t1	429	591	675	1009	1377
CELEG.C56G2.1a	299	374	530	603	774	924	984	1097	1375	1500	1656	1740	2074	2442
CJAPO.CJA17733	438	690	1024	1395
CKAMA.g4602.t1	450	609	693	846	1027	1395
CLATE.FL83_08901-RA	447	606	690	1024	1392
CMONO.g11792.t1	642	846	930	1083	1264	1412	1480	1632
CNOUR.g14826.t1	74	206	255	420	549	609	716	964	1077	1557	1725	1809	1962	2143	2514
CPLIC.g8506.t1	441	630	1048	1196	1416
CREMA.FL82_24439-RA	447	606	690	1024	1392
CSINI.Csp5_scaffold_00408.g10928.t1	444	603	687	1021	1389
CSP21.g4855.t1	528	705	789	942	1123	1271	1506
CSP26.g13501.t1	447	594	678	1012	1380
CSP28.g16668.t1	64	365	440	569	612	783	927	987	1094	1384	1501	1800	1974	2058	2211	2392	2763
CSP29.g9637.t1	447	624	708	861	1042	1473
CSP31.g13411.t1	77	206	267	375	522	582	785	928	1029	1108	1203	1287	1440	1621	1769	1992
CSP32.g10395.t1	459	618	702	855	1036	1407
CSP34.Sp34_30165500.t1	74	212	288	456	567	627	740	876	973	1101	1260	1344	1678	2046
CSP38.g6734.t1	435	505	612	849	1030	1178	1401
CSP39.g27597.t1	438	606	690	843	1024	1395
CSP40.g11305.t1	441	600	684	1018	1386
CTROP.Csp11.Scaffold629.g16092.t1	480	642	726	1060	1431
CVIRI.g3278.t1	468	729	882	1063	1434
DCORO.DCO_003843	77	162	237	396	486	656	750	963	1052	1140	1704	1863	1947	2100	2178	2281	2429	2497	2640	2748	2868
