CAFRA.g5830.t1	111	250
CANGA.Cang_2012_03_13_00235.g7583.t1	105	244	674
CBREN.CBN14772	108	247
CBRIG.CBG15760	102	241	441
CCAST.g6788.t1	105	244	674
CDOUG.g13800.t1	102	241	441
CELEG.Y37D8A.17	117	256	456
CJAPO.CJA04087	111	250	450
CKAMA.g873.t1	99	238	438
CLATE.FL83_14511-RA	111	250	450
CMONO.g536.t1	114	253	450	599	683
CNOUR.g12407.t1	114	453
CPLIC.g14271.t1	93	232	432	662
CREMA.FL82_22416-RA	132	271	471
CSINI.Csp5_scaffold_00535.g12564.t1	111	250	450	809
CSP21.g5867.t1	111	250	450	599	683
CSP26.g16782.t1	99	238	438
CSP28.g8426.t1	111	250	450
CSP29.g393.t1	114	253	453
CSP31.g5787.t1	102	241	441	671
CSP32.g5860.t1	111	250
CSP34.Sp34_30293800.t1	114	253	453
CSP38.g6133.t1	96	235	435	665
CSP39.g8237.t1	108	247	447
CSP40.g24472.t1	102	241	441
CTROP.Csp11.Scaffold630.g18029.t1	124	249	388	588
CVIRI.g8096.t1	96	235	665
DCORO.DCO_017721	120	259	345	605	689
