CAFRA.g15663.t1	106	217	369	615
CANGA.Cang_2012_03_13_00584.g12493.t1	19	130	282	528	822	1102
CBREN.CBN05290	100	211	363	609	903
CBRIG.CBG04117	100	211	363	609	903
CCAST.g16447.t1	19	130	282	528	822	1102
CDOUG.g324.t1	100	211	363	609	903
CELEG.Y71F9B.8a	100	211	363	609	903
CJAPO.CJA11175b	58	210	456	750
CKAMA.g2275.t1	97	208	360	606	900
CLATE.FL83_13890-RA	100	211	363	609	903
CMONO.g2315.t1	133	244	396	642	777	936
CNOUR.g8241.t1	97	208	360	606	900
CPLIC.g11725.t1	112	223	375	621	915
CREMA.FL82_12620-RA	100	211	363	609	903
CSINI.Csp5_scaffold_01894.g23744.t1	100	211	363	609	903
CSP21.g8014.t1	100	205	357	603	738	897
CSP26.g17658.t1	100	211	363	609	903
CSP28.g5106.t1	94	225	471
CSP29.g16521.t1	97	208	360	606	900
CSP31.g8341.t1	124	235	387	633	927	1207
CSP32.g11857.t1	109	220	372	618	912
CSP34.Sp34_10140500.t1	112	223	375	621	915
CSP38.g21305.t1	19	130	282	528	822	1102
CSP39.g5241.t1	246	912
CSP40.g23495.t1	100	211	363	609	903
CTROP.Csp11.Scaffold627.g6848.t1	103	214	366	612	906
CVIRI.g8890.t1	118	229	381	627	1201
DCORO.DCO_007467	99	223	375	487	621	756	915	1082	1238	1383	1643
