CAFRA.g1963.t1	364	522
CANGA.Cang_2012_03_13_00349.g9576.t1	13	184	342	447
CBREN.CBN23055	89	109	294	737	1153	1311
CBRIG.CBG09160	322	480
CCAST.g3066.t1	80	322	480
CDOUG.g9208.t1	307	465
CELEG.R13A5.5	313	471
CJAPO.CJA18912	325	483
CKAMA.g10376.t1	199	357
CLATE.FL83_07338-RA	241	399
CMONO.g19612.t1	86	271	351	429
CNOUR.g1424.t1	280	438
CPLIC.g5858.t1	295	453
CREMA.FL82_17439-RA	241	342
CSINI.Csp5_scaffold_00853.g16121.t1	310	468
CSP21.g654.t1	80	289	447
CSP26.g17053.t1	316	474
CSP28.g14950.t1	316	417
CSP29.g514.t1	301	459
CSP31.g15958.t1	313	471
CSP32.g3332.t1	331	489
CSP34.Sp34_30048710.t1	316	474
CSP38.g3769.t1	80	334	492
CSP39.g26094.t1	355	513
CSP40.g5891.t1	313	402
CTROP.Csp11.Scaffold630.g19564.t2	190	224	381	492	594	733	824
CVIRI.g5560.t1	68	385	543
DCORO.DCO_016769	17	308	517	741
