CAFRA.g475.t1	75	218	465
CANGA.Cang_2012_03_13_00384.g10091.t1	35	282
CBREN.CBN08024	206
CBRIG.CBG21527	206	453
CCAST.g2060.t1	35	267
CDOUG.g21412.t1	215	462
CELEG.Y57G11C.4	215	462
CJAPO.CJA00336	69	212	459
CKAMA.g8539.t1	75	218	465
CLATE.FL83_24403-RA	209
CMONO.g689.t1	111	191	348	438	566
CNOUR.g21687.t1	224	471
CPLIC.g3777.t1	63	206	453	581
CREMA.FL82_04908-RA	114	210	318	533	780
CSINI.Csp5_scaffold_00526.g12460.t1	206	453
CSP21.g1475.t1	63	206	363	453	581
CSP26.g12558.t1	209	456
CSP28.g7759.t1	224	471
CSP29.g2727.t1	224	471
CSP31.g15828.t1	75	218	465	593
CSP32.g641.t1	75	218	465
CSP34.Sp34_40183610.t1	72	215	462
CSP38.g13696.t1	63	206	453	581
CSP39.g2607.t1	224	471
CSP40.g22227.t1	203	450
CTROP.Csp11.Scaffold630.g21249.t1	203	450
CVIRI.g13587.t1	84	227	602
DCORO.DCO_019515	72	224	300	378	468	596	672
