CAFRA.g8714.t1	70	211	343	446	648	757	879	1002	1163	1290	1446
CANGA.Cang_2012_03_13_00035.g2006.t1	172	417	578	705	861
CBREN.CBN02389	65	145	286	418	723	832	954	1077	1238	1365	1521
CBRIG.CBG14195	70	211	343	648	757	879	1002	1163	1290	1446
CCAST.g13507.t1	79	352	657	766	864	1025	1152	1308
CDOUG.g21498.t1	70	211	343	648	757	879	1002	1163	1290	1446
CELEG.ZK563.2	59	139	280	412	717	826	924	1032	1193	1320	1476
CJAPO.CJA12103	70	202	507	630	791	918	1074
CKAMA.g13994.t1	70	211	343	648	757	879	1208	1335	1491
CLATE.FL83_00847-RA	65	145	286	418	723	748	870	993	1154	1281	1437
CMONO.g11132.t1	97	238	370	473	661	783	906	980
CNOUR.g731.t1	70	211	343	446	648	757	879	1002	1163	1290	1446
CPLIC.g12069.t1	73	214	346	449	651	760	885	1008	1169	1296	1452
CREMA.FL82_00820-RA	65	145	286	418	723	835	957	1080	1241	1368	1551
CSINI.Csp5_scaffold_00050.g2593.t1	70	211	343	648	757	879	1002	1163	1290	1446
CSP21.g5549.t1	40	172	275	477	586	708	831	992	1119	1275
CSP26.g2850.t1	65	145	286	418	723	832	954	1077	1238	1365	1521
CSP28.g10457.t1	56	136	277	409	512	714	823	945	1068	1229	1356	1512
CSP29.g3846.t1	70	211	343	446	648	757	879	1002	1163	1290	1446
CSP31.g9015.t1	73	214	346	651	777	1061	1188	1344
CSP32.g5079.t1	59	139	280	412	515	717	826	948	1071	1232	1359	1515
CSP34.Sp34_X0272100.t1	70	211	343	648	757	879	1002	1163	1290	1446
CSP38.g18443.t1	44	133	274	406	711	820	1065	1226	1353	1509
CSP39.g21590.t1	56	136	277	409	512	714	823	945	1068	1229	1356	1512
CSP40.g16277.t1	70	211	343	648	757	879	1002	1163	1290	1446
CTROP.Csp11.Scaffold629.g16480.t1	276	385	507	630
CVIRI.g6747.t1	73	214	346	449	651	760	882	1005	1166	1293	1449
DCORO.DCO_007421	181	331	463	566	768	877	999	1122	1283	1410	1566	1725
