CAFRA.g7090.t1	89	243	629	765	926
CANGA.Cang_2012_03_13_00229.g7440.t1	74	509	756	934
CBREN.CBN07620	80	234	620	756	917
CBRIG.CBG03422	80	234	620	756	917
CCAST.g7772.t1	74	509	756
CDOUG.g1636.t1	80	234	620	756	917
CELEG.W01B6.1	80	234	620	756	917
CJAPO.CJA07364	66	588	749
CKAMA.g371.t1	80	234	620	756	917
CLATE.FL83_20970-RA	174	560	696	857
CMONO.g18089.t1	77	234	319	397	509	620	756	929
CNOUR.g2468.t1	89	243	629	765	926
CPLIC.g3841.t1	86	246	521	632	768	929
CREMA.FL82_03642-RA	198	584	720	881
CSINI.Csp5_scaffold_00074.g3418.t1	80	234	629	765	926
CSP21.g13223.t1	74	316	446	693	851
CSP26.g18699.t1	80	234	620	756	917
CSP28.g2384.t1	77	231
CSP29.g6727.t1	332	468	629
CSP31.g3177.t1	86	246	409	768	929
CSP32.g2351.t1	83	623	759	920
CSP34.Sp34_40255600.t1	80	234	620	756	917
CSP38.g3373.t1	68	750
CSP39.g5865.t1	77	231	617	753	914
CSP40.g13069.t1	80	234	620	756	917
CTROP.Csp11.Scaffold585.g4806.t1	86	240	762	923
CVIRI.g2682.t1	98	421	533	780	941
DCORO.DCO_014263	80	237	400	512	623	759	923
