CAFRA.g4872.t1	69	196	326	492	571	736	867	1188	1287	1414	1477	1651	1884	1978	2097	2173
CANGA.Cang_2012_03_13_00502.g11612.t1	60	190	302	664	705	966	1345	1638	1846	1944	2020
CBREN.CBN11494	63	193	335	462	541	706	837	1008	1146	1245	1381	1444	1570	1627	1743	1860	1954	2073	2149
CBRIG.CBG04516	148	308	405	691	822	993	1131	1230	1366	1429	1555	1728	1845	1939	2058
CCAST.g13147.t2	60	190	302	664	705	966	1342	1420	1728	1936	2055	2131
CDOUG.g1337.t1	124	269	384	463	628	759	930	1068	1167	1303	1366	1492	1549	1665	1782	1876	1974	2050
CELEG.F13E6.2	63	193	332	447	526	691	822	993	1230	1369	1432	1558	1615	1731	1848	1942	2040	2116
CJAPO.CJA16776a	63	193	317	423	502	667	798	969	1107	1218	1357	1420	1540	1750
CKAMA.g1405.t1	63	193	341	535	700	831	1002	1137	1236	1369	1432	1555	1612	1728	1845	1939	2037	2113
CLATE.FL83_01280-RA	63	193	335	450	529	694	825	996	1131	1372	1498	1579	1695	1812	1906	2004	2080
CMONO.g19523.t2	99	223	281	387	466	631	672	762	870	1005	1122	1165	1222	1279	1366	1423	1539	1656	1753	1851	1927
CNOUR.g2961.t1	63	217	368	486	565	730	861	1032	1170	1275	1408	1471	1591	1881	1975	2073	2149
CPLIC.g733.t1	51	181	263	330	580	819	882	1041	1113	1156	1243	1408	1524	1641	1735	1833
CREMA.FL82_17397-RA	63	193	335	450	529	694	825	996	1131	1230	1471	1597	1654	1770	1887	1981	2079	2155
CSINI.Csp5_scaffold_00063.g3031.t2	63	193	350	459	538	703	834	1005	1051	1101	1200	1333	1396	1528	1585	1701	1818	1912	2010	2086
CSP21.g15835.t1	57	205	269	348	427	592	723	831	1149	1396	1492	1665	1782	1879	1977	2053
CSP26.g3115.t1	63	193	347	447	526	691	822	993	1125	1230	1363	1426	1615	1731	1848	1942	2061	2137
CSP28.g11568.t1	121	254	363	442	607	738	909	1149	1282	1345	1465	1755	1849	1947	2023
CSP29.g11926.t1	101	219	298	463	594	765	903	1195	1258	1378	1668	1762	1860
CSP31.g25009.t1	94	237	370	476	651	730	895	1197	1419	1549	1732	1828	1885	2001	2118	2212	2310	2386
CSP32.g2072.t1	207	337	461	639	718	883	1014	1326	1425	1552	1615	1672	1846	2079	2173	2271	2347
CSP34.Sp34_X0075110.t1	69	199	320	435	514	679	810	981	1209	1336	1396	1522	1579	1695	1812	1906	2004	2080
CSP38.g1829.t1	60	190	299	493	699	960	1185	1324	1393	1725	1933	2031	2107
CSP39.g8510.t1	63	190	293	411	490	655	786	957	1101	1209	1342	1402	1522	1812	1906	2004	2080
CSP40.g3861.t1	63	193	347	447	526	822	993	1125	1224	1357	1420	1552	1609	1725	1842	1936	2034	2110
CTROP.Csp11.Scaffold629.g13787.t1	124	257	372	451	616	747	1104	1203	1330
CVIRI.g11033.t1	63	193	296	399	643	1185	1297	1415	1567	1683	1894	1992	2068
DCORO.DCO_005593	57	196	314	469	556	634	765	873	1068	1273	1426	1507	1540	1671	1779	1896	1996	2094	2170
