CAFRA.g8175.t1	78	210	703
CANGA.Cang_2012_03_13_00714.g13632.t2	81	372	500	706	908	1296
CBREN.CBN01178	75	207	366	700	902	1067	1209
CBRIG.CBG16407	78	210	369	703	905	1070	1212
CCAST.g5556.t1	81	372	500	706	908	1296
CDOUG.g2241.t1	75	207	366	700	902	1067	1209
CELEG.T27A8.1	75	207	366	700	902	1067	1209
CJAPO.CJA15442	81	213	706	1073	1215
CKAMA.g15009.t1	75	207	366	700	902	1067	1209	1428	1527	1806	1847	1908	2193	2246	2316	2580
CLATE.FL83_02394-RA	75	207	700	902	1067	1209	1476	1939	2044
CMONO.g11088.t1	107	197	313	441	680	822	903
CNOUR.g17383.t1	75	207	700	1067	1209
CPLIC.g12385.t1	72	204	363	491	697	825	1064	1206	1287
CREMA.FL82_18264-RA	75	207	700	902	1067	1209
CSINI.Csp5_scaffold_00001.g1.t1	90	249	583	785	950	1092
CSP21.g9603.t1	78	210	369	497	587	703	831	1070	1212	1293
CSP26.g4252.t1	78	210	369	703	905	1070	1212	1465	1563	2029	2134
CSP28.g8253.t1	32	174	339	558	1051	1418	1560
CSP29.g15454.t1	75	207	700	1067	1209
CSP31.g8674.t1	210	369	497	587	703	831	905	1070	1212	1392	1443	1834	1909	2014
CSP32.g13794.t1	75	207	700
CSP34.Sp34_X0039500.t1	75	207	366	700	902	1067	1209
CSP38.g11663.t1	87	378	506	712	914	1302
CSP39.g10000.t1	75	207	366	700	1067	1209
CSP40.g1892.t1	78	210	369	703	905	1070	1212
CTROP.Csp11.Scaffold629.g13375.t1	75	207	366	700	902	1067
CVIRI.g1925.t1	78	210	369	497	703	831	1070	1293
DCORO.DCO_009761	87	219	378	506	596	712	914	1079	1221	1302
