CAFRA.g11574.t1	192	866
CANGA.Cang_2012_03_13_00007.g613.t1	111	195	625	914
CBREN.CBN19735	192	619
CBRIG.CBG09827	192	619
CCAST.g13572.t1	111	195	625	917
CDOUG.g3280.t1	127	264	459	886
CELEG.Y71H2B.3	192	616
CJAPO.CJA34452	192	875
CKAMA.g4097.t1	192	619
CLATE.FL83_22592-RA	192	619
CMONO.g17595.t1	114	198	409	546	616	688	851
CNOUR.g841.t1	192	616	854
CPLIC.g1530.t1	108	192	552	700	860
CREMA.FL82_15228-RA	192	619
CSINI.Csp5_scaffold_00155.g5802.t1	192	619
CSP21.g1932.t1	117	201	406	549	700	875
CSP26.g17465.t1	192	619
CSP28.g3617.t1	192	616	857
CSP29.g20622.t1	192	616	857
CSP31.g5063.t1	192	403	685	845
CSP32.g3069.t1	192	866
CSP34.Sp34_30212000.t1	195	613
CSP38.g1241.t1	111	195	607	881
CSP39.g16466.t1	192	616	857
CSP40.g8093.t1	192	619
CTROP.Csp11.Scaffold629.g15938.t1	192	613
CVIRI.g5240.t1	108	192	607	866
DCORO.DCO_014829	120	204	324	424	567	727	914
