CAFRA.g7266.t2	348	449	696	808	1536	1660	1761
CANGA.Cang_2012_03_13_00628.g12947.t2	122	435	1275	1336	1596	1723	1818
CBREN.CBN03825	279	380	627	739	1109	1467	1597
CBRIG.CBG20885	152	511	881	1239	1366	1467
CCAST.g5742.t1	219	320	630	1470	1591	1686
CDOUG.g9726.t1	282	383	630	742	993	1112	1470	1600	1701
CELEG.E01F3.1i	153	244	396	603	704	951	1063	1320	1439	1797	1933	2034
CJAPO.CJA18846b	393	494	865	1235	1593	1717	1818
CKAMA.g7679.t1	137	384	496	747	866	1224	1357	1458
CLATE.FL83_09815-RA	152	399	511	881	1239	1369	1470
CMONO.g3822.t1	101	191	345	457	535	618	708	827	909	1056	1185	1327	1422
CNOUR.g13449.t1	258	359	603	715	966	1085	1443	1576	1680
CPLIC.g4204.t1	216	317	404	558	670	1040	1269	1398	1519	1620
CREMA.FL82_14514-RA	152	399	511	881	1239	1369	1470
CSINI.Csp5_scaffold_00476.g11874.t1	116	363	475	726	845	1203	1333	1434
CSP21.g4002.t1	101	215	369	481	559	642	797	1155	1273	1359
CSP26.g11235.t1	158	405	517	887	1245	1375	1476
CSP28.g4607.t1	282	383	742	993	1112	1470	1618	1722
CSP29.g5111.t1	264	365	618	730	981	1100	1458	1591	1695
CSP31.g27174.t1	267	368	612	975	1094	1452	1570	1665
CSP32.g3655.t1	159	260	507	619	1347	1471	1572
CSP34.Sp34_20057600.t1	173	420	532	783	902	1260	1393	1494
CSP38.g9382.t2	243	344	654	1017	1365	1494	1612	1707
CSP39.g17379.t1	247	359	610
CSP40.g5706.t1	285	386	633	745	1115	1473	1600	1701
CTROP.Csp11.Scaffold630.g19550.t1	282	383	630	742	993	1112	1470	1600	1701
CVIRI.g11738.t1	168	288	378	479	569	1205	1563	1681	1776
DCORO.DCO_001466	64	150	279	357	458	581	738	850	1011	1101	1226	1449	1527	1791
