CAFRA.g11293.t1	120	243	366	664	1058	1741	1920	2329
CANGA.Cang_2012_03_13_00021.g1321.t1	54	352	746	1744	1867
CBREN.CBN28741	120	243	727	1121	1795	1983
CBRIG.CBG09451	120	243	366	1106	1798	1983	2248	2398
CCAST.g11105.t1	366	664	1058	2047	2179
CDOUG.g8732.t1	120	243	366	664	1058	1747	1935	2191	2341
CELEG.W07G4.3.1	120	243	366	664	1058	1729	1917	2182	2332
CJAPO.CJA12385	120	243	366	664	1058
CKAMA.g18835.t1	120	243	366	664	1058	1306	1681	1884	2146	2302
CLATE.FL83_07663-RA	120	243	366	664	1058	1741	1929	2188	2344
CMONO.g18291.t1	126	249	372	491	599	670	785	849	960	1064	1323	1590	1699	1831	1920	2056	2224	2287
CNOUR.g7765.t1	120	243	366	664	1058	1741	2359
CPLIC.g3871.t2	120	366	664	779	843	954	1819	1923	2074	2203	2290	2468	2609
CREMA.FL82_15839-RA	120	243	366	664	1058	1741	1929	2188	2344
CSINI.Csp5_scaffold_00739.g14992.t1	120	243	366	664	1058	1747	1935	2194	2344
CSP21.g15907.t1	120	243	366	485	593	664	779	843	954	1058	1195	1317	1470	1584	1708	1831	1938	2074	2254	2317	2441
CSP26.g20121.t1	120	243	366	664	1058	1747	1935	2194	2344
CSP28.g16338.t1	120	243	366	664	1058	1747	2374
CSP29.g19656.t1	120	247	366	664	1058	1741	2362
CSP31.g3302.t1	120	243	366	485	664	843	954	1317	1584	1750	1837	1935	2086	2227	2368
CSP32.g8246.t1	120	243	366	664	1058	1717	1887	2299
CSP34.Sp34_50274610.t1	120	243	366	664	1058	1753	1938	2188	2338
CSP38.g2747.t1	120	664	843	954	1058	1723	2089	2206	2293	2353
CSP39.g20487.t1	120	243	366	664	1058	1747	2368
CSP40.g9506.t1	120	243	366	664	1058	1747	1935	2194	2344
CTROP.Csp11.Scaffold461.g1475.t1	42	165	463	857	1555	1743	1999	2152
CVIRI.g18803.t1	60	358	752	889
DCORO.DCO_005339	73	123	255	378	497	608	676	814	966	1070	1207	1329	1461	1596	1743	1828	1938	2044	2155
