CAFRA.g18686.t1	60	167	440	564	682	1132	1289	1409
CANGA.Cang_2012_03_13_00090.g4026.t1	41	165	283	595	736	881
CBREN.CBN16356	60	173	377	501	619	1111	1268	1388
CBRIG.CBG07691	66	176	386	510	628	1129	1286	1406
CCAST.g5548.t1	36	143	368	492	610	922	1063	1208
CDOUG.g6441.t1	63	167	371	495	613	1120	1277	1397	1514
CELEG.C33A11.4a	63	170	374	498	616	1087	1244	1364
CJAPO.CJA05924b	48	155	509	633	751	1210	1367	1487
CKAMA.g9603.t1	69	170	380	504	622	1099	1256	1376	1469
CLATE.FL83_01775-RA	98	222	340	835	992	1112
CMONO.g4179.t1	122	308	432	550	850	994	1148	1268
CNOUR.g4444.t1	51	158	362	486	604	1066	1223	1343
CPLIC.g5975.t1	36	143	347	471	589	889	1039	1190	1310
CREMA.FL82_02357-RA	108	212	413	537	655	1150	1307	1427
CSINI.Csp5_scaffold_00115.g4725.t1	60	170	383	507	625	1123	1280	1400
CSP21.g10113.t2	33	146	629	753	871	1198	1351	1499	1619	1691	1703
CSP26.g12845.t1	60	170	389	513	631	1129	1286	1406
CSP28.g11739.t1	41	165	283	742	899	1019
CSP29.g893.t1	152	356	480	598	1060	1217	1337
CSP31.g13803.t1	36	143	347	471	589	889	1024	1172	1292
CSP32.g13165.t1	57	164	437	561	679	1132	1289	1409
CSP34.Sp34_X0134400.t1	69	176	380	504	622	1093	1250	1370	1414	1423
CSP38.g11673.t1	28	135	242	449	573	691	1006	1150	1295
CSP39.g9037.t1	60	167	371	495	613	1078	1235	1355
CSP40.g8867.t1	60	170	383	507	625	1114	1271	1391
CTROP.Csp11.Scaffold558.g3824.t2	21	125	329	453	571	1060	1223	1343	1460
CVIRI.g2873.t1	103	204	311	509	633	751	1111	1246	1391	1511
DCORO.DCO_007807	54	221	356	576	659	786	904	1029	1180	1339	1490	1610
