CAFRA.g16061.t1	282	449
CANGA.Cang_2012_03_13_00329.g9290.t1	446
CBREN.CBN04776	291	458
CBRIG.CBG14314	
CCAST.g1643.t1	449
CDOUG.g10323.t1	285	452
CELEG.T19D2.2.1	282	449
CJAPO.CJA05179	189	356
CKAMA.g3078.t1	103	200	489	656
CLATE.FL83_00753-RA	102	146	438	605
CMONO.g3841.t1	70	168	264	311	462	594	761
CNOUR.g7366.t1	282	449
CPLIC.g3248.t1	144	276	443
CREMA.FL82_00928-RB	285	452
CSINI.Csp5_scaffold_00336.g9641.t1	282	449
CSP21.g9621.t1	141	273	440
CSP26.g11988.t1	41	85	134	423	590
CSP28.g10386.t1	282	449
CSP29.g14675.t1	282	449
CSP31.g15980.t1	41	74	85	249	548
CSP32.g353.t1	282	449
CSP34.Sp34_X0263400.t1	282	449
CSP38.g9472.t1	440
CSP39.g26587.t1	282	449
CSP40.g20944.t1	282	449
CTROP.Csp11.Scaffold630.g18249.t1	189	356
CVIRI.g5614.t1	153	452
DCORO.DCO_021013	63	174	282	449
