CAFRA.g7.t1	9	43	128	315	1572	1963	2089
CANGA.Cang_2012_03_13_01203.g15969.t1	113	1123	1345	1518	1561
CBREN.CBN07693	28	113	300	1584	1948
CBRIG.CBG01567	28	113	300	1587	1945	2110
CCAST.g19457.t1	24	146	1174	1396	1569	1653	1714	1953	2020
CDOUG.g26244.t1	28	113	300	1572	1951	2104
CELEG.C07G1.5.1	28	113	300	1554	1933	2116
CJAPO.CJA02653	113	300	1560	1936	2113
CKAMA.g18771.t1	28	113	237	1494	1831	1999
CLATE.FL83_22851-RA	28	113	300	1587	1957	2131
CMONO.g1971.t1	28	113	225	300	456	494	615	672	783	960	1093	1152	1287	1435	1530	1608	1692	1765	2208	2335
CNOUR.g3525.t1	28	113	300	1569	1930	2110
CPLIC.g14006.t1	28	113	225	300	615	1110	1242	1563	1714	1776	1891	1950	2041
CREMA.FL82_03343-RA	28	113	300	1587	1963	2137
CSINI.Csp5_scaffold_00052.g2670.t1	28	113	276	1563	1930	2098
CSP21.g8645.t1	400	528	704	742	827	939	1014	1170	1329	1380	1491	1662	1770	1860	2007	2155	2328	2409	2497	2673	2766	2839
CSP26.g632.t1	28	113	300	1584	1954	2101
CSP28.g14057.t1	28	113	300	1560	1921	2104
CSP29.g3204.t1	28	113	300	1569	1936	2116
CSP31.g8022.t1	12	58	143	255	486	645	789	1590	1753	2050	2112	2197
CSP32.g12811.t2	28	113	300	1563	1942	2077
CSP34.Sp34_40110700.t1	21	55	140	327	1593	1978	2137
CSP38.g7714.t1	24	152	264	495	1201	1596	1756	2028
CSP39.g603.t1	28	113	300	990	1236	1612	1783
CSP40.g12917.t1	28	113	300	1578	1930	2077
CTROP.Csp11.Scaffold629.g8498.t1	28	113	300	1578	1945	2095
CVIRI.g6701.t1	9	125	627	780	1149	1605	1750	2055	2155
DCORO.DCO_004951	28	113	225	300	407	494	535	615	752	831	915	1022	1092	1196	1269	1373	1422	1495	1580	1668	1743	1801	1972	2193	2277	2353
