CAFRA.g15019.t1	71	188	302	395	513	683	834	1010	1187	1314	1595	1655	1793	1902
CANGA.Cang_2012_03_13_00033.g1899.t1	65	182	470	974	1083
CBREN.CBN16766	77	194	308	401	519	689	840	1016	1196	1323	1637	1775	1884
CBRIG.CBG14172	80	197	311	404	522	692	843	1019	1199	1326	1619	1676	1814	1923
CCAST.g595.t1	65	182	296	389	677	828	1181	1308	1550	1745	1854
CDOUG.g1570.t1	300	445	530	647	761	854	972	1142	1293	1469	1649	1776	2093	2150	2288	2397
CELEG.K09C4.8	98	215	329	540	710	861	1037	1217	1344	1634	1691	1829	1938
CJAPO.CJA03775a	140	233	351	521	672	848	1028	1155	1526	1586	1724	1833
CKAMA.g1107.t1	53	167	378	548	699	875	1055	1170	1466	1526	1664	1773
CLATE.FL83_00863-RA	80	197	311	404	522	692	843	1019	1199	1326	1637	1694	1832	1941
CMONO.g11498.t1	53	92	207	363	497	531	599	671	998	1112	1205	1323	1493	1644	1820	1939	1997	2124	2230	2312	2372	2507	2616
CNOUR.g17532.t1	71	188	302	395	513	683	834	1010	1187	1314	1613	1673	1811	1920
CPLIC.g5514.t1	48	218	369	545	664	722	849	943	1103	1157	1289	1398
CREMA.FL82_00804-RA	80	197	311	404	522	692	843	1019	1199	1326	1637	1694	1832	1941
CSINI.Csp5_scaffold_00050.g2575.t1	77	194	308	401	519	689	840	1016	1196	1323	1631	1688	1826	1935
CSP21.g12141.t1	71	188	302	395	683	834	1010	1129	1184	1311	1402	1515	1589	1772	1881
CSP26.g12344.t1	77	194	308	401	519	689	840	1016	1196	1323	1622	1679	1817	1926
CSP28.g9753.t1	131	242	555	696	952	1040	1154	1247	1365	1535	1686	1862	2039	2166	2468	2666	2775
CSP29.g11602.t1	318	459	776	893	1007	1100	1218	1388	1539	1715	1892	2019	2318	2378	2516	2625
CSP31.g8567.t1	59	176	290	383	501	671	998	1175	1302	1547	1748	1857
CSP32.g16745.t1	62	176	269	387	557	708	884	1061	1188	1469	1529	1667	1776
CSP34.Sp34_X0273500.t1	92	209	323	534	704	855	1031	1211	1338	1664	1721	1859	1968
CSP38.g13047.t1	62	179	293	674	825	1178	1529	1721	1830
CSP39.g19085.t1	312	453	635	752	866	959	1077	1247	1398	1574	1751	1878	2174	2372	2481
CSP40.g9144.t1	77	194	308	401	519	689	840	1016	1196	1323	1631	1688	1826	1935
CTROP.Csp11.Scaffold629.g16501.t1	92	209	323	416	534	855	1031	1211	1338	1646	1703	1841	1950
CVIRI.g4698.t1	74	191	305	398	686	837	1013	1190	1317	1411	1601	1667	1808	1917
DCORO.DCO_006071	59	176	290	383	501	622	744	822	922	998	1117	1214	1314	1429	1509	1601	1679	1820	1929
