CAFRA.g10307.t1	127	924
CANGA.Cang_2012_03_13_25348.g27293.t1	
CBREN.CBN03344	127	675	924
CBRIG.CBG22041	118	666	915
CCAST.g19608.t1	51	292	521	990
CDOUG.g13132.t1	127	924
CELEG.Y37E3.10a	118	666	915
CJAPO.CJA08098	127	924
CKAMA.g8253.t1	97	259	402	519	777	904	1452	1701
CLATE.FL83_18669-RA	127	675	924
CMONO.g14852.t1	109	197	435	543	687	792
CNOUR.g9660.t1	127	924
CPLIC.g277.t1	127	241	329	470	567	675	819	942
CREMA.FL82_07855-RA	127	675	924
CSINI.Csp5_scaffold_02566.g27041.t1	127	675	924
CSP21.g2089.t1	127	470	567	675	819
CSP26.g7386.t1	127	675	924
CSP28.g3840.t1	127	924
CSP29.g17722.t1	127	924
CSP31.g7455.t1	127	241	567	675	930
CSP32.g8871.t1	127	924
CSP34.Sp34_10236400.t1	127	675	912
CSP38.g21266.t1	241	470	567	675	819	939
CSP39.g23191.t1	675	924
CSP40.g9660.t1	127	675	924
CTROP.Csp11.Scaffold629.g9801.t1	127	927
CVIRI.g14096.t1	127	241	470	927
DCORO.DCO_014511	130	244	473	570	678	822	939
