CAFRA.g18402.t1	3	90	297	420
CANGA.Cang_2012_03_13_00130.g5165.t1	3	90	297
CBREN.CBN21026	3	90	297	420
CBRIG.CBG22372	3	90	297	420
CCAST.g15410.t1	3	90	297	420
CDOUG.g16119.t1	3	90	297	420
CELEG.Y45F10D.12.1	3	90	297	420
CJAPO.CJA13836.1	3	90	297	420
CKAMA.g5781.t1	62	195	282	489	612
CLATE.FL83_07622-RA	3	90	297	420
CMONO.g2637.t1	3	90	297	420
CNOUR.g22272.t1	3	90	297	420
CPLIC.g13053.t1	3	90	297	420
CREMA.FL82_04798-RA	3	90	297	420
CSINI.Csp5_scaffold_02066.g24683.t3	62	204	231	318	525
CSP21.g14750.t1	3	90	297	420
CSP26.g6070.t1	3	90	297
CSP28.g7700.t1	3	90	297	420
CSP29.g2786.t1	3	90	297	420
CSP31.g9653.t1	3	90	297	420
CSP32.g8739.t1	3	90	297	420
CSP34.Sp34_40268800.t1	3	90	297	420
CSP38.g18962.t1	3	90	297	420
CSP39.g8729.t1	66	135	339	426	696	723	810	1017	1140
CSP40.g16942.t1	3	90	297
CTROP.Csp11.Scaffold629.g16382.t1	3	90	297	420
CVIRI.g9771.t1	3	90	297	420
DCORO.DCO_021065	3	90	203	297	469
