CAFRA.g18274.t1	126	201	788	895	997
CANGA.Cang_2012_03_13_00288.g8557.t1	126	189	525	889
CBREN.CBN14341	129	204	791	898	988
CBRIG.CBG05009	129	204	791	901	991
CCAST.g3808.t1	126	201	537	898
CDOUG.g14628.t1	129	204	791	898	1042
CELEG.C14F11.5b	126	201	788	895	970	1060
CJAPO.CJA13910	129	204	791	898	973	1072
CKAMA.g3326.t1	108	279	354	941	1048	1138
CLATE.FL83_00393-RB	129	204	791	895	973	1117
CMONO.g5328.t1	123	198	384	534	643	785	898	967	1153
CNOUR.g13296.t1	129	204	791	898	1000
CPLIC.g8724.t1	123	198	384	534	788	886
CREMA.FL82_01734-RB	129	204	791	895	970	1114
CSINI.Csp5_scaffold_00138.g5383.t1	129	204	791	898	988
CSP21.g14607.t1	126	387	537	643	797	982	1063
CSP26.g19456.t1	129	204	791	898	988
CSP28.g13016.t1	3	147	222	809	910	1012
CSP29.g4008.t1	129	204	791	898	1000
CSP31.g26050.t1	126	201	537	788	892	985
CSP32.g235.t1	129	204	791	898	1000
CSP34.Sp34_X0228000.t1	129	204	791	898	988
CSP38.g5762.t1	126	201	537	898	973	1120
CSP39.g20048.t1	126	201	788	892	994
CSP40.g15764.t1	129	204	791	898	985
CTROP.Csp11.Scaffold626.g6481.t1	129	204	791	898	988
CVIRI.g13429.t1	162	423	679	934	1027
DCORO.DCO_007685	45	150	225	411	561	700	932	1363	1474	1570	1713
