CAFRA.g6950.t1	121	222	333	1589
CANGA.Cang_2012_03_13_00228.g7415.t2	121	330	486	1287	1405	1813	2294	2550
CBREN.CBN17583	103	204	315	717	1221	1586
CBRIG.CBG13269	109	210	774	1643	2259
CCAST.g7698.t1	121	330	486	1224	1342	2048	2304
CDOUG.g15220.t1	109	210	321	723	1227	1592	2208
CELEG.Y66D12A.15	103	204	315	1245	1610	2226
CJAPO.CJA14824	109	207	318	474	1233	2214
CKAMA.g11395.t1	97	198	309	711	1215	1580	1884	2196
CLATE.FL83_17605-RA	109	210	321	723	1227	1592	2208
CMONO.g16221.t1	121	219	375	534	717	896	1032	1119	1237	1366	1484	1584	1740	1818	1943	2028	2199
CNOUR.g17278.t1	118	222	333	489	1236	2022	2217
CPLIC.g11445.t1	109	474	822	1001	1137	1224	1342	1589	1689	1845	1923	2205	2304
CREMA.FL82_09820-RA	109	210	321	723	1227	1592	2208
CSINI.Csp5_scaffold_00450.g11531.t1	109	210	321	1227	1592	2208
CSP21.g4049.t1	24	129	305	433	507	626	771	898	978	1246	1422	1578	1689	1849	2046	2150	2265	2492	2629	2700	2781	2945	3099	3196	3342	3466	3678	3834	3993	4364	4500	4705	4952	5208	5496
CSP26.g6326.t1	109	210	321	1227	1592	2208
CSP28.g13469.t1	130	234	345	1245	1664	2226
CSP29.g17934.t1	118	222	333	489	1236	2022	2217
CSP31.g11006.t1	124	219	486	645	837	1152	1357	1704	1938	2063	2220	2360	2488	3324	5718	5915	6265	9870	10171	10576	10743
CSP32.g3369.t1	121	222	333	1589
CSP34.Sp34_30090100.t1	103	204	315	717	1221	1586	2045	2160
CSP38.g12191.t1	73	130	667	805	946	1122	1240	1356	1477	1686	1842	2580	2698	3404	3660
CSP39.g785.t1	127	231	342	1245	1365	1697	2189	2346
CSP40.g20614.t1	109	210	321	1227	1592	2208
CTROP.Csp11.Scaffold488.g2021.t1	103	204	315	717	1221	1586	2202
CVIRI.g3877.t1	115	213	324	480	639	1013	1354	1601	2060	2217
DCORO.DCO_005189	62	228	339	495	582	651	819	998	1134	1221	1339	1468	1586	1686	1842	1920	2045	2130	2229	2295
