CAFRA.g2005.t1	49	166	434	727	883	1249
CANGA.Cang_2012_03_13_00303.g8855.t1	25	151	419	537	712	781	937	1156	1303	1339
CBREN.CBN30419	118	386	679	1201
CBRIG.CBG05143	4	272	565	721	1107
CCAST.g1857.t1	52	178	446	564	739	895	1114	1261
CDOUG.g10598.t1	53	346	502	868
CELEG.Y65B4A.2c	79	196	464	757	913	1279
CJAPO.CJA11632a	121	389	682	838	1204
CKAMA.g9778.t1	75	185	273	601	724	992	1285	1441	1807
CLATE.FL83_21198-RA	130	398	691	847	1213
CMONO.g8651.t1	67	178	312	446	564	739	895	1023	1114	1261
CNOUR.g7088.t1	46	172	440	889	1255
CPLIC.g1741.t1	121	389	507	585	838	1057	1204
CREMA.FL82_16099-RA	130	398	691	847	1213
CSINI.Csp5_scaffold_03028.g28821.t2	31	299	592	748	1114
CSP21.g6759.t1	52	169	303	437	555	633	730	886	1014	1105	1252
CSP26.g20494.t1	91	359	652	808	1174
CSP28.g10958.t1	121	389	838	1204
CSP29.g17608.t1	124	392	841	1207
CSP31.g20443.t1	46	175	443	736	892	1020	1258
CSP32.g6563.t1	49	166	434	705	748	1114
CSP34.Sp34_10226600.t1	302	595	751	1117
CSP38.g10778.t1	46	163	431	549	724	880	1099	1246
CSP39.g8949.t1	124	392	841	1207
CSP40.g7984.t1	7	275	568	724	1090
CTROP.Csp11.Scaffold629.g9814.t1	118	386	679	835	1201
CVIRI.g14101.t1	49	175	309	443	561	639	736	892	1020	1258
DCORO.DCO_011571	46	163	297	431	549	724	880	1008	1099	1246
