CAFRA.g311.t1	408	561	640	1062	1225	1255	1350	1908	3555	3711	5142
CANGA.Cang_2012_03_13_00262.g8072.t1	135	308	408	561	640	838	922	949	1602	1757	2864	3243	3488	3789	4395
CBREN.CBN01688	260	882	1069	1224	1380	1653	1806	1885	2307	2470	3123	4385	4770	4926	5558	6357
CBRIG.CBG01975	260	882	1069	1224	1653	1806	1885	2307	2470	3123	4385	4770	4926	5558	6357
CCAST.g13118.t1	135	308	408	561	640	1062	1225	1252	1905	2060	3167	3546	3791	4092	4698
CDOUG.g1214.t1	135	408	561	640	1062	1225	1878	3140	3528	3684	4316	5115
CELEG.W07E11.1b	260	882	1069	1224	1380	1653	1806	1885	2307	2470	2500	2595	3153	4415	4803	4959	5591	6390
CJAPO.CJA02190	135	408	561	640	1062	1225	1255	1350	1908	3558	3714	4346	5145
CKAMA.g9225.t1	135	408	886	1308	1471	1566	1905	2058	3320	3705	3861	4493	5292
CLATE.FL83_01386-RA	135	408	561	640	1062	1225	1255	1350	1908	3170	3558	3585	3741	4373	5172
CMONO.g11457.t1	168	341	441	594	673	1008	1095	1261	1294	1389	1564	1728	1947	2102	2227	2361	2535	2622	2763	2910	3206	3381	3576	3729	3815	4116	4273	4358	4545	4722	4890	4977	5070	5157	5238
CNOUR.g18853.t1	408	561	640	1062	1225	1255	1350	1908	3170	3555	3714	4346	5145
CPLIC.g12470.t1	135	308	408	561	640	1062	1225	1320	1878	2033	2694	2844	3140	3510	4301	4665	5100
CREMA.FL82_17289-RA	33	189	462	615	694	1116	1279	1309	1404	1962	3224	3612	3768	4400	5202
CSINI.Csp5_scaffold_00147.g5614.t1	42	198	471	624	703	1125	1288	1941	3203	3588	3744	4376
CSP21.g6199.t1	135	308	408	561	640	816	975	1062	1225	1255	1350	1765	1908	2063	2188	2322	2724	2874	3170	3555	3708	3791	3914	4092	4334	4698	4953	5133
CSP26.g9819.t1	135	408	561	640	1062	1225	1255	1908	3170	3552	3711	4343
CSP28.g14756.t1	3	432	585	664	1086	1249	1344	1902	3164	3549	3705	4337	5136
CSP29.g12946.t1	54	483	636	715	1137	1300	1395	1953	3215	3600	3759	4391	5190
CSP31.g25069.t1	135	308	408	561	640	1062	1225	1252	1905	2060	2721	3552	3705	3794	4956
CSP32.g12709.t1	408	561	640	1062	1225	1255	1350	1908	3558	3714	5145
CSP34.Sp34_X0065210.t1	260	882	1069	1224	1380	1653	1806	1885	2307	2470	2500	2595	3153	4415	4803	4959	5591	6390
CSP38.g1842.t1	135	308	408	561	640	1062	1225	1252	1347	1905	2060	3167	3549	3791	4698	5133
CSP39.g5688.t1	27	456	609	688	1110	1273	1303	1398	1956	3218	3603	3759	4391	5190
CSP40.g15908.t1	135	408	561	640	1062	1225	1320	1878	3140	3525	3681	4313
CTROP.Csp11.Scaffold629.g13665.t2	135	408	561	640	1062	1225	1255	1908	3170	3555	3711	4343	5142
CVIRI.g808.t1	135	308	408	561	640	1062	1225	1252	1905	2060	2721	3167	3543	3782	4325	4689	5124
DCORO.DCO_002441	135	216	308	408	561	640	816	975	1062	1228	1264	1359	1534	1698	1774	1917	2072	2197	2331	2462	2592	2733	2883	2989	3179	3354	3470	3552	3699	3788	3911	4017	4089	4191	4331	4518	4695	4863	4950	5130
