CAFRA.g7095.t1	80	561	657
CANGA.Cang_2012_03_13_00826.g14411.t1	80	489
CBREN.CBN08152	80	281	486	561	657
CBRIG.CBG09472	80	281	486	561	657
CCAST.g7927.t1	80	489
CDOUG.g648.t1	80	281	486	561	657	730	807	923
CELEG.C46G7.2	80	281	486	561	657
CJAPO.CJA11004	281	486	561	657
CKAMA.g1449.t1	80	281	486	564	680
CLATE.FL83_20352-RA	80	281	486	561	657	730	807	923
CMONO.g19665.t1	80	198	281	372	486	561	657
CNOUR.g21903.t1	80	281	486	561	657
CPLIC.g12928.t1	80	198	284	489	564
CREMA.FL82_04295-RA	80	281	486	561	657
CSINI.Csp5_scaffold_00163.g6022.t2	80	281	519	594	690
CSP21.g7248.t1	80	372	486	561	634
CSP26.g13287.t1	80	281	486	561	657
CSP28.g12841.t1	80	281	486	561	657
CSP29.g351.t1	80	281	486	561	657
CSP31.g2491.t1	281	486	561	657
CSP32.g8892.t1	80	486	561	657
CSP34.Sp34_40159400.t1	80	281	486	561	657
CSP38.g3049.t1	80	489
CSP39.g19319.t1	80	281	486	561	657
CSP40.g20387.t1	80	281	486	561	657
CTROP.Csp11.Scaffold538.g3332.t1	80	281	486	657
CVIRI.g9357.t1	80	281	486	561	657
DCORO.DCO_018559	284	375	489	660
