CAFRA.g10584.t1	139	654	856	932	1047	1132
CANGA.Cang_2012_03_13_00179.g6328.t1	272	654	844	880	953	1077	1159
CBREN.CBN31219	139	666	862	938	1065	1150
CBRIG.CBG08558	139	657	850	926	1062	1150
CCAST.g16798.t1	272	648	805	841	914	1038	1120
CDOUG.g13422.t3	139	666	865	941	1074	1154	1368	1453
CELEG.K10C8.3a.1	139	669	859	898	974	1101	1183
CJAPO.CJA06991	139	660	853	892	971	1086	1180
CKAMA.g11687.t1	139	663	856	935	1197	1276
CLATE.FL83_18286-RB	139	666	862	901	977
CMONO.g1618.t3	139	272	357	503	636	862	904	1007	1125	1380	1450
CNOUR.g14811.t1	139	832	914	1035	1123
CPLIC.g3099.t1	139	503	687	805	844	917	1020	1102
CREMA.FL82_11118-RA	139	666	862	901	977	1107	1224	1309
CSINI.Csp5_scaffold_00439.g11399.t2	139	666	850	926	1059
CSP21.g5607.t1	139	272	357	503	684	832	877	947	1059	1126
CSP26.g19287.t1	28	144	214	370	900	1072	1111	1187	1314	1399
CSP28.g6348.t1	139	669	853	935	1050	1138	1292	1441	1743	1946	2076
CSP29.g19424.t1	28	141	232	376	1072	1154	1275
CSP31.g10577.t1	139	272	357	503	883	962	1062	1147
CSP32.g16195.t1	139	657	856	932	1056	1150
CSP34.Sp34_50177310.t1	139	654	949	1025	1152	1237
CSP38.g19820.t1	272	663	820	856	926	1047	1129
CSP39.g13456.t1	139	672	856	895	977	1089	1177
CSP40.g18488.t1	139	666	856	895	971	1104	1189
CTROP.Csp11.Scaffold476.g1716.t1	139	663	838	914	1047	1132
CVIRI.g3.t1	139	272	357	503	642	880	928	1010	1113	1189
DCORO.DCO_011623	139	272	357	503	585	681	760	841	944	1053	1153
