CAFRA.g10010.t1	195	366	626	1326	1439
CANGA.Cang_2012_03_13_00120.g4920.t2	234	494	904	1004	1414
CBREN.CBN21896	195	366	523	626	721	801	1036	1254	1367
CBRIG.CBG06141	198	369	526	629	724	1039	1445
CCAST.g13675.t1	348	608	1018
CDOUG.g16348.t1	26	121	201	436	729	842
CELEG.M04B2.4	195	366	523	626	801	1036	1329	1442
CJAPO.CJA14306	195	366	523	626	1036	1329	1442
CKAMA.g11629.t1	186	357	514	617	1027	1320	1433
CLATE.FL83_22870-RA	195	366	523	626	721	801	1036	1329	1442
CMONO.g5843.t1	186	304	357	514	617	712	792	849	921	1027	1206	1317	1430
CNOUR.g14100.t1	195	366	523	626	1036	1442
CPLIC.g5570.t1	183	354	511	614	918	1024	1203	1314	1427
CREMA.FL82_03839-RA	195	366	523	626	721	801	1036	1329	1442
CSINI.Csp5_scaffold_00164.g6040.t1	195	366	523	626	721	1036	1329	1442
CSP21.g14729.t1	189	360	620	715	852	924	1054	1209	1320	1433
CSP26.g21902.t1	195	366	523	626	721	1036	1329	1442
CSP28.g10832.t1	195	366	523	626	1036	1442
CSP29.g19885.t1	195	366	523	626	1036	1442
CSP31.g26750.t1	195	366	523	626	721	1036	1326	1439
CSP32.g14801.t1	195	366	626	1326	1439
CSP34.Sp34_40327200.t1	195	366	523	626	721	801	1036	1329	1442
CSP38.g15573.t1	348	608	783	1018	1308	1421
CSP39.g13731.t1	195	523	626	1442
CSP40.g734.t1	195	366	523	626	721	1036	1329	1442
CTROP.Csp11.Scaffold507.g2465.t1	195	366	523	626	721	801	1036	1329	1442
CVIRI.g12577.t1	198	369	526	629	933	1039	1329	1442
DCORO.DCO_008961	201	319	409	529	632	807	924	1030	1209	1287	1381	1512
