CAFRA.g18667.t1	73	226	376	429	708	848	976	1096	1207	1999	2134
CANGA.Cang_2012_03_13_00117.g4835.t1	73	220	376	529	648	791	919	1006	1087	1227	1840	1972
CBREN.CBN05507	34	170	256	409	559	612	882	1025	1153	1276	1393	2146	2278
CBRIG.CBG07717	34	170	256	409	559	612	882	1025	1153	1279	1390	2140	2272
CCAST.g5374.t1	25	161	247	394	550	864	1007	1135	1222	1306	1446	2053	2182
CDOUG.g11474.t1	34	170	256	409	559	612	882	1025	1153	1279	1390	2179	2311
CELEG.H30A04.1b	34	170	256	409	559	612	882	1025	1153	1276	1375	2131	2269
CJAPO.CJA08982	34	173	259	412	568	627	933	1073	1201	1330	1432	2266	2401
CKAMA.g9620.t1	28	164	403	544	597	867	1010	1138	1261	1351	2074	2209
CLATE.FL83_01798-RA	136	272	358	511	661	714	984	1127	1255	1492	2245	2374
CMONO.g4102.t1	61	194	286	424	571	624	738	894	1031	1159	1258	1333	1419	1485	1566	1636	1728	1776	1854	1993	2098
CNOUR.g4464.t1	34	170	256	409	559	612	891	1031	1159	1279	1393	2173	2308
CPLIC.g10056.t1	31	167	253	400	556	609	723	879	1019	1147	1303	1587	1674	1839	2167	2266
CREMA.FL82_02379-RA	34	170	256	409	559	612	882	1025	1153	1276	2203	2332
CSINI.Csp5_scaffold_00153.g5778.t4	28	164	250	403	553	606	876	1016	1144	1267	1378	2149	2281
CSP21.g8042.t1	40	173	265	406	562	615	729	885	1019	1147	1264	1440	1497	1638	1717	1791	1941	2122	2260
CSP26.g17208.t1	28	164	250	403	553	606	876	1019	1147	1387	2119	2251
CSP28.g11724.t1	52	202	255	537	677	805	925	1045	1825	1960
CSP29.g882.t1	34	170	256	409	550	603	882	1022	1150	1270	1384	2164	2299
CSP31.g13781.t1	34	170	256	412	562	615	726	882	1025	1153	1267	1357	1449	2119	2251
CSP32.g13182.t1	34	170	256	409	559	612	891	1031	1159	1279	1393	2182	2317
CSP34.Sp34_X0132000.t1	96	229	365	451	604	754	807	1077	1220	1348	1474	1582	2371	2503
CSP38.g13254.t1	25	161	247	394	547	870	1022	1150	1237	1315	1452	2080	2221
CSP39.g9055.t1	34	170	256	409	559	612	894	1034	1162	1282	1414	2158	2293
CSP40.g8890.t1	28	164	250	403	553	606	876	1016	1144	1378	2137	2269
CTROP.Csp11.Scaffold629.g14808.t1	34	170	256	409	559	612	882	1025	1153	1276	1384	2071	2203
CVIRI.g3960.t1	34	170	256	412	562	615	726	882	1028	1156	1264	1360	1452	1506	1752	2137	2263
DCORO.DCO_004035	59	182	373	518	610	751	916	1119	1302	1436	1717	1887	1953	2134	2292	2457	2731	2822
