CAFRA.g4395.t1	97	235	417	571	735	856	975	1038
CANGA.Cang_2012_03_13_00514.g11736.t2	67	387	541	793	894	960
CBREN.CBN25090	100	238	420	574	729	835
CBRIG.CBG10960	100	238	420	574	738	844	963	1026
CCAST.g15331.t1	67	387	541	790	891	957
CDOUG.g13158.t1	100	238	420	574	729	835	951	1017
CELEG.B0403.5	100	241	423	577	738	844	960	1023
CJAPO.CJA01353b	201	355	519	625	759	822
CKAMA.g3374.t1	100	238	420	574	738	844	960	1023
CLATE.FL83_00248-RA	100	238	420	574	729	835	957	1020
CMONO.g20009.t1	88	244	333	423	577	729	895	984	1074
CNOUR.g18956.t1	103	241	423	577	741	847	960	1023
CPLIC.g3.t1	97	235	324	414	726	823	927	990
CREMA.FL82_01554-RA	100	238	420	574	729	835	951	1014
CSINI.Csp5_scaffold_00029.g1631.t1	100	238	420	574	738	844	960	1023
CSP21.g8074.t1	91	235	324	414	568	726	865	960	1023
CSP26.g8989.t1	100	238	420	574	738	844	960	1023
CSP28.g13834.t1	103	244	327	481	645	751	867
CSP29.g4125.t1	103	241	423	577	741	847	960
CSP31.g20621.t1	100	250	432	586	744	850	960	1041
CSP32.g5604.t1	97	235	417	571	735	853	972	1035
CSP34.Sp34_X0199100.t1	100	238	420	574	735	841	954	1017
CSP38.g10946.t1	97	417	571	829	930	996
CSP39.g7708.t1	103	241	423	577	741	847	969	1032
CSP40.g2170.t1	100	238	420	574	741	847	963	1026
CTROP.Csp11.Scaffold578.g4514.t1	100	238	420	574	729	835	951	1014
CVIRI.g1455.t1	94	229	321	414	568	729	865	975	1041
DCORO.DCO_007405	15	163	306	409	513	639	729	889	1056	1291	1407	1545	1620
