CAFRA.g18851.t1	235	837	1627
CANGA.Cang_2012_03_13_00228.g7420.t1	93	837	957	1219	1624
CBREN.CBN01342	235	837	1624
CBRIG.CBG19676	235	837	1627
CCAST.g7695.t1	93	837	957	1219	1624
CDOUG.g13011.t1	235	837	1627
CELEG.C05D11.12.1	235	837	1627
CJAPO.CJA10774	235	837	1627
CKAMA.g4584.t1	235	837	1627	1790	1859	1911	2043	2381	3205
CLATE.FL83_16457-RA	235	837	1627
CMONO.g7478.t1	93	235	375	630	711	837	957	1084	1213	1315	1437	1618
CNOUR.g3642.t1	235	1627
CPLIC.g746.t1	93	837	1219	1624
CREMA.FL82_16908-RA	235	837	1578
CSINI.Csp5_scaffold_00051.g2622.t1	235	837	1627
CSP21.g9365.t1	93	235	375	630	837	957	1084	1219	1321	1443	1624
CSP26.g12247.t1	235	837	1627
CSP28.g16695.t1	235	837	1627
CSP29.g8846.t1	235	1627
CSP31.g13386.t1	93	235	711	957	1219	1624
CSP32.g18083.t1	235	837	1627
CSP34.Sp34_30173110.t1	235	837	1627
CSP38.g1476.t1	93	837	957	1219	1624
CSP39.g5220.t2	57	255	493	649	1331	1567	2169	2956
CSP40.g3639.t1	235	837	1627
CTROP.Csp11.Scaffold630.g17491.t1	235	837	1624
CVIRI.g2666.t1	93	235	375	837	1219	1321	1787	1842	1974	2163	2517	2671	2908
DCORO.DCO_007481	93	235	375	552	630	711	837	957	1034	1084	1213	1318	1440	1621
