CAFRA.g3083.t1	117	262	457	916	1619	1808
CANGA.Cang_2012_03_13_01212.g15990.t1	726
CBREN.CBN18845	117	262	457	586	916	1574	1817
CBRIG.CBG11595	117	262	457	586	1571	1865
CCAST.g230.t1	117	256	1236	1565
CDOUG.g9771.t1	117	262	457	583	913	1514	1634	1805
CELEG.T01C3.1	117	262	457	916	1523	1826
CJAPO.CJA00713	78	223	418	880
CKAMA.g294.t1	117	262	457	589	916	1517	1634	1802
CLATE.FL83_16669-RA	262	457	586	916	1526	1643	1826
CMONO.g8430.t1	117	262	356	506	715	801	932	990	1085	1229	1349	1446	1529	1678
CNOUR.g6942.t1	27	172	367	499	829	1427	1517
CPLIC.g3979.t1	123	262	356	457	704	799	910	1029	1242	1352	1499	1619	1725	1796	1957
CREMA.FL82_16085-RA	262	457	586	916	1526	1643	1826
CSINI.Csp5_scaffold_00817.g15747.t1	117	262	457	586	919	1523	1643	1820
CSP21.g5859.t1	126	262	356	457	580	698	796	907	1154	1242	1343	1490	1604	1701	1727
CSP26.g15528.t1	117	262	457	586	919	1523	1643	1823
CSP28.g632.t1	117	262	457	589	919	1520	1622
CSP29.g17259.t1	117	262	457	589	919	1517	1610
CSP31.g1159.t1	120	271	365	466	595	713	1160	1242	1349	1493	1613	1781
CSP32.g17696.t1	117	262	457	916	1628	1820
CSP34.Sp34_50344700.t1	117	262	457	586	916	1517	1817
CSP38.g17187.t1	117	256	451	701	1154	1236	1562
CSP39.g2940.t1	117	262	457	589	919	1640
CSP40.g23713.t1	117	262	457	586	919	1523	1643	1823
CTROP.Csp11.Scaffold629.g15867.t2	117	262	457	583	931	1634	1805
CVIRI.g1237.t1	117	256	451	583	701	799	910	981	1112	1194	1445	1562	1742
DCORO.DCO_011669	135	283	377	466	589	680	778	889	1008	1130	1212
