CAFRA.g10096.t1	133	261	450	627	828
CANGA.Cang_2012_03_13_00780.g14093.t1	141	318	495
CBREN.CBN06493	136	444	621	822
CBRIG.CBG13582	136	444	621	822
CCAST.g10616.t1	115	255	432	609	804
CDOUG.g9930.t1	136	447	624	828	952
CELEG.Y41D4B.1	136	624	822	946
CJAPO.CJA05807	168
CKAMA.g13517.t1	136	258	444	645
CLATE.FL83_12107-RA	130
CMONO.g15544.t1	154	279	462	578	639	796	840	967
CNOUR.g12221.t1	133	255	441	618	819	970
CPLIC.g12941.t1	243	420	594	828
CREMA.FL82_07598-RA	130	423	597	704
CSINI.Csp5_scaffold_00166.g6106.t2	136	444	621	822	949
CSP21.g15207.t1	119	281	440	532	638	765
CSP26.g8358.t1	133	441	618	819	943
CSP28.g10886.t1	79	201	387	564	765
CSP29.g19867.t1	133	255	441	618	819	970
CSP31.g14965.t1	124	249	438	615	822	967
CSP32.g15270.t1	133	264	453	630	831	955
CSP34.Sp34_40029200.t1	73	567	765	889
CSP38.g22158.t1	115	246	609	804
CSP39.g6840.t1	255	441	618	819
CSP40.g4321.t1	136	447	624	825	949
CTROP.Csp11.Scaffold629.g10594.t1	
CVIRI.g10442.t1	142	264	468	645	843	979
DCORO.DCO_015525	151	276	468	639	727	846	976
