CAFRA.g10692.t1	120	222	399	612	1212
CANGA.Cang_2012_03_13_00034.g1928.t1	249	426	639	1266
CBREN.CBN00680	120	222	399	621	1176
CBRIG.CBG14059	120	222	399	615	1197
CCAST.g1298.t1	249	426	639	1266
CDOUG.g4572.t1	120	222	399	615	1185
CELEG.T14F9.4a	120	222	396	594	1182
CJAPO.CJA02677	120	222	399	612	1218
CKAMA.g1168.t1	120	222	396	609	1218
CLATE.FL83_00946-RA	120	222	399	1206
CMONO.g8450.t1	101	222	324	501	592	714	777	920	1113	1254
CNOUR.g6132.t1	48	171	273	450	663	1260
CPLIC.g7171.t1	120	222	399	490	612	1185
CREMA.FL82_00712-RA	120	222	399	1212
CSINI.Csp5_scaffold_00202.g6937.t1	120	222	399	615	1191
CSP21.g16218.t1	120	222	399	660	803	1137	1191
CSP26.g9182.t1	45	168	270	447	663	1242
CSP28.g9706.t1	120	222	399	612	1200
CSP29.g11658.t1	120	222	399	612	1209
CSP31.g21965.t1	120	222	399	606	1170
CSP32.g16680.t1	48	171	273	450	663	1266
CSP34.Sp34_X0105200.t1	48	171	273	450	666	1266	1304	1330
CSP38.g5312.t1	240	417	630	1236
CSP39.g19143.t1	120	222	399	612	1209
CSP40.g18858.t1	102	207	330	432	609	825	1392
CTROP.Csp11.Scaffold629.g16582.t1	120	222	399	615	1188
CVIRI.g14516.t1	120	222	399	612	1191
DCORO.DCO_008509	177	303	405	582	909	1058	1350	1500
