CAFRA.g11265.t1	55	574	1426	1565	2848	2925
CANGA.Cang_2012_03_13_00635.g13011.t1	64	402	1687	1764
CBREN.CBN11040	58	577	980	1429	1580	2869	2946
CBRIG.CBG04015	58	577	980	1429	1580	2869	2946
CCAST.g1425.t1	61	399	580	886	1011	1324	1475	2752	2829
CDOUG.g1795.t1	58	577	980	1429	1580	2869	2946
CELEG.C34G6.6b	58	577	980	1429	1580	2869	2946
CJAPO.CJA00644	58	577	1429	1568	2854	2943
CKAMA.g2689.t1	130	649	1052	1501	1640	2929	3006
CLATE.FL83_22728-RB	58	980	1429	1580	2850	2934
CMONO.g7294.t1	52	186	291	390	506	571	705	850	974	1274	1423	1527	1574	1692	1932	2202	2357	2739	2848
CNOUR.g2146.t1	58	577	1429	1580	2866	2943
CPLIC.g6047.t1	61	574	708	853	1426	1530	2220	2375	2848
CREMA.FL82_07886-RB	58	980	1429	1580	2850	2922
CSINI.Csp5_scaffold_00795.g15540.t1	141	209	322	841	1244	1693	1844	3133	3210
CSP21.g3924.t1	55	288	503	568	847	971	1173	1271	1420	1524	2007	2217	2372	2860	2937	3015
CSP26.g2053.t1	55	574	977	1426	1577	2866	2943
CSP28.g2543.t1	55	574	1426	1565	2851	2928
CSP29.g17778.t1	58	577	1429	1568	2854	2931
CSP31.g22466.t1	61	714	1119	1432	1583	1941	2869	2946
CSP32.g8107.t1	55	574	1426	1577	2863	2940
CSP34.Sp34_10295100.t1	58	577	980	1429	1568	2857	2934
CSP38.g21624.t2	61	580	983	1119	1432	1583	1944	2857	2934
CSP39.g9851.t2	58	577	1429	1580	2866	2943
CSP40.g17026.t2	55	574	977	1426	1577	2866	2943
CTROP.Csp11.Scaffold630.g17099.t1	58	577	980	1429	1568	2857	2934
CVIRI.g13460.t2	70	592	726	995	1131	1444	1548	1953	2393	2884	2961
DCORO.DCO_003599	61	195	300	399	515	580	714	983	1119	1185	1280	1429	1568	1686	1803	1926	2124	2238	2393	2496	2639	2799	2955	3036
