CAFRA.g5354.t1	831	917	1044
CANGA.Cang_2012_03_13_00931.g14996.t1	279	753	816	1029
CBREN.CBN04148	182	312	671	849	935	1062
CBRIG.CBG11100	318	516	677	855	941	1068
CCAST.g12869.t2	279	753	816	1029
CDOUG.g17824.t1	315	674	852	938	1065
CELEG.Y54G11A.8a	164	297	656	834	920	1047
CJAPO.CJA17859	615
CKAMA.g18343.t1	170	300	837	923	1050	1175	2529	2681	3325	3536
CLATE.FL83_15867-RA	170	303	662	840	926	978
CMONO.g13754.t2	173	297	401	485	627	771	834	920	1047
CNOUR.g7433.t1	170	837	923	1050
CPLIC.g9134.t1	165	312	427	608	741	845	929	1071	1215	1278	1364
CREMA.FL82_06436-RA	234	349	528	887	1065	1151	1203
CSINI.Csp5_scaffold_02480.g26673.t1	218	584	762	848	975
CSP21.g7528.t1	146	374	458	600	744	807	893	1020
CSP26.g18268.t1	173	306	665	843	929	1056
CSP28.g9069.t1	170	837	923	1050
CSP29.g8075.t1	170	837	923	1050
CSP31.g1947.t1	152	294	482	624	768	831	917	1044
CSP32.g16021.t1	828	914	1041
CSP34.Sp34_20164900.t1	191	321	680	858	944	1071
CSP38.g3581.t1	282	386	756	819	1032
CSP39.g7843.t1	170	840	926	1053
CSP40.g3750.t1	185	318	677	855	941	1068
CTROP.Csp11.Scaffold629.g15687.t1	170	288	647	825	911	1038
CVIRI.g13827.t1	146	392	476	618	762	825	911	1038
DCORO.DCO_012579	152	288	392	497	639	783	846	932	1059	1205
