CAFRA.g12203.t1	15	99	300	455	615	798	978	1326	1432	1599
CANGA.Cang_2012_03_13_00247.g7843.t1	294	379	569
CBREN.CBN17182	18	102	303	458	801	981	1329	1432	1599
CBRIG.CBG12867	18	303	458	618	801	981	1329	1599
CCAST.g897.t2	18	102	303	618	801	1329	1420
CDOUG.g16805.t1	18	102	303	458	801	981	1329	1435	1602
CELEG.C01G8.5b	18	102	303	458	618	801	981	1329	1435	1602
CJAPO.CJA07452	15	99	300	455	615	798	978	1326	1596
CKAMA.g781.t1	18	102	303	458	618	801	981	1329	1432	1599	1676	1793	1943	2058	2153
CLATE.FL83_18006-RA	15	99	300	455	615	798	978	1326	1426	1593
CMONO.g7418.t1	21	105	169	306	461	621	720	804	984	1167	1269	1332	1426	1521	1593
CNOUR.g19154.t1	15	99	300	455	624	807	987	1335	1435	1602
CPLIC.g3348.t1	15	99	163	300	615	798	1450	1617
CREMA.FL82_12485-RA	15	99	300	455	615	798	978	1326	1426	1593
CSINI.Csp5_scaffold_01154.g18826.t1	18	102	303	458	618	801	981	1329	1435	1602
CSP21.g1024.t1	15	163	300	449	609	792	972	1155	1236	1320	1503	1575	1642
CSP26.g16232.t1	18	102	303	458	618	801	981	1329	1435	1602
CSP28.g2914.t1	18	102	303	458	618	801	981	1329	1608
CSP29.g16854.t1	18	102	321	476	645	828	1008	1356	1456	1623	1712	1818	1895	2015	2168	2283	2378
CSP31.g5861.t1	30	114	315	473	633	816	1344	1429	1596
CSP32.g1991.t1	18	102	303	458	618	801	981	1329	1435	1602
CSP34.Sp34_10276900.t1	63	147	348	503	663	846	1026	1374	1647
CSP38.g2321.t1	18	102	303	618	801	1323	1411	1578	1667	1773	1859	1991	2144	2250
CSP39.g49.t2	15	300	455	624	807	987	1335	1447	1614
CSP40.g779.t2	18	102	303	458	618	801	981	1329	1435	1602	1691	1863	2057	2325
CTROP.Csp11.Scaffold630.g21822.t1	123	207	408	563	906	1086	1434	1540	1707
CVIRI.g11363.t1	24	108	309	464	624	807	987	1170	1335	1587
DCORO.DCO_006767	108	255	403	540	695	855	954	1038	1218	1374	1503	1669	1764
