CAFRA.g15759.t1	157	692	1363	1687
CANGA.Cang_2012_03_13_00397.g10287.t1	1238	1364	1408	1717
CBREN.CBN30043	157	692	1052	1363	1687
CBRIG.CBG24498	157	692	1052	1363	1687
CCAST.g3009.t1	1037	1223	1348	1672
CDOUG.g5365.t1	157	692	1354	1678
CELEG.F30A10.6	136	671	1342	1666
CJAPO.CJA04646	157	692	1052	1363	1687
CKAMA.g2773.t1	157	692	1052	1363	1687
CLATE.FL83_11555-RA	161	521	709	1033
CMONO.g14376.t1	44	154	238	282	366	519	579	689	816	960	1055	1154	1241	1366	1425	1533	1623	1690
CNOUR.g21437.t1	157	692	1363	1687
CPLIC.g4690.t1	41	151	235	279	363	516	576	954	1049	1148	1235	1360	1527	1617
CREMA.FL82_08991-RA	157	639	959	1270	1594
CSINI.Csp5_scaffold_00089.g3934.t1	157	692	1052	1363	1687
CSP21.g1025.t1	44	154	282	366	579	689	822	966	1061	1160	1247	1372	1431	1629
CSP26.g19119.t1	157	692	1052	1363	1687
CSP28.g10082.t1	157	1052	1363	1687
CSP29.g12630.t1	157	692	1363	1687
CSP31.g9803.t1	154	282	366	519	579	689	1040	1139	1226	1351	1608
CSP32.g8313.t1	157	692	1363	1687
CSP34.Sp34_10071200.t1	19	100	635	1306	1630
CSP38.g11681.t1	1040	1226	1351	1518	1675
CSP39.g5136.t1	484	556	862
CSP40.g661.t1	157	692	1363	1687
CTROP.Csp11.Scaffold629.g14904.t1	157	1052	1363
CVIRI.g6921.t1	154	579	945	1040	1223	1348	1515	1672
DCORO.DCO_006289	96	223	278	388	472	600	753	813	923	1047	1191	1286	1385	1472	1597	1656	1764	1921
