CAFRA.g9514.t1	37	360	804
CANGA.Cang_2012_03_13_06417.g20253.t1	44	298	367
CBREN.CBN19640	360	603	699
CBRIG.CBG07111	174	363	447	606	807
CCAST.g16769.t1	40	363	702
CDOUG.g24714.t1	171
CELEG.Y57G7A.10	37	171	360	444	603	699	804
CJAPO.CJA01894	357	441	696	801
CKAMA.g9295.t1	165	354	798
CLATE.FL83_16417-RA	174	363	447	606	702	807
CMONO.g14501.t1	49	183	314	372	456	564	615	711	816
CNOUR.g20428.t1	85	408	651
CPLIC.g695.t1	40	174	363	447	555	702	795
CREMA.FL82_19578-RA	174	363	447	606	702	807
CSINI.Csp5_scaffold_00228.g7510.t1	228	417	501	660	756	861
CSP21.g5954.t1	43	177	366	450	609	705
CSP26.g20331.t1	228	417	501	660	756	861
CSP28.g11438.t1	34	357
CSP29.g7733.t1	37	360	603
CSP31.g6256.t1	40	174	363	555	702	807
CSP32.g13504.t1	34	357	801
CSP34.Sp34_20015300.t1	37	171	360	444	603	699	804
CSP38.g8574.t1	40	363	447	555	702
CSP39.g3691.t1	88	222	411
CSP40.g23175.t2	228	417	501	660	861
CTROP.Csp11.Scaffold605.g5683.t1	171	360	603	843
CVIRI.g1387.t1	40	174	363	447	702
DCORO.DCO_016733	46	180	311	369	453	561	708	816
