CAFRA.g16667.t1	652	751	861	1020	1503	1638
CANGA.Cang_2012_03_13_00461.g11128.t1	433	642	1284
CBREN.CBN01116	556	765	924	1407	1542
CBRIG.CBG12778	550	759	918	1401	1536
CCAST.g13269.t1	436	645	1287
CDOUG.g10049.t1	607	816	975	1458	1593
CELEG.F08B6.4a.1	604	813	972	1455	1590
CJAPO.CJA12321	613	822	981	1464	1599
CKAMA.g2979.t1	520	729	888	1371	1506
CLATE.FL83_13431-RA	595	804	963	1446	1581
CMONO.g19007.t1	40	946	1045	1155	1314	1395	1533	1707	1797	1932	2019
CNOUR.g11176.t1	523	891	1374	1509
CPLIC.g14516.t1	261	396
CREMA.FL82_12426-RA	31	289	498	657	1140	1275
CSINI.Csp5_scaffold_01032.g17751.t1	583	792	951	1434	1569
CSP21.g10883.t1	34	133	243	402	483	621	795	885	1020
CSP26.g19887.t1	520	729	888	1371	1506
CSP28.g5140.t1	502	870	1353	1488
CSP29.g10714.t1	508	876	1359	1494
CSP31.g4194.t1	424	633	792	1410
CSP32.g6900.t1	619	718	987	1470	1605
CSP34.Sp34_10342810.t1	31	240	399	882	1017
CSP38.g9538.t1	34	243	885
CSP39.g9343.t1	610	978	1461	1596
CSP40.g5924.t1	547	712	921	1080	1563	1698
CTROP.Csp11.Scaffold539.g3338.t1	586	795	954	1437	1572
CVIRI.g13980.t1	505	714	873	1356	1491
DCORO.DCO_007563	682	781	891	946	972	1050	1131	1258	1443	1533	1611	1668
