CAFRA.g19142.t1	110	180	347	510	795
CANGA.Cang_2012_03_13_00575.g12391.t1	104	335	774
CBREN.CBN31121	113	183	350	513	662	798
CBRIG.CBG17703	113	183	350	513	662	798
CCAST.g2145.t1	104	335	774
CDOUG.g1683.t1	110	180	347	510	659	795
CELEG.C49H3.9	113	186	353	665	801
CJAPO.CJA06035	113	183	350	513	662	798
CKAMA.g18648.t1	113	183	350	513	662	801
CLATE.FL83_16010-RA	113	183	350	513	662	804
CMONO.g1581.t1	56	243	410	573	722	846
CNOUR.g3467.t1	113	183	350	513	662	801
CPLIC.g4602.t1	104	168	335	498	647	771
CREMA.FL82_23120-RA	113	183	350	513	662	810
CSINI.Csp5_scaffold_00067.g3188.t1	113	240	407	570	719	858
CSP21.g10618.t1	333	438	493	738
CSP26.g6058.t2	113	183	350	513	662	804
CSP28.g13926.t1	110	180	347	510	659	795
CSP29.g3262.t1	113	183	350	513	662	801
CSP31.g21598.t1	104	168	335	498	647	771
CSP32.g14739.t1	110	180	347	510	795
CSP34.Sp34_40102800.t1	113	183	350	662	798
CSP38.g21678.t1	104	335	650	774
CSP39.g912.t1	113	183	350	513	662	798
CSP40.g6578.t1	116	186	353	516	665	807
CTROP.Csp11.Scaffold629.g12800.t1	110	180	347	510	659	801
CVIRI.g11669.t1	167	330	603
DCORO.DCO_014953	155	210	377	540	713	849
