CAFRA.g3825.t1	582	705
CANGA.Cang_2012_03_13_00586.g12515.t1	780	933	1008
CBREN.CBN02086	585	708
CBRIG.CBG00919	585	708
CCAST.g8773.t1	717	870
CDOUG.g6793.t1	708
CELEG.C01G6.3	585	708
CJAPO.CJA06865a	54	771
CKAMA.g1775.t1	588	711
CLATE.FL83_19127-RA	585	708
CMONO.g16258.t1	107	271	438	591	714	867	1002	1110
CNOUR.g12766.t1	711
CPLIC.g10281.t1	455	634	792	945	1068	1455
CREMA.FL82_06469-RA	585	708
CSINI.Csp5_scaffold_00948.g16994.t2	621	744
CSP21.g12064.t1	15	116	280	444	594	717	870
CSP26.g605.t1	588	711
CSP28.g12452.t1	93	220	689	848	1020	1608	1731
CSP29.g6301.t1	711
CSP31.g16695.t1	591	714	867
CSP32.g4198.t1	582	705
CSP34.Sp34_20300500.t1	588	711
CSP38.g16088.t1	708	861
CSP39.g8158.t1	588	711
CSP40.g1705.t1	588	711
CTROP.Csp11.Scaffold630.g21404.t1	588	711
CVIRI.g13573.t1	110	274	438	591	714	867
DCORO.DCO_013419	107	308	432	585	708	864	990
