CAFRA.g8919.t1	126	205	268	366	709	1001	1263
CANGA.Cang_2012_03_13_00959.g15124.t1	135	226	724	1077
CBREN.CBN18866	141	220	280	534	721	1013	1074	1272
CBRIG.CBG16493	137	150	229	289	546	1025	1086	1284
CCAST.g18304.t1	135	226	724	1077	1275
CDOUG.g19010.t1	18	121	375	562	854	915	1113
CELEG.F31E3.2a	144	223	283	381	537	724	1016	1077
CJAPO.CJA06024	111	190	297	453	640	932	993	1191
CKAMA.g4912.t1	150	229	289	387	543	730	1022	1083	1314
CLATE.FL83_18887-RA	291	370	430	844	1103	1164	1362
CMONO.g20218.t1	39	96	148	232	336	492	606	741	881	942	1044	1140
CNOUR.g11816.t1	141	220	280	381	537	724	1016	1272
CPLIC.g13731.t1	42	102	172	306	462	649	801	941	1002	1227
CREMA.FL82_10100-RA	288	367	427	681	795	1112	1173	1371
CSINI.Csp5_scaffold_00301.g8993.t1	71	216	355	612	799	1091	1152	1350
CSP21.g12585.t1	39	96	154	241	366	522	709	861	1001	1062	1164	1266
CSP26.g21917.t1	138	217	277	534	721	1013	1074	1272
CSP28.g9973.t1	141	220	318
CSP29.g10177.t1	34	94	192	379	671	927
CSP31.g25579.t1	129	285	472	764	927
CSP32.g5934.t1	135	214	369	712	1004	1260
CSP34.Sp34_30252400.t1	135	214	274	372	528	715	1007	1068	1266
CSP38.g16797.t1	135	226	289	387	730	1083	1185	1281
CSP39.g7510.t1	150	229	289	387	543	730	1083	1278
CSP40.g3003.t1	44	105	306
CTROP.Csp11.Scaffold629.g14420.t1	141	220	280	534	721	1013	1074	1272
CVIRI.g8260.t1	132	220	375	531	718	1269
DCORO.DCO_010757	39	105	184	301	411	567	648	754	795	906	1046	1209
