CAFRA.g13133.t1	51	396
CANGA.Cang_2012_03_13_00298.g8762.t1	42	111	369	951
CBREN.CBN21681	51	393	749
CBRIG.CBG20205	45	363	719
CCAST.g3096.t1	42	111	369	951
CDOUG.g10918.t1	51	402	758
CELEG.C03C10.3	54	411	767
CJAPO.CJA08212	51	396	752
CKAMA.g4951.t1	157	252	630
CLATE.FL83_07242-RA	51	399	755
CMONO.g1763.t1	129	270	387	521	743	855	969
CNOUR.g8833.t1	51	773
CPLIC.g9780.t1	63	219	336	918
CREMA.FL82_17538-RA	51	399	755
CSINI.Csp5_scaffold_00433.g11301.t1	51	414	770
CSP21.g8303.t1	54	132	258	375	509	731	843
CSP26.g21124.t1	54	417	773
CSP28.g8036.t1	310	396	747
CSP29.g12156.t1	51	773
CSP31.g25419.t1	91	171	276	426	677	1125
CSP32.g11756.t1	51	387	743
CSP34.Sp34_30000910.t1	120	486	842
CSP38.g3820.t1	42	375	957
CSP39.g18873.t1	319	675
CSP40.g9858.t1	51	399	755
CTROP.Csp11.Scaffold630.g17509.t1	51	402	758
CVIRI.g18109.t1	42	270	387	969
DCORO.DCO_014105	48	93	249	366	500	628	722	834	948	1026
