CAFRA.g7392.t1	95	224	636	998	1257	1326	1371	1904	2011
CANGA.Cang_2012_03_13_00241.g7685.t1	333	471	950	1209	1269	1314	1383	1454	1524	1581	1708	1771	1844	1951
CBREN.CBN07581	95	224	342	636	807	998	1257	1326	1371	1771	1907	2014
CBRIG.CBG03815	95	224	342	636	807	998	1257	1326	1371	1587	1768	1904	2011
CCAST.g4312.t1	333	471	950	1209	1269	1314	1383	1454	1524	1581	1708	1771	1844	1951
CDOUG.g23280.t1	95	224	342	636	807	998	1257	1326	1371	1587	1771	1907	2014
CELEG.C16C2.3a	49	107	263	392	510	804	1166	1425	1494	1539	1939	2075	2182
CJAPO.CJA13769	335
CKAMA.g18996.t1	95	224	342	636	807	998	1257	1326	1371	1587	1768	1904	2011
CLATE.FL83_20169-RB	173	302	420	882	1073	1332	1401	1446	1662	1985	2088	2340	2621	2968
CMONO.g17707.t1	92	212	333	468	575	696	750	870	941	1029	1122	1197	1260	1305	1380	1451	1512	1557	1684	1750	1823	1930
CNOUR.g8930.t1	137	296	425	543	837	1199	1458	1524	1569	1785	1966	2102	2209
CPLIC.g2216.t1	65	188	435	677	852	1134	1302	1374	1419	1488	1629	1807	1943	2050
CREMA.FL82_16626-RA	95	224	342	636	804	995	1254	1323	1368	1584
CSINI.Csp5_scaffold_00607.g13491.t1	119	275	404	522	816	987	1178	1437	1506	1551	1767	1948	2084	2191
CSP21.g15209.t1	203	321	456	563	738	858	929	1017	1110	1185	1254	1299	1439	1509	1693	1756	1798
CSP26.g3687.t1	8	164	293	411	705	876	1067	1326	1395	1440	1656	1837	1973	2080
CSP28.g757.t1	77	236	365	483	777	1139	1398	1464	1509	1906	2149	2259	2370	2649	2930	3283
CSP29.g10410.t1	134	218	377	506	624	918	1274	1533	1599	1644	1860	2041	2177	2284
CSP31.g19282.t1	98	227	345	480	639	756	810	998	1257	1326	1371	1446	1517	1587	1641	1768	1904	2011	2118	2208	2439	2518	2720	2850	3007
CSP32.g8013.t1	95	224	636	998	1257	1326	1371	1904	2011
CSP34.Sp34_10210000.t1	92	221	339	633	804	995	1254	1332	1377	1593	1771	1907	2014
CSP38.g11531.t1	333	471	705	950	1209	1269	1314	1383	1454	1524	1578	1705	1768	1841	1948
CSP39.g657.t2	53	212	341	459	753	1115	1374	1443	1488	1885	2021	2128
CSP40.g20208.t1	95	224	342	636	807	998	1257	1326	1371	1587	1768	1904	2011	2088	2187	2448	2729	3076
CTROP.Csp11.Scaffold629.g15324.t1	29	152	278	396	690	861	1052	1311	1380	1425	1961
CVIRI.g9993.t1	95	224	342	477	584	711	956	1047	1140	1215	1284	1329	1472	1542	1723	1786	1859	1966
DCORO.DCO_009193	92	215	333	468	575	699	873	1032	1200	1317	1386	1524
