CAFRA.g5730.t1	87	195	285
CANGA.Cang_2012_03_13_00328.g9273.t1	57
CBREN.CBN14091	81	180	270
CBRIG.CBG03481	66	159	249
CCAST.g9529.t1	57
CDOUG.g1601.t1	90	189	279
CELEG.T13F2.2	81	183	273
CJAPO.CJA24471	87	192	282
CKAMA.g9937.t1	435	522	618	708
CLATE.FL83_13754-RA	60	153	243
CMONO.g15249.t1	69	177	267
CNOUR.g7351.t1	96	204	294
CPLIC.g1260.t1	84	180
CREMA.FL82_03597-RA	48	141	231
CSINI.Csp5_scaffold_00592.g13265.t1	69	168	258
CSP21.g4489.t1	63	168	258
CSP26.g5834.t1	72	171	261
CSP28.g2051.t1	99	288
CSP29.g10559.t1	96	204	294
CSP31.g3182.t1	99	219	309
CSP32.g17798.t1	96	204	294
CSP34.Sp34_40155100.t1	78	177	267
CSP38.g3710.t1	100	132
CSP39.g3688.t1	78	180	270
CSP40.g13019.t1	72	171	261
CTROP.Csp11.Scaffold585.g4861.t1	57	156	246
CVIRI.g2190.t1	63	141	240	330
DCORO.DCO_022969	60	237	327
