CAFRA.g5023.t1	3	97	237
CANGA.Cang_2012_03_13_00481.g11339.t1	3	100	240
CBREN.CBN09709.1	3	100	240
CBRIG.CBG08754	3	100	240
CCAST.g12766.t1	3	100	240
CDOUG.g7855.t1	3	100	240
CELEG.Y105E8A.16.1	3	100	240
CJAPO.CJA05304	3	100	240
CKAMA.g3781.t1	100	240
CLATE.FL83_24756-RA	3	100	240
CMONO.g2930.t1	3	100	240
CNOUR.g5525.t1	3	100	240
CPLIC.g3185.t1	3	97	237
CREMA.FL82_19637-RA	3	100	240
CSINI.Csp5_scaffold_00465.g11734.t1	3	100	240
CSP21.g2742.t1	3	97	237
CSP26.g5842.t1	3	100	240
CSP28.g6614.t1	3	100	240
CSP29.g19699.t1	3	100	240
CSP31.g5875.t1	3	97	237
CSP32.g9254.t1	3	97	237
CSP34.Sp34_10005800.t1	3	100	240
CSP38.g1312.t1	3	100	240
CSP39.g26259.t1	3	100	240
CSP40.g4685.t1	3	100	240
CTROP.Csp11.Scaffold630.g19045.t1	3	100	240
CVIRI.g14793.t1	3	100	240
DCORO.DCO_023927	3	103	243	347
