CAFRA.g10283.t1	102	363	483	581	710	845	1089
CANGA.Cang_2012_03_13_00103.g4414.t1	159	279	377	506	641	729	849
CBREN.CBN23091	93	255	375	473	602	737	981
CBRIG.CBG22078	93	255	375	473	591	834
CCAST.g425.t1	102	264	362	491	579	735
CDOUG.g23230.t1	102	264	384	482	611	746	990
CELEG.R06A10.2a.1	102	264	384	482	611	746	990
CJAPO.CJA04713b	186	444	723	885	1005	1103	1232	1367	1611
CKAMA.g8271.t1	102	264	384	482	611	746	990
CLATE.FL83_22099-RA	102	264	384	482	611	746	990
CMONO.g15535.t1	117	278	440	560	658	713	787	922	1010	1166
CNOUR.g21930.t1	102	264	384	482	611	746	990
CPLIC.g4446.t1	102	264	384	482	537	611	834	990
CREMA.FL82_07823-RA	102	264	384	482	611	746	990
CSINI.Csp5_scaffold_00479.g11893.t1	157	323	453	615	735	833	962	1097	1341
CSP21.g5750.t1	102	264	384	482	611	746	834	990
CSP26.g15100.t1	105	267	387	485	614	749	993
CSP28.g3864.t1	102	264	384	482	611	746	990
CSP29.g17702.t1	102	264	384	482	611	746	990
CSP31.g7432.t1	102	264	384	482	611	746	990
CSP32.g8849.t1	102	264	384	482	611	746	990
CSP34.Sp34_10233600.t1	102	264	384	482	611	746	990
CSP38.g642.t1	102	264	384	482	611	746	834	990
CSP39.g26127.t1	102	264	384	482	611	746	990
CSP40.g20567.t1	95	257	377	475	604	739	983
CTROP.Csp11.Scaffold630.g17373.t1	90	210	308	437	572	816
CVIRI.g6013.t1	102	264	384	482	611	746	834	990
DCORO.DCO_015887	90	213	366	440	575	663	822
