CAFRA.g15671.t1	216	327	417	485	636	780	1589	1764	2008	2254
CANGA.Cang_2012_03_13_00594.g12589.t1	182	359	528	1021
CBREN.CBN05493	177	288	378	446	597	741	1547	1722	1966	2212
CBRIG.CBG04106	183	294	384	452	603	747	1556	1731	1975
CCAST.g14138.t1	201	312	402	470	621	765	944	1131	1577	1746	2239
CDOUG.g315.t1	171	282	372	440	591	735	1544	1719	1963	2209
CELEG.F32B5.7a.1	195	306	396	464	615	759	1568	1743	1987	2233
CJAPO.CJA01623	53	204	348	1157	1332	1822
CKAMA.g2268.t1	177	288	378	446	597	741	1550	1725	1969	2215
CLATE.FL83_13882-RA	177	288	378	446	597	741	1550	1725	1969	2215
CMONO.g245.t1	12	423	573	684	774	842	993	1137	1242	1316	1439	1503	1599	1689	1796	1949	2365	2481	2611
CNOUR.g8233.t1	189	300	390	458	609	753	1562	1737	1981	2227
CPLIC.g6049.t1	243	444	512	660	804	1451	1604	1773	1884	2020	2263
CREMA.FL82_12613-RA	318	429	519	587	738	882	1691	1866	2110	2356
CSINI.Csp5_scaffold_01727.g22752.t1	183	294	384	452	603	747	1556	1731	1975	2221
CSP21.g3422.t1	90	180	369	513	582	779	843	939	1029	1136	1226	1395	1642	1758	1891
CSP26.g17650.t1	146	271	295	499	869	1194	1305	1395	1463	1614	1758	2567	2742	2986	3232
CSP28.g5099.t1	162	273	363	431	582	726	1535	1710	1954	2200
CSP29.g16514.t1	189	300	390	458	609	753	1562	1737	1981	2227
CSP31.g8328.t1	150	261	351	419	573	717	1019	1373	1695	1942	2191
CSP32.g11865.t1	62	396	507	597	665	816	960	1769	1944	2188	2434
CSP34.Sp34_10141510.t1	180	291	381	449	600	744	1553	1728	1972	2218
CSP38.g22127.t1	183	294	384	452	603	747	926	1113	1559	1728	2221
CSP39.g29597.t1	182	510	621	711	779	930	1074	1883	2058	2302	2548
CSP40.g23488.t1	20	336	447	537	605	756	900	1709	1884	2128	2374
CTROP.Csp11.Scaffold627.g6859.t1	162	306	1115	1290	1534	1780
CVIRI.g14583.t1	26	126	237	327	546	690	869	1056	1349	1502	1671	1918
DCORO.DCO_004765	101	321	432	522	590	741	885	1064	1187	1547	1703	1872	2119	2235	2359	2460	2495
