CAFRA.g18068.t1	120	261	411	544
CANGA.Cang_2012_03_13_00349.g9583.t1	147	288	438	571
CBREN.CBN06247	261	411	544
CBRIG.CBG24262	120	261	411
CCAST.g3074.t1	120	261	411	544
CDOUG.g18118.t1	261	411	544
CELEG.C23G10.3.1	120	261	411	544
CJAPO.CJA17966	120	261	411	544
CKAMA.g5075.t1	120	261	411	544
CLATE.FL83_08863-RA	180	321	471	604
CMONO.g564.t1	120	261	411	544
CNOUR.g21375.t1	120	261	411	544
CPLIC.g5797.t1	120	261	411	544
CREMA.FL82_13776-RA	6	186	327	477	610
CSINI.Csp5_scaffold_01577.g21849.t1	120	261	411
CSP21.g1790.t1	120	261	411	544
CSP26.g6020.t1	120	261	411
CSP28.g14239.t1	120	261	411	544
CSP29.g5958.t1	120	261	411	544
CSP31.g6568.t1	120	261	411	544
CSP32.g6419.t1	120	261	411	544
CSP34.Sp34_30151200.t1	120	261	411	544
CSP38.g3776.t1	120	261	411	544
CSP39.g18597.t1	142	283	433	566
CSP40.g11272.t1	120	261	411
CTROP.Csp11.Scaffold596.g5263.t1	261	411	544
CVIRI.g10080.t1	120	261	411	544
DCORO.DCO_018669	123	210	414	547	699
