CAFRA.g16435.t1	33	159	307
CANGA.Cang_2012_03_13_00245.g7789.t2	129	259	348	478	600	809
CBREN.CBN10505	33	156	301	748
CBRIG.CBG22219	33	168	304	751
CCAST.g12730.t1	129	259	348	478	600	809
CDOUG.g11441.t1	33	156	298	745
CELEG.M01D7.2a	33	165	313	760
CJAPO.CJA09048	33	156	301	748
CKAMA.g8233.t1	33	156	298	745
CLATE.FL83_17382-RA	78	225	367	814
CMONO.g10673.t1	39	156	298	384	487	609	715	818
CNOUR.g14883.t1	33	159	310	757
CPLIC.g6322.t1	33	141	289	378	508	630	736	839
CREMA.FL82_07798-RA	33	180	322	769
CSINI.Csp5_scaffold_01221.g19365.t1	33	159	339	532
CSP21.g898.t1	39	159	304	514	742	845
CSP26.g19014.t1	33	153	313	567	760
CSP28.g1576.t1	33	153	301	748
CSP29.g11383.t1	33	162	313	760
CSP31.g22685.t1	33	147	523	751	854
CSP32.g13352.t1	33	153	304
CSP34.Sp34_10239600.t1	33	159	304	751
CSP38.g19577.t1	135	262	351	481	603	709	812
CSP39.g23943.t1	33	153	295	742
CSP40.g23987.t1	447
CTROP.Csp11.Scaffold629.g8429.t1	33	162	307	754
CVIRI.g4407.t1	33	132	316	405	657	763	866
DCORO.DCO_015603	39	147	307	414	511	633	739	842	940
