CAFRA.g6350.t1	81	172	306	477	614	867	1038	1181
CANGA.Cang_2012_03_13_00316.g9069.t2	36	93	237	411	682	779	933	998	1185	1371	1517
CBREN.CBN28317	81	172	306	477	915	1086	1229
CBRIG.CBG18249	172	306	477	614	867	1038	1181
CCAST.g11402.t1	276	614	680	867	1053	1199
CDOUG.g17453.t1	81	172	306	477	614	1038	1181
CELEG.T12D8.4	81	172	306	477	614	867	1038	1181
CJAPO.CJA17189	81	306	477	614	867	1038	1181
CKAMA.g937.t1	81	172	306	477	614	867	1038	1181	1232	1307	1356	1555
CLATE.FL83_18177-RA	81	172	306	477	614	867	1038	1181
CMONO.g9420.t1	81	172	279	390	480	608	674	747	861	1032
CNOUR.g1215.t1	81	172	477	614	867	1038	1181
CPLIC.g5830.t1	70	230	457	564	675	765	902	968	1326	1469
CREMA.FL82_09708-RA	81	172	306	477	614	840	927	1070	1163	1395	1761	2336	2513
CSINI.Csp5_scaffold_00269.g8365.t1	172	306	477	614	867	1038	1181
CSP21.g15430.t1	81	172	222	333	560	747	918
CSP26.g1714.t1	172	306	477	614	867	1038	1181
CSP28.g9439.t1	81	172	614	1038	1181
CSP29.g10847.t1	81	172	477	614	867	1038	1172	1218	1423
CSP31.g21080.t1	81	172	477	614	680	1184
CSP32.g4886.t1	172	306	477	614	867	1041	1184
CSP34.Sp34_30104900.t1	81	172	306	477	614	867	1038	1181	1232	1359	1466
CSP38.g13979.t1	276	477	614	680	867	1035	1181
CSP39.g6683.t1	81	172	477	614	867	1038	1181
CSP40.g13216.t1	172	306	477	614	867	1038	1181
CTROP.Csp11.Scaffold628.g7229.t1	81	172	306	477	614	867	1038	1181
CVIRI.g1893.t1	81	477	614	680	958	1044
DCORO.DCO_011019	81	172	276	387	477	614	680	753	867	1027	1116	1265
