CAFRA.g11849.t1	21	226	337	497	621	786	942	1025	1173	1461	1568	1716	1818	2105
CANGA.Cang_2012_03_13_00715.g13638.t1	137	426	657	1052	1302
CBREN.CBN24052	84	289	400	560	684	849	989	1137	1425	1532	1680	1782	2069
CBRIG.CBG22760	9	214	572	696	861	1178	1614	1721	1869	1971	2258
CCAST.g9078.t1	156	387	782	1032	1322
CDOUG.g3583.t1	9	214	325	485	609	774	930	1013	1161	1449	1556	1704	1806	2093
CELEG.F41D9.5	27	232	343	506	630	795	951	1034	1182	1470	1577	1725	1827	2114
CJAPO.CJA13686b	15	220	331	491	615	780	936	1019	1455	1562	1710	1997
CKAMA.g13149.t1	9	214	325	485	609	774	930	1013	1161	1449	1556	1704	1806	2093
CLATE.FL83_02013-RA	15	220	331	491	780	1070	1218	1506	1613	1761	1863	2102
CMONO.g7502.t1	97	208	402	480	645	801	884	1032	1146	1320	1427	1575	1677	1803	1858	1961
CNOUR.g11406.t2	15	220	331	491	615	780	936	1019	1167	1455	1562	1710	1812	2099
CPLIC.g8541.t1	15	220	331	494	618	723	917	1065	1179	1353	1460	1608	1710	1997
CREMA.FL82_02178-RA	15	220	331	491	615	780	936	1019	1167	1455	1562	1710	1812	2051
CSINI.Csp5_scaffold_00671.g14248.t1	220	331	491	615	780	936	1019	1167	1455	1562	1710	1812	2099
CSP21.g7658.t1	9	214	325	482	606	771	927	1010	1158	1225	1446	1553	1701	1803	1926	1981	2084
CSP26.g725.t1	9	214	325	485	609	774	930	1013	1449	1556	1704	1806	2093
CSP28.g10143.t1	15	220	331	491	615	780	936	1019	1455	1710	1812	2096
CSP29.g7671.t1	135	340	451	611	735	900	1056	1139	1287	1575	1682	1830	1932	2219	2375	2466	2613	2719	2847	2998	3129	3295	3613	3765	3864
CSP31.g19036.t1	94	254	543	699	782	930	1044	1218	1325	1473	1575	1862
CSP32.g12256.t1	21	226	337	497	621	786	942	1025	1173	1461	1568	1716	1818	2105
CSP34.Sp34_X0164200.t1	9	214	325	485	609	774	930	1013	1161	1449	1556	1704	1806	2093
CSP38.g10262.t1	207	412	683	972	1128	1359	1754	2004	2291
CSP39.g16257.t1	25	136	296	585	741	824	1260	1367	1515	1617	1901
CSP40.g2635.t1	79	239	363	528	684	767	915	1203	1310	1458	1560	1847
CTROP.Csp11.Scaffold629.g11019.t1	15	220	331	491	822	978	1061	1209	1652	1800	1902	2189
CVIRI.g4929.t1	15	220	491	780	936	1019	1167	1281	1455	1562	1710	1812	2099
DCORO.DCO_005359	6	89	214	325	485	609	774	1013	1161	1275	1449	1556	1704	1806	1929	1984	2087
