CAFRA.g14183.t1	150	444	549	702	950	1320	1399	1632	1747	1830
CANGA.Cang_2012_03_13_00209.g7050.t1	162	270	456	515	885	964	1197	1312	1395
CBREN.CBN22826	156	270	456	561	714	962	1332	1411	1644	1759	1842
CBRIG.CBG00306	177	291	477	582	735	983	1353	1432	1665	1780	1863
CCAST.g11810.t1	45	153	339	444	845	1215	1294	1527	1642	1725
CDOUG.g25800.t2	114	300	405	806	1176	1255	1603	1627	1710
CELEG.T23G11.6a	150	258	444	549	702	950	1320	1399	1632	1747	1830
CJAPO.CJA08674	144	258	549	702	950	1320	1399	1632	1747	1830
CKAMA.g8590.t1	153	261	447	552	705	953	1323	1402	1635	1750	1833
CLATE.FL83_13139-RA	222	336	522	627	780	1028	1398	1477	1710	1825	1908
CMONO.g8130.t1	159	267	369	453	558	959	1110	1212	1332	1411	1650	1765	1848
CNOUR.g8556.t1	153	261	447	552	705	953	1323	1402	1635	1750	1833
CPLIC.g11524.t1	144	252	447	552	855	953	1104	1206	1402	1659	1774	1857
CREMA.FL82_08191-RA	165	279	465	570	723	971	1341	1420	1653	1768	1851
CSINI.Csp5_scaffold_04306.g32601.t2	171	285	471	576	729	977	1374	1453	1686	1801
CSP21.g7866.t1	150	258	552	953	1104	1200	1396	1635	1750	1833
CSP26.g12261.t1	177	291	477	582	735	983	1255	1315	1548	1663	1746
CSP28.g13560.t1	153	261	552	705	953	1323	1402	1635	1750	1833
CSP29.g17555.t1	153	261	447	552	705	953	1323	1402	1635	1750	1833
CSP31.g17197.t1	156	264	450	555	708	956	1107	1209	1326	1405	1644	1759	1842
CSP32.g8232.t1	150	444	549	702	950	1320	1399	1632	1747	1830
CSP34.Sp34_10106900.t1	30	147	258	444	549	702	950	1320	1399	1632	1747	1830
CSP38.g2926.t1	45	153	339	444	845	1215	1294	1527	1642	1725
CSP39.g4677.t1	153	261	447	552	705	953	1078	1362	1441	1674	1729	1812
CSP40.g24446.t1	180	294	480	585	738	986	1356	1435	1668	1783	1866
CTROP.Csp11.Scaffold630.g16891.t2	150	264	450	555	708	956	1326	1405	1638	1800
CVIRI.g8860.t1	147	255	441	546	699	947	1321	1566	1681	1764
DCORO.DCO_025960	171	279	465	570	723	873	971	1054	1122	1224	1344	1423	1569	1777	1860
