CAFRA.g18716.t1	126	338
CANGA.Cang_2012_03_13_00927.g14972.t1	120	240
CBREN.CBN16508	120	341
CBRIG.CBG15355	123	344
CCAST.g17392.t1	120	240
CDOUG.g4801.t1	123	344
CELEG.F15D3.7	126	341
CJAPO.CJA07562	126	341
CKAMA.g13818.t1	126	341
CLATE.FL83_15893-RA	120	338
CMONO.g17659.t1	132	255	356	438	511	652
CNOUR.g13681.t1	123	338
CPLIC.g10326.t1	249	505	646
CREMA.FL82_17001-RA	120	338
CSINI.Csp5_scaffold_04667.g33476.t1	123	344
CSP21.g5301.t1	126	237	420	493	634
CSP26.g21853.t1	123	344
CSP28.g2706.t1	123	338
CSP29.g14299.t1	123	338
CSP31.g5870.t1	114	338	634
CSP32.g5019.t1	126	338
CSP34.Sp34_10045900.t1	126	344
CSP38.g21078.t1	126	246
CSP39.g45.t1	123	338
CSP40.g1820.t1	123	344
CTROP.Csp11.Scaffold629.g8489.t1	120	338
CVIRI.g6915.t1	132	255	438
DCORO.DCO_028593	153	282	390	465	538	679
