CAFRA.g14946.t1	74	176	258	587	2034	2532
CANGA.Cang_2012_03_13_00078.g3592.t1	74	258	917	1323	2004	2333
CBREN.CBN15250	74	176	258	590	2034	2532	2668
CBRIG.CBG01094	311	1743	2241	2377
CCAST.g12323.t1	74	258	917	1326	2007	2336
CDOUG.g24323.t1	74	176	258	590	2031	2529	2674
CELEG.T21H3.2b	74	176	258	438	590	2025	2523	2647
CJAPO.CJA07204a	88	176	278	360	689	2130	2628	2764
CKAMA.g1525.t1	159	187	1608	2106	2155
CLATE.FL83_12684-RA	140	1572	2070	2203
CMONO.g615.t1	74	176	258	429	581	659	750	1066	1218	1335	1425	1593	1670	2004	2135	2260	2502	2656
CNOUR.g6039.t1	74	176	258	587	1192	1246	2418	2557
CPLIC.g12656.t1	74	176	258	429	581	659	750	914	1101	1378	1512	1841	2010
CREMA.FL82_20887-RA	74	176	258	438	590	2022	2520	2653
CSINI.Csp5_scaffold_01068.g18117.t1	27	359	1797	2295	2434
CSP21.g14694.t1	74	176	258	354	506	584	675	839	991	1143	1251	1344	1512	1589	1789	1923	2054	2179	2252	2421
CSP26.g7213.t1	74	176	258	590	2034	2532	2671
CSP28.g350.t1	369	425	547	688	1092	1260	1421	1546	1624	1797	1923	2147	2249	2331	2508	2660	3400	3469	4146	4565	4932	5058	5142	5406
CSP29.g18425.t1	74	176	258	587	1321	1384	2058	2556	2686
CSP31.g14431.t1	80	182	264	438	590	923	1075	2010	2508
CSP32.g13975.t1	74	176	258	587	2031	2529	2656
CSP34.Sp34_50025000.t1	74	176	258	438	590	2034	2532	2668
CSP38.g17005.t1	74	258	584	917	1335	2016	2345	2514
CSP39.g20135.t1	74	176	258	590	1324	1378	2049	2547	2683
CSP40.g2032.t1	74	176	258	590	2031	2529	2644	3039	3165
CTROP.Csp11.Scaffold513.g2589.t1	74	176	258	590	2025	2523	2659
CVIRI.g3388.t1	74	258	432	662	1332	1602	2013	2342	2511	2641
DCORO.DCO_004281	74	176	258	447	599	768	922	1084	1236	1356	1443	1639	1688	1827	1964	2034	2165	2290	2363	2532	2701
