CAFRA.g6995.t1	129	177	282	639
CANGA.Cang_2012_03_13_00334.g9359.t1	126	701	730	810
CBREN.CBN24130	133	321	381	489	714	1064
CBRIG.CBG20778	112	265	441	504	612	840	972	1470
CCAST.g9704.t1	64	124	273	450	1025	1222	1299
CDOUG.g8011.t1	91	256	432	492	600	834	966	1184	1464
CELEG.E01G4.4a	94	250	441	507	615	972	1500
CJAPO.CJA05019	121	270	330	1013
CKAMA.g4866.t1	82	217	429	492	600	825	957	1175	1455
CLATE.FL83_06866-RA	94	241	417	474	582	807	939	1157	1437
CMONO.g15938.t1	28	59	124	222	312	498	642	726	858	984	1088	1291	1383	1461
CNOUR.g1785.t1	55	253	432	480	588	729	813	945	1163	1434
CPLIC.g3661.t1	123	219	261	369	510	591	720	932	1108	1182
CREMA.FL82_05688-RA	94	241	414	477	585	810	942	1160	1440
CSINI.Csp5_scaffold_00020.g1245.t1	100	250	423	486	849	1067	1347
CSP21.g1459.t1	25	340	408	465	627	846	1199	1473
CSP26.g11582.t1	100	253	432	495	603	966	1184	1464
CSP28.g7087.t1	256	426	585	726	810	942	1160	1431
CSP29.g5322.t1	276	324	432	650	921
CSP31.g19319.t1	73	223	447	513	624	765	1249	1314
CSP32.g1170.t1	82	232	291	306	354	468	825	1338
CSP34.Sp34_20070910.t1	142	256	444	507	615	840	972	1473
CSP38.g5389.t1	64	295	462	624	765	849	1095	1199	1396	1473
CSP39.g16517.t1	21	129	270	354	486	704	972
CSP40.g5584.t1	88	232	411	474	582	945	1163	1431
CTROP.Csp11.Scaffold630.g19463.t1	42	260	543
CVIRI.g4593.t1	70	268	348	417	477	585	726	939	1053	1157	1354	1434
DCORO.DCO_007279	67	202	306	474	603	759	852	990	1074	1215	1344	1523	1642	1812
