CAFRA.g19448.t1	181	267	413
CANGA.Cang_2012_03_13_00142.g5485.t1	39	121	207	353
CBREN.CBN14757	184	270	416
CBRIG.CBG00471	184	270	352	591	763
CCAST.g977.t1	108	190	276	422
CDOUG.g18778.t1	184	270	416
CELEG.Y55D5A.4	184	270	416
CJAPO.CJA17516a	181	267	413
CKAMA.g894.t1	181	267	413
CLATE.FL83_23719-RA	133	219	365
CMONO.g16096.t1	99	178	264	410	470
CNOUR.g18222.t1	184	270	416
CPLIC.g8243.t1	99	187	273	419	479
CREMA.FL82_13849-RA	184	258	404
CSINI.Csp5_scaffold_00942.g16948.t1	184	270	416
CSP21.g399.t1	96	172	258	404	464
CSP26.g19811.t1	210	702	891	1071	1171	1262	1389	1573	1659	1805
CSP28.g8387.t1	184	270	416
CSP29.g8807.t1	184	270	416
CSP31.g20783.t1	190	276	482
CSP32.g11519.t1	181	267	413
CSP34.Sp34_30288800.t1	181	267	413
CSP38.g14171.t1	99	184	270
CSP39.g16089.t1	184	270	416
CSP40.g4952.t1	184	270	416
CTROP.Csp11.Scaffold629.g16035.t1	270	416
CVIRI.g3098.t1	105	187	273	419	479
DCORO.DCO_020555	99	184	270	416	476
