CAFRA.g564.t1	55	131	447
CANGA.Cang_2012_03_13_00907.g14870.t1	429
CBREN.CBN21611	49	125	441
CBRIG.CBG09340	49	125	441
CCAST.g9915.t1	429
CDOUG.g1843.t1	49	125	441
CELEG.F25B4.9	49	125	441
CJAPO.CJA41002	71	387
CKAMA.g10410.t1	49	125	441
CLATE.FL83_24045-RA	49	125	441
CMONO.g16174.t1	52	125	223	334	441
CNOUR.g13136.t1	55	131	447
CPLIC.g2072.t1	37	113	211	322
CREMA.FL82_20402-RA	49	125	441
CSINI.Csp5_scaffold_00162.g6002.t1	49	125	441
CSP21.g4555.t1	144	344	442	553
CSP26.g14245.t1	49	125	441
CSP28.g67.t1	58	134	450
CSP29.g2178.t1	55	131	447
CSP31.g18045.t1	49	122
CSP32.g17499.t1	55	131	447
CSP34.Sp34_50199100.t1	49	125	441
CSP38.g14933.t1	429
CSP39.g21838.t1	55	131	447
CSP40.g24598.t1	49	125	441
CTROP.Csp11.Scaffold536.g3297.t1	49	125	441
CVIRI.g3382.t1	131	340
DCORO.DCO_017953	40	119	217	263	328	579
