CAFRA.g10862.t1	147	282	478	543	654	784	884	1056	1338	1476	1587
CANGA.Cang_2012_03_13_00008.g696.t1	51	186	272	447	685	1092	1491
CBREN.CBN22529	108	243	439	504	615	745	845	1017	1158	1437	1548
CBRIG.CBG05236	126	261	457	522	633	763	863	1035	1317	1455	1566
CCAST.g1183.t1	63	142	295	456	566	742	814	1008	1104	1329	1450	1566	1701	1836	1922	2097	2335	2742	3030	3141
CDOUG.g12586.t1	126	261	457	522	633	763	863	1035	1176	1317	1455	1566
CELEG.F17H10.3a	126	261	457	522	633	763	863	1035	1176	1317	1455	1566
CJAPO.CJA09686	20	223	288	529	629	801	942	1221	1332
CKAMA.g8437.t1	108	243	439	504	615	745	845	1017	1158	1299	1437	1548
CLATE.FL83_01938-RA	126	261	457	522	633	763	863	1035	1176	1317	1455	1566
CMONO.g15437.t1	126	258	344	454	519	630	760	860	936	1032	1173	1320	1389	1449	1566
CNOUR.g4532.t1	144	279	475	540	781	881	1194	1473	1584
CPLIC.g14773.t1	138	273	359	469	534	775	945	1038	1176	1317	1386	1461	1572
CREMA.FL82_02089-RA	126	261	457	522	633	763	863	1035	1176	1317	1455	1566
CSINI.Csp5_scaffold_00954.g17055.t1	69	265	330	441	571	671	843	1263	1374
CSP21.g9608.t1	81	222	308	418	483	594	724	824	996	1137	1278	1347	1527
CSP26.g1013.t1	126	261	457	522	633	763	863	1035	1455	1566
CSP28.g6731.t1	144	279	475	540	781	881	1194	1335	1473	1584
CSP29.g823.t1	144	279	475	540	781	881	1194	1473	1584
CSP31.g11976.t1	144	279	365	475	651	781	881	1053	1470
CSP32.g12459.t1	144	279	475	540	651	781	881	1053	1194	1335	1473	1584
CSP34.Sp34_X0156200.t1	57	201	336	532	708	838	938	1110	1251	1392	1530	1641
CSP38.g3512.t1	132	267	353	528	766	1173	1461	1572
CSP39.g9105.t1	126	261	457	522	763	863	1176	1317	1455	1566
CSP40.g14925.t1	126	261	457	522	633	763	863	1455	1566
CTROP.Csp11.Scaffold629.g10149.t2	126	261	457	522	633	763	863	1035	1176	1317	1455	1566
CVIRI.g8629.t1	132	267	353	463	528	639	766	1041	1182	1323	1443	1542
DCORO.DCO_008415	96	210	406	471	582	694	794	870	966	1104	1320
