CAFRA.g16080.t1	261	408	570	772	928	1193	1329	1480	1561	1676	1790	1959
CANGA.Cang_2012_03_13_00026.g1561.t1	100	401	570
CBREN.CBN04294	264	411	573	603	805	961	1226	1362	1513	1619	1733	1902
CBRIG.CBG14348	267	414	576	778	934	1199	1335	1486	1567	1673	1787	1956
CCAST.g18036.t1	246	393	555	757	913	1314	1465	1766	1935
CDOUG.g181.t1	267	414	576	778	934	1335	1486	1567	1673	1787	1956
CELEG.F09F9.4	267	414	576	778	934	1199	1335	1486	1567	1673	1787
CJAPO.CJA08042a	173	319	856	1152	1299	1461	1663	1819	2220	2371	2558	2672	2841
CKAMA.g3097.t1	242	285	447	649	914	1050	1201	1282	1388	1502	1671
CLATE.FL83_00729-RA	321	468	630	832	988	1253	1389	1540	1621	1727	1841	2010
CMONO.g11333.t1	45	192	351	465	553	709	886	931	1026	1174	1255	1361	1475	1641
CNOUR.g2279.t1	258	405	567	769	925	1190	1326	1477	1558	1664	1778	1947
CPLIC.g997.t1	246	393	555	643	802	979	1067	1203	1351	1432	1652	1821
CREMA.FL82_00953-RA	264	411	573	775	931	1196	1332	1483	1564	1670	1784	1953
CSINI.Csp5_scaffold_01379.g20510.t1	267	414	576	778	934	1199	1486	1567	1673	1787	1956
CSP21.g11592.t1	93	173	218	337	384	491	593	702	948	1095	1254	1368	1456	1612	1789	2013	2158	2239	2345	2459	2628
CSP26.g17374.t1	267	414	576	778	934	1199	1486	1567	1673	1787	1956
CSP28.g13881.t1	87	249	451	607	688	794	908	1077	1201	1308
CSP29.g14697.t1	132	279	441	643	799	1064	1200	1351	1432	1538	1652	1821
CSP31.g9111.t1	264	411	573	775	931	1196	1332	1483	1564	1784	1956
CSP32.g11353.t1	261	408	570	772	928	1193	1329	1480	1561	1676	1790	1959
CSP34.Sp34_X0261200.t1	11	225	372	534	736	892	1157	1293	1444	1525	1631	1745	1914
CSP38.g17833.t1	387	549	751	907	1172	1308	1459	1540	1929
CSP39.g26607.t1	258	405	567	769	925	1326	1477	1558	1664	1778	1947
CSP40.g20963.t1	3	150	312	514	670	935	1222	1303	1409	1523	1692
CTROP.Csp11.Scaffold630.g18279.t2	267	414	580	845	981	1132	1213	1319	1433	1602
CVIRI.g624.t1	129	417	726	928	1084	1349	1485	1636	1717	1823	1937	2106
DCORO.DCO_005575	168	330	477	651	765	853	1009	1088	1189	1280	1419	1567	1648	1754	1916	2106
