CAFRA.g4913.t1	117	237	330	417
CANGA.Cang_2012_03_13_00233.g7535.t1	240	318	498
CBREN.CBN17618	117	237	330	417
CBRIG.CBG00142	117	237	330	417
CCAST.g15564.t1	240	420
CDOUG.g2652.t1	117	237	330	417
CELEG.F42F12.4.1	117	237	330	417
CJAPO.CJA14167	117	417
CKAMA.g3316.t1	117	237	330	417
CLATE.FL83_03415-RA	117	138	225
CMONO.g7021.t1	111	237	330	417
CNOUR.g9997.t1	117	330	417
CPLIC.g5717.t1	90	201	294	381
CREMA.FL82_01992-RA	117	237	330
CSINI.Csp5_scaffold_00118.g4794.t1	117	237	330	417
CSP21.g11556.t1	111	324	411
CSP26.g15285.t1	117	237	330	417
CSP28.g14823.t1	117	237	330	417
CSP29.g6476.t1	117	330	417
CSP31.g2187.t1	120	240	333	420
CSP32.g11442.t1	117	237	330	417
CSP34.Sp34_X0225700.t1	117	237	330	417
CSP38.g3456.t1	240	420
CSP39.g1635.t1	117	237	330	417
CSP40.g10462.t1	117	237	330
CTROP.Csp11.Scaffold630.g18766.t1	117	237	330	417
CVIRI.g2754.t1	123	336
DCORO.DCO_021509	114	234	301	414
