CAFRA.g9746.t1	84	258	461	656
CANGA.Cang_2012_03_13_00791.g14165.t1	84	494	689	884	954
CBREN.CBN22611	84	258	461	656	843
CBRIG.CBG02620	84	258	461	656	843
CCAST.g5411.t1	84	258	396	461	656	843
CDOUG.g869.t1	84	258	461	656	843
CELEG.C29F5.1	84	258	461	656	843
CJAPO.CJA15460	30	428	615
CKAMA.g13108.t1	84	258	461	656	843
CLATE.FL83_04512-RA	84	258	656	843
CMONO.g2094.t1	84	165	258	323	381	473	660	772	879
CNOUR.g10744.t1	84	258	461	656	843
CPLIC.g11970.t1	30	114	288	426	491	600	686	753	873	985	1068
CREMA.FL82_12128-RA	84	258	656	843
CSINI.Csp5_scaffold_00235.g7641.t1	84	258	461	656	843
CSP21.g3104.t1	216	447	707	774	894	1006
CSP26.g5297.t1	84	258	461	656	843
CSP28.g14490.t1	84	258	656	843
CSP29.g1332.t1	84	258	461	656	843
CSP31.g1625.t1	84	258	396	656	723	843	955	1038
CSP32.g7483.t1	84	258	461	656
CSP34.Sp34_20283500.t1	84	258	461	656	843
CSP38.g7506.t1	84	258	396	461	570	656	843
CSP39.g7041.t1	84	258	656	843
CSP40.g8578.t1	84	258	461	656	843
CTROP.Csp11.Scaffold629.g11600.t1	183	386	581	768
CVIRI.g2404.t1	84	258	396	461	570	656	723	843
DCORO.DCO_012733	40	138	312	450	515	710	777	897	1009	1116
