CAFRA.g14888.t1	272	1130
CANGA.Cang_2012_03_13_00222.g7332.t1	179	637	1009
CBREN.CBN26195	284	449	658	939
CBRIG.CBG23516	281	446	655	936	1139
CCAST.g16753.t1	263	428	637
CDOUG.g6987.t1	284	449	658	939	1142
CELEG.T28H10.3	278	443	652	933	1136
CJAPO.CJA14574	293	458	667	948	1151
CKAMA.g9358.t1	272	437	646	927	1130
CLATE.FL83_19936-RA	272	437	646	927	1130
CMONO.g5670.t1	101	177	275	351	437	513	646	768	954	1077	1145	1242
CNOUR.g20730.t1	275	440	649	930	1133
CPLIC.g8334.t1	443	519	652	1239
CREMA.FL82_11164-RA	278	443	652	933	1136
CSINI.Csp5_scaffold_00287.g8726.t1	272	437	646	927	1130
CSP21.g6335.t1	95	177	275	351	440	516	649	771	933	1062	1130	1227
CSP26.g12903.t1	272	646	927	1130
CSP28.g6110.t1	167	332	541	822	1025
CSP29.g19175.t1	275	440	649	930	1133
CSP31.g9262.t1	113	360	525	780	939	1142	1245
CSP32.g6141.t1	299	1157
CSP34.Sp34_50173100.t1	278	443	652	933	1136	1217
CSP38.g2603.t1	263	428	918	1118
CSP39.g24893.t1	275	440	649	930	1133
CSP40.g18453.t1	272	646	927	1130
CTROP.Csp11.Scaffold33.g152.t1	284	449	658	939	1142
CVIRI.g17374.t1	107	519	1071	1139
DCORO.DCO_010487	15	101	186	284	360	449	525	658	780	858	1014	1131	1199	1296
