CAFRA.g4968.t1	134	222	351	516	665	888	1113	1720
CANGA.Cang_2012_03_13_00296.g8706.t1	768	917	1098	1167	1506	1767	1882
CBREN.CBN19634	519	891
CBRIG.CBG18137	225	354	519	668	891	1723
CCAST.g6570.t1	134	798	1113	1344	1605	1720	1819
CDOUG.g4028.t1	225	354	519	668	891	1608	1723
CELEG.ZK1236.1	225	354	519	668	1608
CJAPO.CJA02723b	129	666	891	1005
CKAMA.g5097.t1	225	336	501	650	873	1590	1705
CLATE.FL83_15085-RA	354	519	668	891	1608	1723
CMONO.g9179.t1	140	228	308	372	465	596	729	879	993	1107	1243	1368	1483	1582
CNOUR.g7005.t1	137	354	417	789	1014	1128	1621	1821	2376
CPLIC.g8211.t1	166	398	527	841	974	1064	1139	1289	1403	1520	1656	2037
CREMA.FL82_09895-RA	354	519	668	891	1608	1723
CSINI.Csp5_scaffold_04936.g34074.t1	225	354	519	668	891	1608	1723
CSP21.g11346.t1	125	213	414	656	789	879	954	1104	1218	1471	1596	1711	1810
CSP26.g6388.t1	54	98	738	902	1134	1263	1428	1577	1800	2632
CSP28.g13180.t1	137	149	303	645	870	1477
CSP29.g17201.t1	134	351	723	948	1062	1555
CSP31.g17631.t1	137	225	354	519	801	891	1116	1230	1347	1608	1723
CSP32.g8678.t1	134	222	351	516	665	888	1113	1344	1605	1720
CSP34.Sp34_30080500.t1	225	354	519	668	891	1608	1723
CSP38.g4398.t1	134	351	798	1113	1227	1344	1605	1720	1819
CSP39.g4946.t1	137	376	498	705	837	1062	1293	1669
CSP40.g20704.t1	33	162	327	699	1416	1531
CTROP.Csp11.Scaffold571.g4275.t1	225	354	519	668	891	1420	1524	1639
CVIRI.g9339.t1	16	164	252	381	546	695	993	1143	1257	1750
DCORO.DCO_001142	155	249	324	450	543	692	825	915	990	1140	1254	1371	1507	1632	1747	1846	1947	1964	2066	2181	2354	2501	2601	2745	2869	2929	3017	3132	3216	3311	3360
