CAFRA.g11796.t1	82	161	249	345	414
CANGA.Cang_2012_03_13_00004.g359.t1	24	176
CBREN.CBN08266	121	200	384
CBRIG.CBG00404	121	200
CCAST.g18265.t1	115	194	378	530
CDOUG.g8265.t1	121	200	384
CELEG.C30H6.9	121	200	384
CJAPO.CJA39316	127	206	294	390	459
CKAMA.g6563.t1	121	200	384
CLATE.FL83_19487-RA	121	200	384
CMONO.g12271.t1	74	162	258	327	410
CNOUR.g14730.t1	121	200	288	384	453
CPLIC.g4526.t1	22	70	149	333	402
CREMA.FL82_20701-RA	130	209	393
CSINI.Csp5_scaffold_00272.g8431.t1	31	110	294
CSP21.g7179.t1	184	351	447	516
CSP26.g4549.t1	121	200	384
CSP28.g16043.t1	133	212	300	396	465
CSP29.g2822.t1	121	200	288	384	453
CSP31.g6422.t1	139	306	471
CSP32.g15772.t1	121	200	288	384	453
CSP34.Sp34_40214200.t1	118	197	381
CSP38.g18291.t1	124	203	387	539
CSP39.g1894.t1	121	200	288	384	453
CSP40.g11798.t1	121	200	384
CTROP.Csp11.Scaffold441.g1159.t1	31	110	294
CVIRI.g968.t1	151	318	414
DCORO.DCO_019607	172	269	339	435	599
