CAFRA.g11819.t2	64	222	321	413	594	709	781	1039	1167	1293	1461
CANGA.Cang_2012_03_13_00664.g13277.t1	36	309	424	496	748	1002	1170
CBREN.CBN08908	64	222	321	413	594	709	781	1039	1167	1293	1461
CBRIG.CBG16343	64	222	321	413	594	709	781	1033	1161	1287	1455
CCAST.g13794.t1	64	222	321	594	709	781	1033	1287	1455
CDOUG.g9941.t2	64	222	321	413	594	709	781	1039	1167	1293	1461
CELEG.C06G1.1b	64	222	321	413	594	709	781	1039	1167	1293	1461
CJAPO.CJA06526	64	222	321	413	594	709	781	1039	1167	1293	1461
CKAMA.g6338.t1	64	222	321	413	594	709	781	1039	1167	1293	1461
CLATE.FL83_02350-RA	64	222	321	413	673	745	997	1125	1251	1419
CMONO.g14304.t1	18	45	144	243	335	411	516	586	658	800	910	1038	1164	1270	1332
CNOUR.g21097.t1	64	222	321	413	594	709	781	1039	1167	1293	1461
CPLIC.g6571.t1	112	184	342	441	533	609	714	829	901	1281	1407	1513	1575
CREMA.FL82_15500-RA	175	243	369	537
CSINI.Csp5_scaffold_00001.g72.t1	64	222	321	413	594	709	781	1033	1161	1287	1455
CSP21.g9813.t1	64	123	222	321	413	489	594	709	781	923	1033	1161	1287	1393	1455
CSP26.g9771.t1	64	222	321	413	594	709	781	1039	1167	1293	1461
CSP28.g8320.t1	73	306	405	497	678	793	865	1251	1377	1545
CSP29.g15388.t1	64	222	321	413	594	709	781	1039	1167	1293	1461
CSP31.g24537.t1	64	123	222	321	413	489	594	709	781	1161	1287	1455
CSP32.g7870.t1	64	222	321	413	594	709	781	1039	1167	1293	1461
CSP34.Sp34_X0044300.t1	64	222	321	413	594	709	781	1033	1161	1287	1455
CSP38.g10452.t1	64	222	321	594	709	781	1033	1161	1287	1455
CSP39.g13389.t1	70	228	327	419	600	715	787	1173	1299	1467
CSP40.g10937.t2	64	222	321	413	594	709	781	1039	1167	1293	1461
CTROP.Csp11.Scaffold629.g13316.t1	64	222	321	413	594	709	781	1039	1167	1293	1461
CVIRI.g2743.t1	64	123	222	321	413	594	709	781	1033	1161	1287	1393	1455
DCORO.DCO_008899	73	132	231	330	498	603	718	790	938	1048	1176	1302	1408	1481
