CAFRA.g16944.t2	146	468	567	810	1100
CANGA.Cang_2012_03_13_00899.g14829.t1	125	546	1167
CBREN.CBN09195	20	342	445	705	906	995
CBRIG.CBG19004	143	465	564	667	801	1002	1091
CCAST.g152.t1	125	546	1167
CDOUG.g16871.t1	20	342	441	544	678	879	968
CELEG.ZC487.1a	137	459	558	667	801	1002	1091
CJAPO.CJA06150b	164	486	597	700	1035	1124
CKAMA.g6473.t1	137	459	558	661	795	996	1085
CLATE.FL83_23339-RA	143	465	564	801	1002	1091
CMONO.g5433.t1	140	207	315	395	456	555	658	792	870	1005	1103	1188
CNOUR.g5635.t2	137	558	801	1002	1091
CPLIC.g7194.t1	161	228	471	570	673	807	870	1008	1097
CREMA.FL82_18862-RA	143	465	564	801	1002	1091
CSINI.Csp5_scaffold_01796.g23190.t1	140	462	561	664	798	999	1088
CSP21.g12726.t1	125	192	300	444	543	646	843	993	1088
CSP26.g4793.t1	140	462	561	670	804	1005	1094
CSP28.g6474.t1	20	441	678	879	968
CSP29.g21025.t1	137	558	795	996	1085
CSP31.g19679.t1	125	192	380	447	546	783	1070
CSP32.g14645.t1	146	468	567	804	1094
CSP34.Sp34_50219800.t1	137	459	558	667	801	1002	1088
CSP38.g5053.t1	125	447	546	1170
CSP39.g22815.t2	153	574	817	906
CSP40.g21564.t1	140	462	561	670	804	1005	1094
CTROP.Csp11.Scaffold601.g5447.t1	159	258	361	495	696	785
CVIRI.g10237.t1	125	546	783	990	1161
DCORO.DCO_011165	186	294	441	540	640	774	837	943	1088	1173
