CAFRA.g378.t1	57	171	241	366	449	542	667
CANGA.Cang_2012_03_13_00367.g9846.t1	28	448
CBREN.CBN00716	57	171	241	360	536	661
CBRIG.CBG13136	87	157	276	359	452	577
CCAST.g17717.t1	57	171	241	661
CDOUG.g784.t1	48	162	232	351	527	652
CELEG.F45E12.1b	63	177	247	366	449	542	667
CJAPO.CJA32687	58
CKAMA.g1904.t1	60	174	244	363	446	539	664
CLATE.FL83_09463-RA	63	177	247	366	449	542	667
CMONO.g18112.t1	54	168	235	354	437	530	655
CNOUR.g1108.t1	57	171	241	360	443	536	661
CPLIC.g12880.t1	54	168	238	357	440	533	658
CREMA.FL82_14378-RA	63	177	247	366	449	542	667
CSINI.Csp5_scaffold_00152.g5761.t1	87	157	276	359	452	577
CSP21.g7022.t1	51	165	232	351	527	652
CSP26.g6957.t1	60	174	244	363	446	539	664
CSP28.g15764.t1	57	171	241	360	443	661
CSP29.g10014.t1	57	171	241	360	443	536	661
CSP31.g14686.t1	57	171	241	360	443	661
CSP32.g6998.t1	57	171	241	366	449	542	667
CSP34.Sp34_20257800.t1	63	177	247	366	449	542	667
CSP38.g19491.t1	57	171	241	360	443	536	661
CSP39.g9971.t2	57	171	241	366	449	542	570	649
CSP40.g8344.t1	60	180	250	369	452	545	670
CTROP.Csp11.Scaffold526.g3073.t1	57	171	241	360	536	661
CVIRI.g6670.t1	57	171	241	360	443	536	661
DCORO.DCO_017705	186	253	372	455	548	673
