CAFRA.g12897.t1	96	229	319	490	650	773
CANGA.Cang_2012_03_13_00571.g12359.t1	90	310	481	764
CBREN.CBN01410	96	229	319	490	650	773
CBRIG.CBG02063	96	229	319	650	773
CCAST.g1312.t1	90	310	481	764
CDOUG.g10058.t1	96	229	319	490	650	773
CELEG.T14G11.1	96	229	490	650	773
CJAPO.CJA19384a	99	232	322	493	653	776
CKAMA.g1224.t1	60	193	283	454	614	737
CLATE.FL83_01030-RA	37	127	298	458	581
CMONO.g8706.t1	96	226	316	487	647	770
CNOUR.g16650.t1	96	229	319	490	650	773
CPLIC.g12171.t1	93	310	481	641
CREMA.FL82_00618-RA	96	229	319	490	650	773
CSINI.Csp5_scaffold_00075.g3467.t1	96	229	319	490	650	773
CSP21.g13200.t1	102	226	319	490	650	773
CSP26.g14622.t1	96	229	319	490	650	773
CSP28.g9645.t1	96	229	319	490	650	773	840	903	974	1052	1320	1391	1469	2196	2363	2449
CSP29.g11721.t1	96	229	319	490	650	773	849	912	983	1257	1328	1406	2013	2153	2239
CSP31.g21879.t1	99	232	322	493	653	776
CSP32.g5699.t1	96	229	319	490	650	773
CSP34.Sp34_X0097600.t1	99	232	493	653	776
CSP38.g17755.t1	90	220	310	481	764
CSP39.g1282.t1	60	193	283	454	614	737
CSP40.g12538.t1	96	229	319	490	650	773
CTROP.Csp11.Scaffold582.g4651.t1	96	229	319	490	650	773
CVIRI.g3303.t1	93	217	307	478	638	761
DCORO.DCO_017445	84	223	313	484	599	638	770
