CAFRA.g14495.t1	86	329	427	538
CANGA.Cang_2012_03_13_00468.g11201.t1	80	323	421	438
CBREN.CBN04235	74	317	526
CBRIG.CBG00927	74	317	415	526
CCAST.g8174.t1	77	320	418	529	612
CDOUG.g2042.t1	308	406	517
CELEG.T23G7.5a.1	83	326	424	535
CJAPO.CJA13552b	65	308	406	517
CKAMA.g1761.t1	80	323	421	532
CLATE.FL83_19150-RA	74	317	415	526
CMONO.g7045.t1	71	213	314	412	523	606
CNOUR.g12749.t1	65	308	406	517
CPLIC.g7589.t1	74	216	317	415	526	609
CREMA.FL82_06490-RA	74	317	415	526
CSINI.Csp5_scaffold_07104.g37377.t1	74	317	415	526
CSP21.g12602.t1	86	228	329	427	538	618
CSP26.g9383.t1	86	179	422	520	631
CSP28.g12466.t1	77	320	529
CSP29.g6322.t1	65	308	406	517
CSP31.g25663.t1	218	360	461	559	670	753
CSP32.g4176.t1	74	317	415	526
CSP34.Sp34_20297800.t1	74	317	415	526
CSP38.g20724.t1	80	323	421	532	615
CSP39.g2623.t1	68	311	520
CSP40.g1715.t1	89	182	425	523	634
CTROP.Csp11.Scaffold630.g21385.t2	77	320	418	529
CVIRI.g1501.t1	33	125	267	368	466	577	660
DCORO.DCO_026261	96	264	411	669	815	950	1095	1196	1294	1358	1405	1488
