CAFRA.g6317.t1	139	767	1762	1935
CANGA.Cang_2012_03_13_00317.g9080.t1	83	252	429	554	764	974	1153	1351	1648	1806
CBREN.CBN17699	139	252	557	767	1390	1813
CBRIG.CBG18266	139	252	554	1387	1765
CCAST.g5919.t1	83	252	429	554	764	974	1162	1363	1639	1794
CDOUG.g25600.t1	139	252	554	764	1387	1798
CELEG.K08E3.4	139	252	554	764	1363
CJAPO.CJA12714	83	139	252	764	1366	1878
CKAMA.g12581.t1	139	252	554	764	1393	1780
CLATE.FL83_11501-RA	139	252	554	764	1408	1798
CMONO.g15066.t1	45	176	232	345	904	1129	1228	1315	1399	1519	1575
CNOUR.g4102.t1	83	139	554	1348	1699
CPLIC.g1524.t1	83	139	252	429	554	770	974	1190	1315	1372	1570	1705
CREMA.FL82_09692-RA	139	252	554	764	1408	1798
CSINI.Csp5_scaffold_00711.g14668.t1	139	252	554	764	1387	1789
CSP21.g13952.t1	83	139	252	429	554	769	1057	1212
CSP26.g14466.t1	139	252	554	764	1390	1780
CSP28.g9454.t1	83	139	554	974	1351	1708
CSP29.g10860.t1	83	139	554	1354	1708
CSP31.g5211.t1	83	426	761	971	1183	1345	1402
CSP32.g4919.t1	139	767	1762	1932
CSP34.Sp34_30106700.t1	139	186	488	813	1276	1660
CSP38.g7142.t1	83	429	554	764	1366	1669	1821
CSP39.g6782.t1	83	139	554	1360	1741
CSP40.g13198.t2	139	252	554	764	1381	1789
CTROP.Csp11.Scaffold628.g7244.t1	139	252	554	764	1378	1777
CVIRI.g13390.t1	83	139	252	429	554	767	980	1339	1405	1762
DCORO.DCO_011937	83	139	252	353	429	554	685	949	1141	1197
