CAFRA.g11913.t2	298	391	487	605
CANGA.Cang_2012_03_13_00210.g7075.t1	112	205	301
CBREN.CBN17655	67	160	256	374
CBRIG.CBG04572	103	196	292	410
CCAST.g6633.t2	214	307	403
CDOUG.g5544.t1	214	307	403	521
CELEG.F43D2.4a	196	289	385	503
CJAPO.CJA19332	217	310	406	524
CKAMA.g254.t1	202	295	391
CLATE.FL83_11941-RA	103	196	292	343
CMONO.g12801.t1	91	184	280	398
CNOUR.g251.t2	169	358	476
CPLIC.g7684.t1	94	187	283
CREMA.FL82_16021-RA	103	196	292	410
CSINI.Csp5_scaffold_00380.g10445.t1	70	166	284
CSP21.g16227.t1	82	175	271	389
CSP26.g1165.t1	184	277	373	491
CSP28.g15908.t1	58	151	247	365
CSP29.g9197.t1	172	361	479
CSP31.g22496.t2	130	223	319	437
CSP32.g5448.t2	268	361	457	575
CSP34.Sp34_50350900.t1	64	157	253	371
CSP38.g2518.t1	196	289
CSP39.g22257.t1	196	385	503
CSP40.g23658.t1	223	316	412	530
CTROP.Csp11.Scaffold630.g19868.t1	70	166	284
CVIRI.g11880.t2	148	241	337	455
DCORO.DCO_028855	235	328	427	545	608
