CAFRA.g9365.t1	147	262	346	475	563	794
CANGA.Cang_2012_03_13_00067.g3250.t1	34	112
CBREN.CBN18059	147	262	355	493	572	669	803
CBRIG.CBG14565	147	262	355	490	720	854
CCAST.g5641.t1	147	262	340	487	806
CDOUG.g12393.t1	147	262	355	502	581	687	821
CELEG.K05B2.2a	147	262	355	484	569	800
CJAPO.CJA06362	147	262	352	466	554	785
CKAMA.g3187.t1	147	262	346	475	563	660	794
CLATE.FL83_00595-RA	171	286	379	505	587	684	818
CMONO.g10173.t1	147	262	346	448	536	639	773
CNOUR.g17583.t1	147	262	352	475	563	794
CPLIC.g8319.t1	147	259	385	448	516	650
CREMA.FL82_01111-RA	195	310	403	529	611	708	842
CSINI.Csp5_scaffold_00018.g1145.t2	33	148	241	370	452	549	683
CSP21.g9498.t1	147	253	328	430	515	612	746
CSP26.g6983.t1	147	262	355	484	566	663	797
CSP28.g9795.t1	165	280	370	458	689
CSP29.g11559.t1	147	262	352	440	671
CSP31.g1832.t1	168	283	373	508	690	824
CSP32.g8378.t1	147	262	352	481	569	800
CSP34.Sp34_X0248800.t1	147	262	355	481	566	663	797
CSP38.g21692.t1	147	262	343	499	578	800
CSP39.g26724.t1	147	262	352	475	563	794
CSP40.g12390.t1	147	262	355	484	566	663	797
CTROP.Csp11.Scaffold409.g1001.t2	147	262	355	487	566	663	797
CVIRI.g8298.t1	147	262	340	472	548	645	779
DCORO.DCO_014451	147	265	358	466	689	786	920
