CAFRA.g10037.t1	138	972
CANGA.Cang_2012_03_13_00983.g15221.t1	33	150
CBREN.CBN28335	55	132	948
CBRIG.CBG06106	69	882
CCAST.g7801.t1	132	300	840	957
CDOUG.g5918.t1	55	135	948
CELEG.F58B3.7	55	138	951
CJAPO.CJA12050	55	138	942
CKAMA.g11771.t1	55	138	954
CLATE.FL83_21334-RA	55	141	951
CMONO.g11041.t1	55	129	321	452	567	691	778	861	960
CNOUR.g21811.t1	55	138	975
CPLIC.g11045.t1	55	138	306	561	676	825	942
CREMA.FL82_03863-RA	55	135	945
CSINI.Csp5_scaffold_00092.g4015.t1	55	138	303	903
CSP21.g11541.t1	64	153	351	482	724	811	894	1011	1165	1218	1276	1452	1561
CSP26.g13173.t1	55	135	948
CSP28.g10855.t1	55	135	975
CSP29.g19909.t1	55	138	966
CSP31.g7771.t1	123	327	458	861	978
CSP32.g9902.t1	138	972
CSP34.Sp34_40324900.t1	55	138	951
CSP38.g2097.t1	132	288	819	936
CSP39.g1563.t1	55	135	981
CSP40.g761.t1	55	138	948
CTROP.Csp11.Scaffold629.g13305.t1	55	135	972
CVIRI.g17854.t1	55	135	309	440	679	831	948
DCORO.DCO_012643	136	219	390	521	633	751	853	945	1044
