CAFRA.g18183.t1	114	504	666	773	1110	1396	1691	1835	1953	3451
CANGA.Cang_2012_03_13_00199.g6824.t1	127	425	569	1293	1963	2454
CBREN.CBN14680	114	302	504	666	773	903	1110	1396	1479	1691	1835	1953	2106	2559	3451
CBRIG.CBG19140	114	302	504	773	1399	1488	1700	1844	1962	2115	2580	3472
CCAST.g16593.t1	114	779	1387	1685	1823	2547	3217	3711
CDOUG.g2432.t1	114	302	504	666	773	903	1110	1396	1479	1691	1835	1953	2106	2559	3451
CELEG.T19A5.1	114	302	504	666	773	903	1110	1396	1479	1691	1835	1953	2106	2559	3451
CJAPO.CJA19650	120	308	672	779	891	1095	1381	1464	1676	1820	2091	3436
CKAMA.g3625.t1	489	714	880	1027	1185	1374	1472	1677	2451	2583	2771	2973	3135	3242	3372	3865	3948	4160	4304	4422	4575	5028	5920
CLATE.FL83_09684-RA	114	300	876	1083	1369	1664	1808	1904	2466	3358
CMONO.g19949.t1	135	246	323	413	525	684	791	918	1000	1125	1245	1305	1405	1488	1560	1685	1829	1947	2015	2067	2175	2295	2442	2520	2622	2689	2819	2925	3226	3327	3418	3558	3690
CNOUR.g10381.t1	114	302	504	666	773	903	1110	1396	1479	1691	1835	1953	2106	2214	2964	3451
CPLIC.g11836.t1	114	225	501	669	782	913	955	1074	1357	1634	1778	1896	2055	2163	2283	2430	2508	2674	2907	3205	3306	3391	3528	3660
CREMA.FL82_16597-RA	114	300	477	876	945	1231	1526	1670	1788	2394	3247
CSINI.Csp5_scaffold_01620.g22117.t1	114	302	504	666	773	1110	1396	1479	1676	1820	1938	2091	2544	3436	3456
CSP21.g11197.t1	117	228	305	395	489	621	731	843	928	984	1104	1264	1350	1422	1547	1694	1815	1880	1965	2073	2181	2256	2325	2496	2563	2805	2970	3106	3207	3295	3426
CSP26.g5595.t1	114	302	504	666	773	1110	1396	1479	1691	1835	1953	2106	2559	3451
CSP28.g5823.t1	114	302	504	666	773	903	1110	1396	1691	1835	1953	2106	2214	2964	3451
CSP29.g18878.t1	114	302	504	666	773	903	1110	1396	1479	1691	1835	1953	2106	2214	2964	3451
CSP31.g19618.t1	114	302	504	669	776	903	982	1110	1236	1396	1479	1691	1835	1953	2106	2214	2334	2559	2958	3445	3714
CSP32.g18148.t2	114	504	672	779	1116	1402	1697	1841	1959	3457
CSP34.Sp34_50231600.t1	114	302	504	666	773	903	1110	1396	1479	1691	1835	1953	2106	2559	3451
CSP38.g11803.t1	114	225	392	791	1694	1838	2109	2562	3714
CSP39.g23728.t1	101	240	428	630	792	899	1029	1236	1522	1605	1817	1961	2079	2232	2340	3090	3577
CSP40.g21445.t1	114	302	504	666	773	1110	1396	1479	1691	1835	1953	2106	2559	3451
CTROP.Csp11.Scaffold630.g16793.t1	114	302	504	666	773	903	1110	1396	1479	1691	1835	1953	2106	2559	3451
CVIRI.g2574.t1	114	302	504	669	776	897	1230	1390	1554	1694	1838	1956	2109	2722	2849	2955	3256	3442	3579	3711
DCORO.DCO_002993	120	392	498	660	891	976	1110	1227	1387	1542	1670	1811	1929	2076	2184	2307	2454	2532	2631	2698	2828	2934	3099	3235	3327	3418	3555	3601	3687
