CAFRA.g10394.t1	84	220	603
CANGA.Cang_2012_03_13_11939.g23487.t1	185
CBREN.CBN29153	507
CBRIG.CBG02460	305	513
CCAST.g4107.t1	123
CDOUG.g1918.t1	299	507
CELEG.F59E12.11a	293	501
CJAPO.CJA04736	296	504
CKAMA.g14318.t1	293
CLATE.FL83_04379-RA	120	262	530	738
CMONO.g7536.t1	76	171	269	357	477	683	894	1064
CNOUR.g6069.t1	299	507
CPLIC.g2562.t1	61	156	266	354	474
CREMA.FL82_12008-RA	299	507
CSINI.Csp5_scaffold_00331.g9562.t1	84	392	600
CSP21.g4088.t1	84	156	250	417	518	606	726
CSP26.g5464.t1	299	507
CSP28.g14433.t1	134	246	384	894	1103	1143	1581
CSP29.g1119.t1	84	236	288	440	648
CSP31.g23553.t1	195	302	510
CSP32.g11292.t1	84	220	699
CSP34.Sp34_20112500.t1	293	501
CSP38.g5183.t1	84	151	295	702
CSP39.g5881.t1	305
CSP40.g7095.t2	302	510
CTROP.Csp11.Scaffold629.g11359.t2	84	374	582
CVIRI.g3090.t1	84	238	286	576
DCORO.DCO_019061	31	103	201	302	390	510	650
