CAFRA.g10420.t1	201	270	426	777
CANGA.Cang_2012_03_13_00173.g6195.t1	72	228	378	622
CBREN.CBN30856	192	264	539	771
CBRIG.CBG02488	72	579
CCAST.g1503.t1	96	171	327	571
CDOUG.g11545.t1	204	276	551	676	783
CELEG.C18A3.6a	42	114	389	514	621
CJAPO.CJA17712	183	255	411	530	655	762
CKAMA.g1572.t1	81	162	234	390	509	634	699
CLATE.FL83_04399-RA	183	255	530	762
CMONO.g20211.t1	84	297	369	525	644	769	876
CNOUR.g13085.t1	174	252	408	759
CPLIC.g4342.t1	96	171	327	446	571	678
CREMA.FL82_12027-RA	183	255	530	762
CSINI.Csp5_scaffold_00079.g3583.t1	198	456	528	803	1035
CSP21.g6840.t2	102	177	333	452	577	684
CSP26.g5496.t1	81	144	216	491	723
CSP28.g14017.t1	192	270	426	777
CSP29.g1090.t1	171	249	405	714
CSP31.g4339.t1	42	117	392	517	624
CSP32.g13873.t1	198	270	426	777
CSP34.Sp34_20115110.t1	42	114	389	514	621
CSP38.g3737.t1	96	171	327	571
CSP39.g1631.t2	183	261	417	768	846
CSP40.g7064.t1	189	261	536	768
CTROP.Csp11.Scaffold630.g19397.t1	72	347	579
CVIRI.g2382.t1	132	210	366	485	610
DCORO.DCO_019311	48	105	261	380	505	612
