CAFRA.g19499.t1	147	277	409
CANGA.Cang_2012_03_13_00152.g5722.t1	153	345	492
CBREN.CBN03266	132	262
CBRIG.CBG19770	132	262
CCAST.g9123.t1	153	345	492
CDOUG.g17057.t1	147	277
CELEG.W09C5.8	132	262
CJAPO.CJA12778	147	277	409
CKAMA.g13326.t1	147	277
CLATE.FL83_19325-RA	147	277
CMONO.g4541.t1	153	283	345	415	492
CNOUR.g18135.t1	147	277	409
CPLIC.g3074.t1	150	280	298	337	414
CREMA.FL82_13197-RA	147	277
CSINI.Csp5_scaffold_03374.g29983.t1	147	277
CSP21.g6310.t1	153	283	415	492
CSP26.g12545.t1	147	277
CSP28.g6552.t1	147	277	409
CSP29.g9076.t1	147	277	409
CSP31.g5984.t1	147	277	409	486
CSP32.g5407.t1	147	277	409
CSP34.Sp34_10012900.t1	147	277
CSP38.g1762.t1	153	345	492
CSP39.g2365.t1	147	277	409
CSP40.g7359.t1	147	277
CTROP.Csp11.Scaffold630.g20980.t1	147	277
CVIRI.g241.t1	153	283	415	492
DCORO.DCO_021337	92	153	283	345	415
