CAFRA.g17035.t1	146	308	581	709	812
CANGA.Cang_2012_03_13_00065.g3173.t1	62	224	497	625	728
CBREN.CBN24935	146	308	581	709	788
CBRIG.CBG16855	146	308	581	709	812
CCAST.g16933.t1	146	308	581	709	812
CDOUG.g33.t1	146	308	581	709	812
CELEG.C14F5.4	146	308	581	709	812
CJAPO.CJA16022	146	308	581	709	812
CKAMA.g1007.t1	146	308	581	709	812
CLATE.FL83_00059-RA	146	308	581	709	812
CMONO.g14026.t1	146	308	414	578	706	809	857
CNOUR.g15207.t1	146	308	581	709	812
CPLIC.g13981.t1	164	326	432	599	727	830	878
CREMA.FL82_01355-RA	146	308	499	604	707
CSINI.Csp5_scaffold_00251.g7979.t1	146	308	581	709	812
CSP21.g15612.t1	146	308	414	581	709	812	860
CSP26.g10872.t1	146	308	581	709	812
CSP28.g14721.t1	78	179	265	359	496	644	806	1079	1207	1310
CSP29.g12908.t1	78	136	236	373	521	683	956	1084	1187
CSP31.g21781.t1	146	308	581	709	812
CSP32.g4046.t1	146	308	581	709	812
CSP34.Sp34_X0214000.t1	146	308	581	709	812
CSP38.g6004.t1	146	308	581	709	812
CSP39.g5729.t1	146	308	581	709	812
CSP40.g8291.t1	146	308	581	709	812
CTROP.Csp11.Scaffold630.g18907.t1	146	623	751	854
CVIRI.g6562.t1	146	308	581	709	812
DCORO.DCO_015117	206	371	477	579	644	772	875
