CAFRA.g5816.t1	74	204	316	542
CANGA.Cang_2012_03_13_06132.g20081.t1	88
CBREN.CBN03860	186	524	905
CBRIG.CBG15772	189	527	908
CCAST.g7949.t1	280	631	770	887	960
CDOUG.g13095.t1	186	530	911
CELEG.ZK1010.2	524	905
CJAPO.CJA05541	108	220	446	827
CKAMA.g863.t1	186	420	524	905
CLATE.FL83_14523-RA	186	524	905
CMONO.g581.t1	139	226	331	453	557	679	744	818	935	1008
CNOUR.g12427.t1	139	226	383	549	661	887	1268
CPLIC.g11455.t1	65	195	307	429	533	658	723	914	987
CREMA.FL82_22429-RA	186	524	905
CSINI.Csp5_scaffold_01737.g22813.t1	521	902
CSP21.g14359.t1	86	204	316	438	542	803	920	993
CSP26.g16792.t1	85	476	857
CSP28.g8414.t1	216	328	554
CSP29.g405.t1	347	728
CSP31.g5802.t1	71	198	310	432	536	661	800	917	990
CSP32.g5877.t1	20	262	488	869
CSP34.Sp34_30294500.t1	524	905
CSP38.g8165.t1	340	462	566	691	830	947	1020
CSP39.g2797.t2	213	325	551	655	1010	1043
CSP40.g24479.t1	521	902
CTROP.Csp11.Scaffold629.g16043.t1	186	524	905
CVIRI.g4768.t1	68	195	307	533	658	723	914	987
DCORO.DCO_011707	77	176	375	487	609	713	838	977	1094	1167
