CAFRA.g982.t1	81	253	540	666
CANGA.Cang_2012_03_13_00124.g5006.t1	244	657
CBREN.CBN04052	78	250	537	663
CBRIG.CBG08670	78	250	537	663
CCAST.g560.t1	244	657
CDOUG.g3064.t1	78	250	537	663
CELEG.Y58A7A.6	81	253	540	666
CJAPO.CJA11439	81	256	918
CKAMA.g6166.t1	78	215	385	549	665	886	1020	1192	1479	1605
CLATE.FL83_14008-RA	78	250	537	663
CMONO.g15855.t1	51	217	372	504	630
CNOUR.g22117.t1	84	256	543	669
CPLIC.g2485.t1	155	287	413
CREMA.FL82_11025-RA	78	250	537	663
CSINI.Csp5_scaffold_01644.g22273.t1	104	247	534	660
CSP21.g8826.t1	48	223	378	636
CSP26.g20270.t1	78	250	537	663
CSP28.g7874.t1	78	385	665	889	1024	1311	1437
CSP29.g20051.t1	84	256	543	669
CSP31.g4517.t1	75	247	402	534	660
CSP32.g15052.t1	81	253	540	666
CSP34.Sp34_50188000.t1	81	253	540	666
CSP38.g8060.t1	78	247	660	764	909
CSP39.g2254.t1	84	256	669
CSP40.g822.t1	78	250	537	663
CTROP.Csp11.Scaffold629.g13125.t1	78	250	537	663
CVIRI.g10217.t1	60	226	381	513	639
DCORO.DCO_018715	125	211	273	378	510	633	687
