CAFRA.g7978.t1	650	1053	1515
CANGA.Cang_2012_03_13_00099.g4314.t1	103	255	302	747
CBREN.CBN14719	207	548	689	1632
CBRIG.CBG24677	186	668	1074	1458	1542
CCAST.g5692.t1	100	361	644	1089
CDOUG.g7170.t1	201	527	668	1071	1599
CELEG.ZK121.2	204	536	677	1086	1605
CJAPO.CJA05303	198	494	635	1479
CKAMA.g720.t1	198	521	662	1074	1605
CLATE.FL83_13517-RA	204	539	680	1089	1620
CMONO.g20015.t1	74	242	352	406	550	623	883	947	1086	1207	1322	1379	1431
CNOUR.g2551.t1	192	527	668	1059	1575
CPLIC.g5886.t1	43	115	198	240	491	632	708	1067	1201	1344
CREMA.FL82_16735-RA	204	542	683	1092	1623
CSINI.Csp5_scaffold_00448.g11499.t1	192	536	677	1113	1635
CSP21.g4287.t1	103	246	367	464	605	687	801	842	909	937	1019	1143	1195	1283
CSP26.g1077.t1	183	527	668	1068	1581
CSP28.g4845.t1	198	539	680	1092	1596
CSP29.g2519.t1	192	527	668	1059	1575
CSP31.g14147.t1	64	590	731	813	1152	1659
CSP32.g10332.t1	668	995	1464
CSP34.Sp34_30116400.t1	211	548	689	1095	1629
CSP38.g2264.t1	94	367	650	1191	1365
CSP39.g29159.t1	210	536	677	1056	1581
CSP40.g12295.t1	189	533	674	1086	1620
CTROP.Csp11.Scaffold628.g7426.t2	198	536	677	1080	1605
CVIRI.g10073.t1	165	382	665	1131	1298	1611
DCORO.DCO_005099	126	192	273	382	521	668	771	831	962	1029	1129	1320	1521	1689	1851	1942	2007	2119
