CAFRA.g19481.t2	434	558	664	929	1265	1380	1533
CANGA.Cang_2012_03_13_00072.g3416.t1	92	207	325	420	480	590	926
CBREN.CBN03481	446	570	664	759	929	1265	1380	1533
CBRIG.CBG19763	431	511	646	719	721	816	986	1322	1590
CCAST.g17443.t1	392	507	625	720	830	1166	1434
CDOUG.g14323.t1	458	582	688	783	953	1289	1404	1557
CELEG.F39B2.8	410	534	628	723	893	1229	1344	1497
CJAPO.CJA08299	87	257	593	708	861
CKAMA.g323.t1	416	540	634	729	899	1239	1392
CLATE.FL83_19316-RA	476	600	694	789	959	1295	1410	1563
CMONO.g2987.t1	564	658	813	923	1024	1170	1374	1527
CNOUR.g18106.t1	377	501	607	702	872	1208	1323	1476
CPLIC.g2050.t1	269	393	642	752	853	1088	1203	1356
CREMA.FL82_13186-RA	476	600	694	789	959	1295	1410	1563
CSINI.Csp5_scaffold_01269.g19722.t2	35	159	253	348	518	854	1122
CSP21.g5308.t1	329	453	544	639	699	809	987	1056	1145	1260	1413
CSP26.g2193.t1	316	440	546	641	811	1147	1415
CSP28.g6571.t1	377	501	595	860	1196	1311	1464
CSP29.g9099.t1	124	243	463	599	1014	1418	1446	1540	1635	1805	2141	2256	2409
CSP31.g12527.t2	383	507	613	708	768	878	1214	1329	1482
CSP32.g3904.t1	413	537	643	908	1244	1359	1512
CSP34.Sp34_10012200.t1	407	531	625	720	890	1226	1341	1494
CSP38.g7795.t1	419	531	634	729	789	899	1235	1503
CSP39.g1147.t2	377	501	607	702	872	1208	1323	1476
CSP40.g7350.t1	422	546	652	747	917	1253	1521
CTROP.Csp11.Scaffold630.g20963.t1	124	219	389	725	840	993
CVIRI.g237.t1	70	199	335	551	691	1154	1294	1634	1764	1858	1953	2013	2123	2224	2459	2574	2727
DCORO.DCO_006059	366	558	610	731	837	934	1089	1199	1300	1446	1650	1803	1926
