CAFRA.g19383.t2	72	183	431	596	823	962
CANGA.Cang_2012_03_13_00029.g1705.t1	51	413	796
CBREN.CBN03251	72	183	303	431	596	823	956
CBRIG.CBG23488	72	189	309	437	602	829	959
CCAST.g7389.t1	48	410	793
CDOUG.g6964.t1	72	183	303	431	596	823	956
CELEG.C54D10.5	72	183	303	431	596	823	956
CJAPO.CJA11024	72	183	303	431	596	823	956
CKAMA.g1459.t1	72	183	303	431	596	826	959
CLATE.FL83_19915-RA	72	183	303	431	596	823	956
CMONO.g16782.t1	104	207	318	444	572	843	952	1092
CNOUR.g20703.t1	72	183	303	431	596	823	956
CPLIC.g5453.t1	126	419	643
CREMA.FL82_11187-RA	72	183	303	431	596	823	956
CSINI.Csp5_scaffold_00388.g10576.t1	23	102	213	333	461	626	853	986
CSP21.g8967.t1	81	192	312	437	549	705	814	947
CSP26.g18886.t1	72	183	303	431	596	823	956
CSP28.g6131.t1	72	183	303	431	596	823	956
CSP29.g19198.t1	72	183	303	431	596	823	956
CSP31.g1059.t1	72	183	303	431	596	817	950
CSP32.g1447.t2	72	183	309	437	602	829	962
CSP34.Sp34_50171400.t1	72	183	303	431	596	823	956
CSP38.g1691.t1	45	156	407	572	790
CSP39.g1980.t1	72	183	303	431	596	823	956
CSP40.g18431.t1	72	183	303	431	596	823	956
CTROP.Csp11.Scaffold630.g19405.t1	72	183	303	431	596	823	956
CVIRI.g7001.t1	72	183	437	602	823
DCORO.DCO_013579	78	189	309	437	549	605	708	802	935
