CAFRA.g5778.t1	83	193	264	494	721	968	1086	1243
CANGA.Cang_2012_03_13_00142.g5487.t2	291	420	525	701	826	988	1072	1252	1336	1590	1725	1826	1995	2133	2470	2717	2983	3136
CBREN.CBN18713	83	193	264	494	1010	1128	1285
CBRIG.CBG15739	86	196	267	497	724	971	1089	1243	1359
CCAST.g980.t1	181	428	574
CDOUG.g13494.t1	83	193	264	494	721	968	1050	1207	1275
CELEG.ZC482.5	83	193	264	494	721	968	1086	1240	1308
CJAPO.CJA09917c	131	542	769	1016	1134	1291	1359
CKAMA.g902.t1	83	193	264	368	595	842	960	1117	1185
CLATE.FL83_21247-RA	83	193	264	494	721	968	1086	1234	1302
CMONO.g13418.t2	77	172	243	363	473	531	642	700	850	947	1065	1125	1222	1290	1437	1542	1626	1779	1938	2092	2259	2592	2712
CNOUR.g12380.t1	80	190	261	527	754	1001	1119	1276	1344
CPLIC.g7068.t1	148	378	488	715	865	962	1086	1225	1266
CREMA.FL82_13864-RA	83	223	294	524	751	998	1116	1264	1332
CSINI.Csp5_scaffold_01887.g23730.t1	86	196	267	497	724	971	1089	1246	1314
CSP21.g12459.t1	68	163	234	354	522	691	841	938	1056	1210	1278
CSP26.g842.t1	86	196	267	497	724	971	1089	1246	1314
CSP28.g8401.t1	80	261	491	718	965	1083	1240	1308
CSP29.g8800.t1	80	190	261	491	718	965	1083	1240	1308
CSP31.g23212.t1	27	257	484	634	731	849	1009	1077
CSP32.g5907.t1	193	264	494	721	968	1086	1243	1311
CSP34.Sp34_30290700.t1	83	193	264	494	721	968	1086	1243	1311
CSP38.g8214.t1	83	252	372	709	956
CSP39.g11484.t2	80	190	261	491	718	965	1083	1240	1308
CSP40.g4942.t1	86	196	267	497	724	971	1089	1240	1308
CTROP.Csp11.Scaffold630.g18006.t1	83	193	264	766	1013	1131	1288	1356
CVIRI.g8359.t2	86	187	258	306	459	796	1043	1161	1315	1383
DCORO.DCO_010291	65	160	231	352	461	519	688	734	801	935	1053	1116	1210	1278
