CAFRA.g13937.t1	297	558
CANGA.Cang_2012_03_13_00094.g4169.t1	126	549	628	681
CBREN.CBN04705	279	540
CBRIG.CBG02567	294	555
CCAST.g2331.t1	117	540
CDOUG.g925.t1	291	552
CELEG.R12C12.5	294	555
CJAPO.CJA10071	294	555
CKAMA.g18909.t1	297	558
CLATE.FL83_04460-RA	291	552
CMONO.g11522.t1	198	321	378	483	612	744
CNOUR.g15481.t1	294	555
CPLIC.g13704.t1	144	435	567
CREMA.FL82_12084-RA	291
CSINI.Csp5_scaffold_00318.g9298.t1	291	552
CSP21.g6911.t1	117	279	408	540
CSP26.g11035.t1	294	555
CSP28.g11012.t1	279	540
CSP29.g1283.t1	294	555
CSP31.g14260.t1	117	279
CSP32.g16453.t1	291	552
CSP34.Sp34_20123400.t1	291	552
CSP38.g9349.t1	117	279	540
CSP39.g9356.t1	291	552
CSP40.g8619.t1	294	555
CTROP.Csp11.Scaffold629.g16430.t1	291	552
CVIRI.g11834.t1	174	279	540
DCORO.DCO_018651	204	309	438	600	651
