CAFRA.g5352.t1	362
CANGA.Cang_2012_03_13_00931.g14998.t1	81	285	519	629
CBREN.CBN10983	225	459
CBRIG.CBG11102	165	317	525	683	759
CCAST.g12871.t1	204	438	548
CDOUG.g17822.t1	201	435
CELEG.Y54G11A.10a	201	359	435
CJAPO.CJA09035	201	359
CKAMA.g18345.t1	174	326	531	689	765
CLATE.FL83_15865-RA	201	359	435
CMONO.g13756.t1	40	207	365	441	551
CNOUR.g7435.t1	201	359	435
CPLIC.g9133.t1	37	204	362	438
CREMA.FL82_06438-RA	165	332	552	710	786
CSINI.Csp5_scaffold_02480.g26675.t1	201	359	435
CSP21.g7526.t1	40	207	365	441	551
CSP26.g18270.t1	201	359	435
CSP28.g9071.t1	201	435
CSP29.g8077.t1	201	359	435
CSP31.g1949.t1	37	204	362	438
CSP32.g16023.t1	362
CSP34.Sp34_20164700.t1	201	359	435
CSP38.g3583.t1	204	438	548
CSP39.g7845.t1	201	359	435
CSP40.g3752.t1	201	359	435
CTROP.Csp11.Scaffold629.g15685.t1	201	435
CVIRI.g13829.t1	204	362	438	548
DCORO.DCO_020461	75	204	438	548
