CAFRA.g7101.t1	90	319	452	679	798
CANGA.Cang_2012_03_13_00175.g6243.t1	72	307	440	786
CBREN.CBN03383	90	310	446	673	792
CBRIG.CBG09462	90	319	452	679	798
CCAST.g16507.t1	75	292	425	771
CDOUG.g642.t1	90	319	452	679	798
CELEG.K02B2.3	90	319	452	679	798
CJAPO.CJA06556	91	227	454	573
CKAMA.g7276.t1	
CLATE.FL83_16265-RA	90	319	452	679	798
CMONO.g18466.t1	159	400	536	678	763	882	990
CNOUR.g21908.t1	93	310	443	670	789
CPLIC.g12193.t1	72	277	410	552	756
CREMA.FL82_04300-RA	90	319	452	679	798
CSINI.Csp5_scaffold_01287.g19874.t1	90	319	452	679	798
CSP21.g3601.t1	87	304	440	582	786	894
CSP26.g4776.t1	90	319	452	679	798
CSP28.g12835.t1	96	316	449	676	795
CSP29.g5067.t1	93	310	443	670	789
CSP31.g4015.t1	102	328	461	688	807
CSP32.g8887.t1	90	319	452	679	798
CSP34.Sp34_40158500.t1	90	316	449	676	795
CSP38.g15203.t1	84	301	434	576	780
CSP39.g2107.t1	93	310	443	670	789
CSP40.g20381.t1	90	319	452	679	798
CTROP.Csp11.Scaffold499.g2242.t1	90	319	455	682	801
CVIRI.g9358.t1	102	325	685	804
DCORO.DCO_015149	114	228	337	473	615	746	819	927
