CAFRA.g14837.t1	9	301	1320
CANGA.Cang_2012_03_13_00224.g7359.t2	9	128	325	469	929	1269	1365	1472	1743
CBREN.CBN19845	307	1323
CBRIG.CBG19337	9	304	1320
CCAST.g16114.t1	9	128	863	1203	1299	1406	1701
CDOUG.g3148.t1	9	307	1323
CELEG.ZK287.2a	9	304	1314
CJAPO.CJA17287	9	301	1287
CKAMA.g11316.t1	43	108	403	1419	1930
CLATE.FL83_08577-RA	9	298	1314
CMONO.g18895.t1	144	465	548	696	810	888	984	1248	1338	1393
CNOUR.g15769.t1	9	310	1317
CPLIC.g13651.t1	101	286	606	993	1185	1388	1539	1623
CREMA.FL82_09672-RA	9	217	1137	1641
CSINI.Csp5_scaffold_01055.g18004.t1	9	304	1320	1486
CSP21.g10697.t1	9	116	190	432	597	984	1098	1176	1272	1379	1620	1675
CSP26.g508.t1	9	304	1320
CSP28.g5965.t1	9	310	1320
CSP29.g19013.t1	7	72	373	1380
CSP31.g25450.t1	113	187	298	474	795	878	1026	1218	1314	1581	1665	1720
CSP32.g17965.t1	92	315	604	1623
CSP34.Sp34_50252700.t1	76	137	209	274	355	499	1515
CSP38.g10529.t1	9	450	1194	1290	1397
CSP39.g3205.t1	9	310	1320	1377
CSP40.g23802.t1	9	304	1320
CTROP.Csp11.Scaffold630.g17204.t1	996
CVIRI.g14710.t1	9	116	462	783	1014	1206	1302	1409	1656	1711
DCORO.DCO_007123	9	223	334	504	669	825	908	1056	1170	1248	1344	1451	1605	1695	1750
