CAFRA.g10558.t1	97	223	303	376
CANGA.Cang_2012_03_13_00935.g15011.t1	229	382
CBREN.CBN01844	97	223	303	376
CBRIG.CBG23341	97	223	303	376
CCAST.g9705.t1	229	382
CDOUG.g9469.t1	97	223	303	376
CELEG.F58H1.7a	97	229	309	382
CJAPO.CJA01746	100	226	306	379
CKAMA.g1094.t1	97	223	303	376
CLATE.FL83_10714-RA	97	223	303	376
CMONO.g2797.t1	106	232	312	385	543
CNOUR.g21280.t1	97	223	303	376
CPLIC.g6104.t1	103	229	309	382	540
CREMA.FL82_11308-RA	97	223	303	376
CSINI.Csp5_scaffold_00230.g7556.t1	97	223	303	376
CSP21.g14245.t1	103	229	382	540
CSP26.g10648.t1	97	223	303	376
CSP28.g15085.t1	97	223	303	376
CSP29.g18558.t1	97	223	303	376
CSP31.g7068.t1	94	220	300	373
CSP32.g4341.t1	97	223	303	376
CSP34.Sp34_50143100.t1	97	223	303	376
CSP38.g14874.t1	94	220	373	531
CSP39.g6594.t1	97	223	303	376
CSP40.g14373.t1	97	223	303	376
CTROP.Csp11.Scaffold629.g7758.t1	97	223	303	376
CVIRI.g3035.t1	94	220	373
DCORO.DCO_020931	118	247	327	450
