CAFRA.g10361.t1	48
CANGA.Cang_2012_03_13_00019.g1236.t1	261	387	521
CBREN.CBN09540.1	48	516
CBRIG.CBG03983	48	516
CCAST.g9398.t1	390	516
CDOUG.g1818.t1	48	516
CELEG.F23C8.5a.1	48	516
CJAPO.CJA12370b	210	678
CKAMA.g12061.t1	48	516
CLATE.FL83_04976-RA	534
CMONO.g1327.t1	48	171	261	516	672
CNOUR.g9700.t1	48	516
CPLIC.g10026.t1	48	261	390	516	672
CREMA.FL82_21432-RA	516
CSINI.Csp5_scaffold_00470.g11793.t1	48	516
CSP21.g5361.t1	48	171	261	516	672
CSP26.g17397.t1	48	516
CSP28.g2537.t1	48	516
CSP29.g17755.t1	48	516
CSP31.g7488.t1	48	171	390	516
CSP32.g7493.t1	48
CSP34.Sp34_10284800.t1	48	516
CSP38.g630.t1	390	516	672
CSP39.g20815.t1	48	516
CSP40.g17033.t1	48	516
CTROP.Csp11.Scaffold630.g17126.t1	48	516
CVIRI.g14594.t1	48	390	672
DCORO.DCO_018311	54	177	267	372	453	522	678
