CAFRA.g1743.t1	105	169	437	591	1134	1260	1329
CANGA.Cang_2012_03_13_00494.g11510.t2	65	123	205	473	771	1117	1278	1479
CBREN.CBN03174	114	178	446	600	988	1320	1389	1458
CBRIG.CBG05548	117	181	449	603	991	1146	1272	1341
CCAST.g472.t1	123	202	470	1012	1173	1374
CDOUG.g13892.t1	120	184	452	606	994	1149	1284	1353
CELEG.Y44A6E.1b	126	193	461	630	1018	1173	1299	1368
CJAPO.CJA11706	132	199
CKAMA.g13607.t1	166	434	588	976	1131	1326
CLATE.FL83_21567-RA	13	45	111	175	443	597	985	1140	1269	1338
CMONO.g6541.t2	117	178	336	446	615	759	900	1003	1088	1158	1347
CNOUR.g7223.t1	117	181	449	603	991	1146	1275	1344
CPLIC.g13019.t1	102	169	327	437	606	891	994	1149	1254	1332
CREMA.FL82_13068-RA	120	184	392	546	934	1089	1218	1287
CSINI.Csp5_scaffold_05329.g34804.t1	117	181	449	603	991	1146	1272
CSP21.g1255.t1	117	178	336	446	600	744	885	988	1073	1143	1255	1353
CSP26.g10601.t1	117	181	449	603	991	1146	1275	1344
CSP28.g7510.t1	117	181	449	603	991	1146	1275	1344
CSP29.g19793.t1	182	411	663	751	1020	1121	1249	1374	1441	1709	1863	2251	2406	2535	2604
CSP31.g2246.t1	108	172	330	440	594	738	879	982	1137	1257	1326
CSP32.g9941.t1	105	169	437	591	1134	1260	1329
CSP34.Sp34_50426500.t1	123	187	455	609	997	1152	1278	1347
CSP38.g7100.t1	105	190	458	1000	1161	1353
CSP39.g2615.t1	117	181	449	618	1006	1161	1290	1359
CSP40.g1929.t1	117	181	449	603	949	1104	1230	1299
CTROP.Csp11.Scaffold629.g12016.t1	170	651	739	936	1008	1109	1237	1362	1426	1694	1848	2236	2391	2520	2589
CVIRI.g9762.t1	114	181	339	449	603	888	991	1149	1278	1347
DCORO.DCO_009619	105	163	399	431	585	661	729	870	973	1131	1344
