CAFRA.g1351.t1	36	108	230	595	691
CANGA.Cang_2012_03_13_21396.g26657.t1	
CBREN.CBN13348	36	108	230	580	676
CBRIG.CBG02241	36	625
CCAST.g6707.t1	36	568
CDOUG.g9644.t1	36	108	230	583
CELEG.F25H2.1	36	230	574	670
CJAPO.CJA11563	36	111	233	589	685
CKAMA.g7501.t1	36	108	230	577	673
CLATE.FL83_05204-RA	36	108	230	580	676
CMONO.g2046.t1	36	177	287	420	528	631	727
CNOUR.g16154.t1	36	230	571
CPLIC.g1432.t1	30	114	224	465	553
CREMA.FL82_15770-RA	69	141	263	613	709
CSINI.Csp5_scaffold_01003.g17484.t1	6	128	478	574
CSP21.g8264.t1	33	141	251	384	492	649	745
CSP26.g14112.t1	36	111	233	583	679
CSP28.g11988.t1	36	230	574
CSP29.g13692.t1	36	230	571
CSP31.g3036.t1	36	108	577	673
CSP32.g16871.t1	36	108	230	586	682
CSP34.Sp34_10214700.t1	36	108	230	580	676
CSP38.g14439.t1	36	571
CSP39.g8052.t1	36	108	577
CSP40.g15162.t1	36	111	233	586	682
CTROP.Csp11.Scaffold547.g3526.t1	36	108	230	580	676
CVIRI.g17075.t1	36	117	592
DCORO.DCO_018141	33	189	302	435	528	742
