CAFRA.g11362.t1	63	186	285	558	624	836	1256	1391
CANGA.Cang_2012_03_13_00893.g14793.t1	
CBREN.CBN16979	63	180	279	549	842	1274	1412
CBRIG.CBG20579	60	183	282	552	833
CCAST.g4988.t1	168	348	1235	1370
CDOUG.g19544.t1	63	186	285	555	845	1292	1430
CELEG.ZK742.2	24	99	222	321	594	887	1319	1457
CJAPO.CJA00079	63	186	285	555	854	1289	1427
CKAMA.g6210.t1	63	186	285	555	621	845	1289	1427
CLATE.FL83_22386-RA	63	186	285	555	851	1277	1415
CMONO.g13173.t1	60	93	192	273	366	432	522	680	883	987	1160	1295	1430	1527
CNOUR.g4977.t1	66	189	288	558	624	1259	1397
CPLIC.g9469.t1	120	243	401	830	1094	1200
CREMA.FL82_13596-RA	15	81	204	303	573	869	1304	1442
CSINI.Csp5_scaffold_01536.g21560.t1	63	186	285	549	830	1155	1247
CSP21.g5872.t1	54	174	273	450	543	609	699	848	1045	1170	1301	1442	1568	1674
CSP26.g2886.t1	63	186	285	360	549	839	1397
CSP28.g16470.t1	63	186	285	555	1310	1448	1736	1837	2059	2602	3332	3530	3916	4160	4296
CSP29.g21170.t1	63	186	285	555	621	1250	1388
CSP31.g18596.t1	111	234	333	411	507	600	666	887	1397	1476
CSP32.g6270.t1	63	186	285	558	624	836	1250	1385
CSP34.Sp34_50086600.t1	63	183	282	552	848	1259
CSP38.g14793.t1	174	354	633	1094	1229
CSP39.g2348.t1	63	186	285	555	621	1307	1445
CSP40.g10262.t1	63	186	285	439	489	773	1334
CTROP.Csp11.Scaffold630.g18323.t1	69	186	285	555	836	1361
CVIRI.g4434.t1	60	192	839	1223
DCORO.DCO_007061	87	213	480	756	911	1120	1233	1379	1517	1646	1758
