CAFRA.g7922.t1	77	193	521	669
CANGA.Cang_2012_03_13_00098.g4285.t1	193	430	711
CBREN.CBN05196	77	193	518	666
CBRIG.CBG05175	77	193	515	663
CCAST.g9668.t1	193	430	702
CDOUG.g7188.t1	77	193	515	663
CELEG.W03A5.7	77	193	521	669
CJAPO.CJA35013	77	193	503	651
CKAMA.g709.t1	77	193	512	660
CLATE.FL83_13532-RA	77	193	512	660
CMONO.g20215.t1	77	193	339	397	479	627
CNOUR.g2590.t1	77	193	512	660
CPLIC.g12000.t1	80	196	348	406	515	663
CREMA.FL82_16750-RA	77	193	512	660
CSINI.Csp5_scaffold_02483.g26684.t2	108	197	313	635	783
CSP21.g7852.t1	77	193	345	403	494	645
CSP26.g1092.t1	77	193	515	663
CSP28.g4881.t1	77	193	512	660
CSP29.g2485.t1	86	173	289	608	756
CSP31.g11884.t1	77	193	412	515	663
CSP32.g15920.t1	77	193	518	666
CSP34.Sp34_30114500.t1	77	193	500	648
CSP38.g3173.t1	77	193	421	548	696
CSP39.g7730.t1	77	193	512	630	729
CSP40.g12315.t1	77	193	515	663
CTROP.Csp11.Scaffold628.g7446.t1	77	193	518	666
CVIRI.g7733.t1	77	193	521	669
DCORO.DCO_018771	77	193	242	369	427	497	645
