CAFRA.g11384.t1	94	418	604
CANGA.Cang_2012_03_13_00432.g10784.t2	7	277	346	553	670	748
CBREN.CBN13047	94	418	613
CBRIG.CBG20553	103	427	625
CCAST.g11224.t1	97	304	421	499	622
CDOUG.g8482.t2	94	418	619
CELEG.F40A3.2	94	418	616
CJAPO.CJA13656	100	424	622
CKAMA.g6226.t1	94	418	610
CLATE.FL83_18986-RA	94	418	613
CMONO.g553.t1	185	301	418
CNOUR.g4999.t1	94	418	607
CPLIC.g2027.t1	100	191	424	505
CREMA.FL82_13576-RB	94	418	613
CSINI.Csp5_scaffold_03415.g30116.t1	94	418	625
CSP21.g15562.t1	179	295	412
CSP26.g9583.t1	94	418	616
CSP28.g16487.t1	94	418
CSP29.g21151.t1	94	418
CSP31.g18575.t1	97	421	505	622
CSP32.g5225.t1	94	418	604
CSP34.Sp34_50083800.t1	94	418	625
CSP38.g19092.t1	100	307	424	502	622
CSP39.g5934.t2	166	352
CSP40.g10287.t2	94	418	625
CTROP.Csp11.Scaffold629.g14307.t1	271	463
CVIRI.g3919.t1	94	418	502	595
DCORO.DCO_019643	106	197	313	400	534
