CAFRA.g12595.t1	155	268	389	542	786	911
CANGA.Cang_2012_03_13_00195.g6739.t1	155	268	542	693	911
CBREN.CBN08865	143	256	377	530	774	899
CBRIG.CBG14705	158	271	392	545	789	914
CCAST.g631.t1	155	268	542	693	911
CDOUG.g11986.t1	158	271	392	545	789	914
CELEG.F14D12.2.1	143	256	377	530	774	899
CJAPO.CJA07249	155	268	389	542	786	911
CKAMA.g3275.t1	158	271	392	545	789	914
CLATE.FL83_00487-RA	158	271	392	545	789	914
CMONO.g15453.t1	80	155	268	389	542	596	693	786	911	1008
CNOUR.g13189.t1	155	268	389	542	786	911
CPLIC.g9027.t1	155	268	389	596	786	911	1008
CREMA.FL82_01224-RA	178	299	452	696	821
CSINI.Csp5_scaffold_00309.g9167.t1	158	271	392	545	789	914
CSP21.g10020.t1	62	137	250	371	460	524	675	768	893
CSP26.g746.t1	158	271	392	545	789	914
CSP28.g10514.t1	155	268	389	542	786	911
CSP29.g3916.t1	155	268	389	542	786	911
CSP31.g9089.t1	140	253	374	527	896
CSP32.g150.t1	155	268	389	542	786	911
CSP34.Sp34_X0237200.t1	158	271	392	545	789	914
CSP38.g20190.t1	155	268	542	693	911
CSP39.g13808.t1	140	253	374	527	771	896
CSP40.g17641.t1	158	271	392	545	789	914
CTROP.Csp11.Scaffold626.g6604.t1	143	256	377	530	774	899
CVIRI.g927.t1	155	268	542	596	693	911	1008
DCORO.DCO_013569	48	131	206	319	440	593	744	837	962	1085
