CAFRA.g765.t1	149	225	294	452	597	726
CANGA.Cang_2012_03_13_00306.g8901.t1	38	312
CBREN.CBN15004	116	192	261	419	564	693
CBRIG.CBG18783	189	258	416	561	690
CCAST.g6701.t1	183	410	684
CDOUG.g25495.t1	110	186	255	413	558	687
CELEG.F09C3.2	107	183	252	410	555	684
CJAPO.CJA16558	35	111	180	338	483	612
CKAMA.g2026.t1	116	192	261	419	693
CLATE.FL83_17479-RA	113	189	561	690
CMONO.g13772.t1	128	204	273	431	576	705
CNOUR.g21311.t1	125	201	270	428	573	702
CPLIC.g14811.t1	128	204	431	576	705
CREMA.FL82_04491-RA	113	189	561	690
CSINI.Csp5_scaffold_04241.g32449.t1	186	255	413	558	687
CSP21.g8023.t1	107	183	410	555	684
CSP26.g10615.t1	186	255	338	483	612
CSP28.g2605.t1	131	207	276	434	579	708
CSP29.g16883.t1	125	201	270	428	573	702
CSP31.g5739.t1	128	204	273	576	705
CSP32.g4740.t1	113	189	258	416	561	690
CSP34.Sp34_10020900.t1	25	71	147	216	374	519	648
CSP38.g14432.t1	192	419	693
CSP39.g9468.t1	188	264	333	491	636	765
CSP40.g13833.t1	186	413	558	687
CTROP.Csp11.Scaffold525.g3033.t1	200	276	345	503	648	777
CVIRI.g6809.t1	110	186	255	413	558	687
DCORO.DCO_018569	104	180	249	407	552	681
