CAFRA.g11458.t1	136
CANGA.Cang_2012_03_13_00298.g8744.t1	154	346	527
CBREN.CBN07254	136
CBRIG.CBG23305	136
CCAST.g16210.t1	139	331	512
CDOUG.g18051.t1	136
CELEG.F35B12.6	133
CJAPO.CJA02458	51	205	661
CKAMA.g3675.t1	52	526	627	753	934	1161	1300
CLATE.FL83_15601-RA	133
CMONO.g13310.t1	136	352	463	527
CNOUR.g19992.t1	130
CPLIC.g10038.t1	142	334	451	515
CREMA.FL82_11402-RA	133
CSINI.Csp5_scaffold_00353.g9962.t1	136
CSP21.g15931.t1	130	334	448	512
CSP26.g10801.t1	133
CSP28.g1366.t1	52	279	544	762	961	1167	1312	1841	2029
CSP29.g18489.t1	133
CSP31.g22515.t1	133	334
CSP32.g14232.t1	136
CSP34.Sp34_50152310.t1	133
CSP38.g1985.t1	130	325	506
CSP39.g3619.t1	142	270
CSP40.g14403.t1	136
CTROP.Csp11.Scaffold629.g16603.t1	133
CVIRI.g13109.t1	142	454
DCORO.DCO_019543	139	241	355	475	539
