CAFRA.g9401.t1	66	237	364	613	700	834	942	1044	1241	1424	1620	1749
CANGA.Cang_2012_03_13_00034.g1930.t1	280	615	717	1872
CBREN.CBN16331	66	231	358	592	682	816	1026	1223	1403	1620	1743
CBRIG.CBG14611	66	234	361	595	676	813	1023	1403	1617	1737
CCAST.g1297.t1	222	583	918	1020	1881
CDOUG.g445.t1	69	237	364	598	691	828	1038	1235	1418	1641	1767
CELEG.C42D8.8a	66	234	361	595	688	822	1032	1229	1412	1611	1740
CJAPO.CJA15342	126	253	487	571	705	813	915	1112	1292	1491	1632
CKAMA.g3220.t1	66	234	361	595	685	819	1029	1226	1418	1620	1761
CLATE.FL83_00562-RA	66	234	361	595	729	939	1136	1328	1572	1701
CMONO.g13488.t1	63	228	355	483	586	612	726	834	936	1014	1133	1216	1335	1521	1659	1749
CNOUR.g17548.t1	63	228	355	589	679	813	921	1023	1403	1593	1719
CPLIC.g9453.t1	66	243	370	498	604	706	939	1041	1321	1926
CREMA.FL82_01149-RA	66	234	361	595	729	939	1136	1328	1572	1701
CSINI.Csp5_scaffold_00278.g8552.t1	324	451	685	766	903	1113	1310	1749	1875
CSP21.g7984.t1	60	213	340	468	571	697	936	1116	1899
CSP26.g20405.t1	66	234	361	595	732	942	1139	1322	1533	1659
CSP28.g9766.t1	63	231	358	592	682	816	924	1026	1406	1602	1731
CSP29.g11587.t1	63	231	358	592	682	816	924	1026	1406	1602	1728
CSP31.g21427.t1	66	246	373	501	607	700	942	1044	1427	1743	1836
CSP32.g8345.t1	66	237	364	613	700	834	942	1044	1241	1424	1620	1755
CSP34.Sp34_X0244700.t1	63	231	358	592	682	816	1026	1223	1406	1605	1731
CSP38.g5311.t1	66	222	477	583	915	1017	1869
CSP39.g2868.t1	66	234	361	595	685	819	927	1029	1409	1605	1734
CSP40.g19113.t1	66	234	361	595	676	813	1023	1220	1406	1617	1743
CTROP.Csp11.Scaffold567.g4166.t1	66	234	361	595	682	816	1026	1223	1406	1617	1743
CVIRI.g10895.t1	234	324	455	665	862	945	1424
DCORO.DCO_005505	151	219	390	517	645	748	847	1071	1251	1569	1668	1839	2016	2145
