CAFRA.g14076.t1	167	336	422	680	688
CANGA.Cang_2012_03_13_00038.g2136.t2	102	377	834
CBREN.CBN10307	197	339	425	664	861
CBRIG.CBG21813	191	330	416	655	864
CCAST.g11188.t1	102	377	600
CDOUG.g13766.t1	197	339	425	664	861
CELEG.T10B5.3a	194	422	661	861
CJAPO.CJA19132	209	360	446	685	882
CKAMA.g3711.t1	194	339	425	664	864
CLATE.FL83_05337-RA	209	351	437	676	873
CMONO.g3044.t1	117	236	360	446	510	624	685	793	891
CNOUR.g13355.t1	218	449	885
CPLIC.g14666.t1	170	300	386	450	564	625
CREMA.FL82_13488-RA	221	363	449	688	885
CSINI.Csp5_scaffold_01912.g23842.t2	218	519	605	844
CSP21.g11663.t1	117	227	357	443	507	621	682	802	894
CSP26.g4812.t1	203	351	437	676	909
CSP28.g1486.t1	236	467	912
CSP29.g5648.t1	218	437	876
CSP31.g22564.t1	176	318	404	643	769	855
CSP32.g14120.t1	149	303	389	837
CSP34.Sp34_50065600.t1	209	351	437	676	867
CSP38.g2788.t1	102	291	377	822
CSP39.g6842.t1	163	394	839
CSP40.g13897.t1	218	360	446	685	918
CTROP.Csp11.Scaffold629.g13083.t1	206	348	434	673	867
CVIRI.g11782.t1	102	176	306	392	631	775	843
DCORO.DCO_014649	126	299	441	527	591	705	766	907	1044
