CAFRA.g2486.t1	138	308	1205
CANGA.Cang_2012_03_13_05961.g19961.t1	53	504
CBREN.CBN07994	135	227	305	426	1063	1202
CBRIG.CBG23928	138	230	308	429	1066	1205
CCAST.g14154.t1	129	299	750	1199
CDOUG.g7361.t1	138	230	308	429	1066	1205
CELEG.ZK973.11	147	239	317	438	1075	1214
CJAPO.CJA09159	135	227	305	1060	1205
CKAMA.g9308.t1	129	221	299
CLATE.FL83_18835-RA	138	230	308	429	1066	1205
CMONO.g14372.t1	150	242	320	441	546	658	777	875	946	1087	1226	1335
CNOUR.g7313.t1	15	107	185	306	1082
CPLIC.g4695.t1	141	311	432	537	753	1063	1202
CREMA.FL82_23146-RA	138	230	308	429	1066	1205
CSINI.Csp5_scaffold_02157.g25156.t1	147	239	317	438	1075	1214
CSP21.g1425.t1	129	221	299	420	525	625	744	842	913	1054	1193	1281
CSP26.g21602.t1	138	230	308	429	1066	1205
CSP28.g8538.t1	138	308	1205
CSP29.g10262.t1	138	230	308	429	1205
CSP31.g840.t1	138	230	308	534	640	759	1069	1208
CSP32.g8606.t1	27	197	955	1094
CSP34.Sp34_10347200.t1	138	230	308	429	1066	1205
CSP38.g22112.t1	138	308	759	1208
CSP39.g11322.t1	138	230	308	429	1066	1205
CSP40.g21029.t1	141	233	311	432	1069	1208
CTROP.Csp11.Scaffold456.g1358.t1	138	230	308	429	1066	1205
CVIRI.g7223.t1	126	296	522	628	747	1057
DCORO.DCO_010749	162	216	332	453	558	670	789	958	1099	1238	1327
