CAFRA.g5859.t1	147	849	1545
CANGA.Cang_2012_03_13_00444.g10921.t1	147	849	1545
CBREN.CBN03890	147	849	1545
CBRIG.CBG11701	147	849	1545
CCAST.g7912.t1	147	849	1545
CDOUG.g13118.t1	147	849	1545
CELEG.Y22D7AL.5a.1	147	456	849	1227	1545
CJAPO.CJA04542	150	852	1548
CKAMA.g13772.t1	150	852	1548
CLATE.FL83_08971-RA	147	849	1545
CMONO.g10781.t1	150	273	354	552	684	852	1455	1548
CNOUR.g12806.t1	147	849	1545
CPLIC.g11459.t1	147	270	681	849	1452
CREMA.FL82_24195-RA	147	849	1545
CSINI.Csp5_scaffold_00474.g11845.t1	147	849	1545
CSP21.g5729.t1	147	270	456	681	849	1452	1545
CSP26.g1293.t1	147	849	1545
CSP28.g1552.t1	150	852	1548
CSP29.g780.t1	147	849	1545	1681
CSP31.g10978.t1	147	270	681	849	1545
CSP32.g5832.t1	147	849	1545
CSP34.Sp34_30314500.t1	147	849	1545
CSP38.g8991.t1	147	681	849	1545
CSP39.g2467.t1	147	849	1338	1545
CSP40.g12214.t1	147	849	1545
CTROP.Csp11.Scaffold528.g3117.t1	147	849	1545
CVIRI.g12815.t1	147	270	849	1452
DCORO.DCO_007973	153	276	462	641	687	785	855	1005	1077	1212	1344	1551
