CAFRA.g9618.t1	134	237	418	516	1369
CANGA.Cang_2012_03_13_00279.g8383.t1	542	785	932	1096
CBREN.CBN26239	15	128	457	555	1408
CBRIG.CBG23107	15	125	228	412	510	1363
CCAST.g19113.t1	27	134	237	516	962	1205	1369
CDOUG.g21957.t1	15	128	231	415	513	1366
CELEG.H19N07.4a.1	21	134	237	421	519	1372
CJAPO.CJA09141	18	143	246	427	525	1378
CKAMA.g6425.t1	55	366	540	724	822	1675	1797	1876	1979	2124
CLATE.FL83_19979-RA	34	141	237	421	519	1372
CMONO.g762.t1	108	162	207	302	405	586	684	945	1098	1331	1442	1500	1606
CNOUR.g22054.t1	15	128	231	412	510	855	1363
CPLIC.g12035.t1	18	152	255	436	534	726	879	980	1112	1223	1387
CREMA.FL82_09345-RA	16	52	159	255	439	537	1390
CSINI.Csp5_scaffold_00558.g12845.t2	55	366	540	653	756	940	1038	1939
CSP21.g7443.t1	18	122	225	406	504	705	858	959	1091	1202	1366
CSP26.g21758.t1	15	128	231	415	513	1366
CSP28.g5879.t1	3	16	162	234	415	513	858	1366
CSP29.g18933.t1	15	128	231	412	510	855	1363
CSP31.g1132.t1	21	125	228	409	507	699	852	1085	1196	1360
CSP32.g6704.t1	134	237	418	516	861	1369
CSP34.Sp34_50313000.t1	15	131	234	418	516	1369	1424
CSP38.g15230.t1	27	134	237	516	708	962	1205	1369
CSP39.g15841.t1	15	128	231	412	510	855	1363
CSP40.g2141.t1	15	128	231	415	513	1366
CTROP.Csp11.Scaffold417.g1129.t1	15	128	231	415	513	1366
CVIRI.g6379.t1	12	131	234	415	516	708	861	1094	1205	1369
DCORO.DCO_008565	122	246	423	607	705	870	1023	1124	1256	1425	1531
