CAFRA.g3833.t1	58	177	307	1257	1754
CANGA.Cang_2012_03_13_00111.g4624.t1	177	906
CBREN.CBN11358	58	177	307	1135	1266	1705	1763
CBRIG.CBG00939	61	180	310	1090	1221	1660	1700
CCAST.g10718.t1	177	678	1407
CDOUG.g6798.t1	61	180	310	1102	1233	1672	1730
CELEG.T26C5.2	58	177	307	1120	1251	1748
CJAPO.CJA32651	361	989
CKAMA.g1771.t1	58	177	307	1099	1230	1669	1727
CLATE.FL83_19135-RA	61	180	310	1132	1263	1702
CMONO.g16250.t1	87	189	307	432	565	627	874	944
CNOUR.g12761.t1	64	183	313	578	1024	1155	1594	1652
CPLIC.g8097.t1	67	186	316	705	819	927	1044	1152	1251	1585	1843	1905	2004	2146	2222
CREMA.FL82_06477-RA	61	180	310	1126	1257	1696
CSINI.Csp5_scaffold_01468.g21098.t1	79	198	328	1150	1281	1720
CSP21.g9752.t1	28	147	277	505	726	828	922	1044	1177	1338	1477
CSP26.g601.t1	73	192	322	1126	1257	1696	1760
CSP28.g12455.t1	64	183	313	1769
CSP29.g6310.t1	64	183	313	1117	1248	1687	1745
CSP31.g16689.t1	226	332	540	617	694	813	943	1494	1647	1771	2032	2193
CSP32.g4191.t1	61	180	310	1266	1763
CSP34.Sp34_20299000.t1	58	177	307	1123	1254	1748
CSP38.g8405.t1	61	180	690	912	1476
CSP39.g8150.t1	64	183	313	1720
CSP40.g1712.t1	67	186	316	1132	1263	1702	1766
CTROP.Csp11.Scaffold630.g21400.t1	216	346	1090	1221
CVIRI.g11922.t1	73	192	322	1138	1269	1402	1464	1708	1776	1866
DCORO.DCO_005679	79	198	328	600	769	897	958	1089	1179	1402	1518	1648	1710	1809	1954	2132
