CAFRA.g12898.t1	18	107	275	484	732	852	966	1191	1842
CANGA.Cang_2012_03_13_00571.g12358.t1	18	460	708	1167	1551	1818
CBREN.CBN10918	18	107	275	484	732	852	966	1191	1335	1575	1842
CBRIG.CBG02064	3	49	353	553	801	1185	1410	1800	2067
CCAST.g1313.t1	18	460	708	1167	1551	1818
CDOUG.g10057.t1	18	107	275	484	732	852	966	1191	1335	1575	1842
CELEG.T14G11.3	18	107	275	484	732	852	966	1191	1575	1842
CJAPO.CJA13602	18	107	275	484	732	852	966	1191	1575	1842
CKAMA.g1223.t1	4	48	143	311	511	759	879	993	1218	1362	1602	1866
CLATE.FL83_01029-RA	18	107	275	481	729	849	963	1188	1332	1572	1839
CMONO.g8709.t1	18	98	201	266	336	475	630	723	843	957	1050	1182	1326	1425	1566	1674	1833
CNOUR.g16649.t1	18	107	275	484	732	852	966	1191	1575	1842
CPLIC.g12170.t1	128	299	514	996	1221	1464	1713	1869
CREMA.FL82_00619-RA	18	107	275	481	729	849	963	1188	1332	1572	1839
CSINI.Csp5_scaffold_00075.g3468.t1	18	119	287	487	735	855	969	1194	1338	1578	1845
CSP21.g13201.t1	18	83	245	306	433	588	681	915	1140	1284	1383	1632	1794
CSP26.g14621.t1	18	107	275	475	723	843	957	1182	1326	1566	1833
CSP28.g9646.t1	18	107	275	484	732	852	966	1191	1575	1842
CSP29.g11720.t1	18	107	275	484	732	852	966	1191	1575	1842
CSP31.g21880.t1	18	125	293	502	750	870	984	1209	1353	1593	1860
CSP32.g5698.t1	18	107	275	484	732	852	966	1191	1842
CSP34.Sp34_X0097700.t1	18	107	275	484	732	852	966	1191	1575	1842
CSP38.g17756.t1	18	448	696	1155	1806
CSP39.g1283.t1	18	107	275	484	732	852	966	1191	1575	1842
CSP40.g12537.t1	18	107	275	475	723	843	957	1182	1326	1566	1833
CTROP.Csp11.Scaffold582.g4650.t1	18	116	284	493	741	861	975	1200	1344	1584	1851
CVIRI.g3302.t1	113	281	493	741	861	975	1200	1344	1584	1851
DCORO.DCO_006113	18	125	237	372	520	605	675	768	888	1002	1095	1227	1371	1484	1611	1719	1878	1952	1997
