CAFRA.g16093.t2	93	204	246	366	483	560
CANGA.Cang_2012_03_13_00634.g13002.t1	36	147	189	309	432	509
CBREN.CBN05530	84	195	237	357	474	551
CBRIG.CBG14372	78	189	199	411	528	605
CCAST.g18045.t1	57	168	210	330	453	530
CDOUG.g167.t1	93	204	246	366	483	560
CELEG.W01H2.3b	93	204	246	366	483	560
CJAPO.CJA05742b	96	207	327	444	521
CKAMA.g3107.t1	68	197	291	402	444	564	681	758
CLATE.FL83_00714-RA	93	204	246	366	483	560
CMONO.g6755.t1	57	168	210	330	453	530
CNOUR.g2289.t2	93	204	246	366	483	560
CPLIC.g625.t2	57	168	210	330	453	530
CREMA.FL82_00973-RA	90	201	243	363	480	557
CSINI.Csp5_scaffold_00002.g80.t1	60	171	297	417	534	611
CSP21.g11583.t2	57	168	210	330	453	530
CSP26.g10048.t1	63	174	216	336	453	530
CSP28.g9886.t1	93	204	246	366	483	560
CSP29.g11451.t1	93	204	246	366	483	560
CSP31.g9124.t1	39	150	192	312	435	512
CSP32.g2384.t1	93	204	246	366	483	560
CSP34.Sp34_X0260100.t1	57	168	210	330	447	524
CSP38.g17823.t1	36	147	189	309	432	509
CSP39.g26617.t2	93	204	246	366	483	560
CSP40.g20974.t1	60	171	213	333	450	527
CTROP.Csp11.Scaffold630.g18295.t1	54	174	291	368
CVIRI.g11153.t1	57	168	330	453	530
DCORO.DCO_020019	57	210	330	453	530
