CAFRA.g9758.t1	145	351	414	486	570	687
CANGA.Cang_2012_03_13_00603.g12683.t1	49	609	672	756	840	927	1257
CBREN.CBN20384	46	618	681	759	840	975	1090	1176	1452
CBRIG.CBG02606	46	609	672	750	834	963	1155	1431
CCAST.g8822.t1	49	372	435	519	603	690	990	1170
CDOUG.g881.t1	46	633	696	774	855	990	1099	1185	1461
CELEG.F13H8.5b	46	627	690	768	849	978	1084	1173	1449
CJAPO.CJA09948	46	621	684	762	846	981	1161	1257
CKAMA.g18949.t1	126	438	501	579	663	789	895	993	1269
CLATE.FL83_04493-RA	46	606	669	747	831	966	1075	1161	1437
CMONO.g783.t1	142	618	669	753	837	918	1191	1287	1467
CNOUR.g10731.t1	46	597	660	738	822	1063
CPLIC.g11660.t1	52	321	369	447	537	612	772	888	984	1164
CREMA.FL82_12117-RA	46	630	693	771	855	990	1099	1185	1461
CSINI.Csp5_scaffold_02189.g25321.t1	162	268	354	630
CSP21.g4305.t2	34	144	216	292	355	442	594	651	816	921	1161	1257	1437
CSP26.g5284.t1	46	618	681	759	843	978	1084	1170	1446
CSP28.g15379.t1	46	630	693	771	855	1087	1191	1287
CSP29.g1320.t1	46	342	405	483	567	805
CSP31.g4448.t1	37	534	612	696	1137
CSP32.g1646.t2	46	255	318	390	474	600
CSP34.Sp34_20130100.t1	46	633	711	792	876	1014	1102	1182	1458
CSP38.g1885.t1	40	552	615	699	777	1086	1182	1362
CSP39.g9423.t3	46	672	735	813	897	1071	1183	1284	1326	1422
CSP40.g8591.t1	46	609	672	750	834	969	1075	1161	1437
CTROP.Csp11.Scaffold629.g11619.t2	46	618	681	771	855	990	1090	1176	1452
CVIRI.g6320.t1	43	624	687	765	849	954	1060	1164	1260	1440
DCORO.DCO_007497	28	100	174	276	354	401	552	663	720	927	1039	1395	1491	1581	1671
