CAFRA.g8080.t1	28	178	525	1877
CANGA.Cang_2012_03_13_00234.g7560.t1	57	174	1025	1412
CBREN.CBN13747	28	151	498	1853
CBRIG.CBG06642	28	151	387	498	1850
CCAST.g18666.t1	67	186	303	1154	1541
CDOUG.g14089.t1	28	151	387	498	1853
CELEG.W02G9.2b	60	139	229	340	687	2000
CJAPO.CJA12029	58	1742
CKAMA.g2807.t1	106	235	471	582	1922
CLATE.FL83_08394-RA	31	166	402	513	1874
CMONO.g6269.t1	57	214	337	493	615	732	843	990	1086	1164	1230	1362	1474	1598	1647	1779	1870	1985	2300
CNOUR.g9234.t1	28	160	507	1346	1832
CPLIC.g1199.t2	106	184	429	540	687	927	1086	1491	1582	1697	1904
CREMA.FL82_13295-RA	31	166	402	513	1874
CSINI.Csp5_scaffold_03517.g30456.t1	28	163	399	510	1862
CSP21.g12374.t1	147	253	316	445	567	684	795	942	1038	1116	1182	1308	1429	1553	1734	1825	1940	2027	2092	2147	2255
CSP26.g11629.t1	28	163	399	510	1862
CSP28.g3690.t1	28	178	414	525	1859
CSP29.g266.t1	47	519	682	780	844	985	1221	1332	2165	2651
CSP31.g10668.t1	9	58	247	483	594	981	1458	1549
CSP32.g15104.t1	47	522	685	831	880	1030	1377	2729
CSP34.Sp34_50052000.t1	28	157	393	504	1853
CSP38.g20077.t1	67	186	303	924
CSP39.g921.t1	28	175	225	312	1157	1643
CSP40.g2704.t1	54	139	280	516	627	1979
CTROP.Csp11.Scaffold629.g7669.t2	27	79	226	573	1901
CVIRI.g3858.t1	22	91	207	435	582	1347	1553	1664	1868
DCORO.DCO_006519	78	225	345	456	603	777	978	1078	1164	1251	1357	1589	1732	1904
