CAFRA.g3015.t1	69	186	300	408	546	708	824	1060	1149
CANGA.Cang_2012_03_13_09857.g22315.t1	
CBREN.CBN26078	69	225	339	447	585	747	863	1099	1188	1266
CBRIG.CBG09277	83	174	321	435	543	843	959	1195	1284	1362
CCAST.g273.t1	75	192	911
CDOUG.g9219.t1	69	225	339	447	585	747	863	944	1099	1188	1266
CELEG.C10F3.4b	50	141	288	402	510	810	926	1007	1162	1251	1329
CJAPO.CJA05995	63	201	315	423	561	723	839	920	1075	1164	1242
CKAMA.g6496.t1	69	225	339	447	585	747	863	944	1099	1188	1266
CLATE.FL83_17172-RA	69	219	333	441	579	741	857	938	1093	1182	1260
CMONO.g10349.t1	172	307	421	529	667	829	945	1026	1115	1181	1270	1348
CNOUR.g15401.t1	69	216	438	738	854	935	1090	1179
CPLIC.g11500.t1	48	153	267	375	513	675	791	961	1027	1062	1140
CREMA.FL82_22321-RA	69	222	336	444	582	744	860	941	1096	1185	1263
CSINI.Csp5_scaffold_00241.g7766.t1	69	216	330	438	576	738	854	1090	1179	1257
CSP21.g5163.t3	36	150	264	372	510	672	788	869	958	1024	1093	1159	1248	1326
CSP26.g21346.t1	131	222	369	483	591	729	891	1007	1243	1332	1410
CSP28.g6673.t1	180	402	702	818	899	1054	1143	1221
CSP29.g17310.t1	69	216	438	738	854	935	1090	1179
CSP31.g22547.t1	69	195	309	417	555	717	833	914	1069	1158	1236
CSP32.g11794.t1	69	189	303	411	549	711	827	908	1063	1152
CSP34.Sp34_50204400.t1	69	225	339	447	747	863	944	1099	1188	1266
CSP38.g5559.t1	72	192	552	911	1066
CSP39.g12625.t1	69	213	435	573	735	851	1087	1176	1254
CSP40.g24554.t1	69	219	333	441	741	857	1093	1182	1260
CTROP.Csp11.Scaffold491.g2085.t1	132	282	396	504	642	804	920	1156	1245	1323
CVIRI.g9970.t1	69	303	411	549	711	908	1063	1230
DCORO.DCO_010531	69	216	330	438	576	738	854	1024	1090	1179	1257
