CAFRA.g4484.t1	123	183	281	399	517	596	860	984	1043	1113	1298
CANGA.Cang_2012_03_13_00159.g5896.t1	80	198	316
CBREN.CBN05274	123	183	278	396	514	593	857	981	1040	1110	1295
CBRIG.CBG16700	123	183	278	396	514	593	857	981	1043	1113	1298
CCAST.g11992.t1	129	272	390	508	851	1037	1107	1292
CDOUG.g252.t1	123	183	278	396	514	593	857	981	1040	1110	1295
CELEG.F48E3.1b	123	186	281	399	517	596	860	984	1043	1113	1298	1391
CJAPO.CJA15753	336	396	491	609	727	806	1070	1194	1253	1323	1508
CKAMA.g3435.t1	123	218	336	454	533	797	921	980	1050	1235	1307
CLATE.FL83_00169-RA	123	186	281	399	517	611	875	999	1058	1128	1313	1410	1435
CMONO.g5887.t1	141	192	281	399	526	605	700	869	993	1058	1128	1313
CNOUR.g4743.t1	420	477	578	696	814	893	1157	1281	1340	1410
CPLIC.g6537.t1	19	83	176	243	378	510	634	734	813	960	1275	1364	1443	1559	1630	1708	1811	1929	2047	2514	2585	2655	2840
CREMA.FL82_01459-RA	123	186	281	399	517	548	812	936	995	1065	1250	1347	1419
CSINI.Csp5_scaffold_00158.g5888.t2	123	183	278	396	514	593	857	981	1040	1110	1295
CSP21.g5894.t1	36	93	182	300	415	494	589	758	879	944	1014	1199
CSP26.g11414.t1	123	183	278	396	514	593	857	981	1040	1110	1295
CSP28.g3325.t1	123	444	504	605	723	841	920	1187	1311	1370	1440
CSP29.g4204.t1	318	375	476	594	712	791	1055	1179	1238	1308
CSP31.g20525.t1	123	180	272	390	505	584	848	972	1040	1110	1295
CSP32.g1726.t1	123	183	278	396	514	593	857	981	1040	1110	1295
CSP34.Sp34_X0205800.t1	30	90	185	303	421	500	764	888	947	1021	1202	1302	1316	1388
CSP38.g6110.t1	123	171	266	384	502	581	845	1037	1107	1292
CSP39.g4810.t1	123	180	290	408	526	605	869	993	1055	1125
CSP40.g15387.t1	123	183	278	396	514	593	857	981	1040	1110	1295
CTROP.Csp11.Scaffold629.g12456.t1	123	183	278	396	514	593	857	981	1040	1110	1295
CVIRI.g1941.t1	123	174	266	384	502	581	845	1037	1107	1292
DCORO.DCO_009343	61	201	288	377	495	646	820	1113	1248
