CAFRA.g7984.t2	375
CANGA.Cang_2012_03_13_00254.g7963.t1	240	303	405	475
CBREN.CBN05901	222	375	442
CBRIG.CBG05166	222	372	439
CCAST.g6017.t1	231	294	396	466
CDOUG.g7179.t1	222	372	439
CELEG.Y32H12A.4.1	222	375	442
CJAPO.CJA08450	222	375
CKAMA.g714.t1	44	270	423	490
CLATE.FL83_13525-RA	222	375	442
CMONO.g6438.t1	111	210	267	430
CNOUR.g2599.t1	222	366	439
CPLIC.g5838.t1	222	279	378	442
CREMA.FL82_16743-RA	222	375	442
CSINI.Csp5_scaffold_00448.g11509.t1	222	375	442
CSP21.g6369.t1	111	210	267	363
CSP26.g1100.t1	222	375	442
CSP28.g4889.t1	222	366	439
CSP29.g2478.t1	222	366	439
CSP31.g23248.t1	222	279	433
CSP32.g10340.t1	375
CSP34.Sp34_30115400.t1	222	375	442
CSP38.g7300.t1	240	297	393	460
CSP39.g20281.t1	222	366	439
CSP40.g12307.t1	222	375	442
CTROP.Csp11.Scaffold628.g7459.t1	222	375	442
CVIRI.g14444.t1	414	478	590
DCORO.DCO_021743	30	114	216	359	427
