CAFRA.g12925.t1	248	347	506	581	772
CANGA.Cang_2012_03_13_00786.g14142.t1	201	624	808	947	1205
CBREN.CBN29181	105	249	518	617	776	851
CBRIG.CBG23471	105	249	572	671	830	905	1096
CCAST.g2695.t1	105	249	569	827
CDOUG.g21122.t1	105	249	572	671	830	905	1096
CELEG.K01D12.4b	75	180	324	647	746	905	980	1171
CJAPO.CJA08766a	42	365	464	539	730
CKAMA.g6666.t1	105	249	572	671	830	905	1096
CLATE.FL83_12995-RA	75	180	324	647	746	905	980	1171
CMONO.g17804.t1	105	249	448	587	689	755	848	926	1004	1117
CNOUR.g20693.t1	105	249	569	668	827	902	1093
CPLIC.g1579.t1	105	249	436	677	836	911	989	1102
CREMA.FL82_11200-RA	75	180	324	647	746	905	980	1171
CSINI.Csp5_scaffold_01601.g21988.t1	105	249	572	671	830	905	1096
CSP21.g78.t1	84	228	325	412	551	650	743	818	896	1012
CSP26.g18899.t1	105	249	572	671	830	905	1096
CSP28.g6140.t1	105	249	572	671	830	905	1096
CSP29.g19207.t1	105	249	569	668	827	902	1093
CSP31.g23668.t1	105	249	433	572	671	737	830	905
CSP32.g433.t1	84	228	596	695	854	929	1120
CSP34.Sp34_50170410.t1	210	533	632	791	866	1057
CSP38.g12313.t1	105	249	439	578	836	911
CSP39.g1990.t1	105	249	572	671	830	905	1096
CSP40.g18418.t1	105	249	572	671	830	905	1096
CTROP.Csp11.Scaffold575.g4438.t1	105	249	572	671	830	1168
CVIRI.g4237.t1	54	123	267	451	590	689	848	923	1114
DCORO.DCO_011507	105	249	345	433	572	677	743	836	911	1099	1218
