CAFRA.g14317.t1	100	170
CANGA.Cang_2012_03_13_00303.g8851.t1	100	170	399
CBREN.CBN11386	100	170
CBRIG.CBG10781	100	170
CCAST.g11739.t1	100	170	399
CDOUG.g20494.t1	100	170
CELEG.W01A8.4	100	170
CJAPO.CJA02993	100	170	399
CKAMA.g18567.t1	100	170	399
CLATE.FL83_07590-RA	100	170
CMONO.g18577.t1	100	170	243	399
CNOUR.g8420.t1	100	170	399
CPLIC.g284.t1	100	170	399
CREMA.FL82_08348-RA	100	170
CSINI.Csp5_scaffold_01482.g21186.t1	100	170
CSP21.g3425.t1	170	399
CSP26.g4514.t1	100	170
CSP28.g2830.t1	100	170	399
CSP29.g17428.t1	100	170	399
CSP31.g111.t1	100	170	399
CSP32.g15425.t1	100	170
CSP34.Sp34_10081800.t1	100	170
CSP38.g1743.t1	100	170	399
CSP39.g29134.t1	100	170	399
CSP40.g17937.t1	100	170
CTROP.Csp11.Scaffold542.g3405.t1	100	170
CVIRI.g8451.t1	100	170	399
DCORO.DCO_021737	100	170	300	399
