CAFRA.g11979.t1	13	166	948
CANGA.Cang_2012_03_13_10245.g22541.t1	131
CBREN.CBN08690	163	945
CBRIG.CBG24278	13	166	948	1103
CCAST.g7666.t1	13	516	948	1103
CDOUG.g11424.t1	13	166	948	1103
CELEG.F53A2.7.1	13	166	948	1103
CJAPO.CJA10253	13	166	948	1103
CKAMA.g10737.t1	13	166	298	534	986
CLATE.FL83_22660-RA	13	166	948	1103
CMONO.g13724.t1	21	115	258	375	465	600	801	960
CNOUR.g5100.t1	13	166	948	1103
CPLIC.g2365.t1	13	309	651	948	1103
CREMA.FL82_19087-RA	13	166	913	986
CSINI.Csp5_scaffold_00766.g15278.t1	13	166	400	948	1103	1235
CSP21.g1680.t1	70	236	403	546	663	753	888	976	1167	1322
CSP26.g6659.t1	13	166	948	1103
CSP28.g8164.t1	464	629	697	850	1787
CSP29.g15225.t1	13	166	948	1103
CSP31.g624.t1	13	166	309	948	1103
CSP32.g1524.t1	13	166	948
CSP34.Sp34_30022400.t1	13	166	948	1103
CSP38.g1449.t1	13	516	948	1103
CSP39.g30044.t1	153	1090
CSP40.g7897.t1	13	166	948	1103
CTROP.Csp11.Scaffold629.g14567.t1	13	166	948	1103
CVIRI.g13820.t1	13	309	747	948	1103
DCORO.DCO_012841	169	291	372	582	688	753	856	954	1027	1129
