CAFRA.g10543.t1	420	610	848
CANGA.Cang_2012_03_13_00985.g15233.t1	168	485
CBREN.CBN17960	420	610	848
CBRIG.CBG23244	420	610	848
CCAST.g14218.t1	215	334	465
CDOUG.g12323.t1	420	610	848	1033
CELEG.R13H4.7b	420	610	848	1008
CJAPO.CJA06590	610	848
CKAMA.g2577.t1	420	610	848
CLATE.FL83_10687-RA	420	610	848
CMONO.g4503.t1	168	263	420	485	610	738	845
CNOUR.g20057.t1	420	610	848
CPLIC.g12048.t1	420	485	610	741	848
CREMA.FL82_11329-RA	420	610	848
CSINI.Csp5_scaffold_00021.g1264.t1	420	610	848
CSP21.g10588.t1	174	269	426	491	616	744	851
CSP26.g10749.t1	420	610	848
CSP28.g15067.t1	610	848
CSP29.g18543.t1	420	610	848	954	1104	1415
CSP31.g11662.t1	168	420	610	741	848
CSP32.g4357.t1	420	610	848
CSP34.Sp34_50146000.t1	420	610	848	1008
CSP38.g1259.t1	168	610	741
CSP39.g18304.t1	611	849
CSP40.g14455.t1	420	610	848	962	1037	1191	1377	1442	1573
CTROP.Csp11.Scaffold629.g7763.t1	420	610	848
CVIRI.g2905.t1	168	263	610	848
DCORO.DCO_012777	73	170	372	467	624	814	939	1046
