CAFRA.g16311.t1	78	261
CANGA.Cang_2012_03_13_00094.g4184.t1	33	522	828	1002	1131	1335	1678
CBREN.CBN21766	75	258	1389	1518	1722
CBRIG.CBG21198	75	258	1389	1524	1728
CCAST.g2629.t1	215	483	645	1134	1440
CDOUG.g13058.t1	78	261	1392
CELEG.T27E9.7.1	75	264	1395	1524	1728
CJAPO.CJA14269	78	139	261
CKAMA.g13827.t1	122	817
CLATE.FL83_06207-RA	75	258	1389	1518	1722
CMONO.g14982.t1	78	148	255	346	417	535	580	810	906	1038	1212	1341	1545
CNOUR.g1884.t1	78	139	1392
CPLIC.g367.t1	218	379	501	663	781	922	1248	1458	1632	1761	1965
CREMA.FL82_22207-RA	75	258	1389	1518	1722
CSINI.Csp5_scaffold_02177.g25249.t3	75	258	1389
CSP21.g258.t1	139	261	352	423	541	682	912	1008	1218	1392	1521	1725
CSP26.g6693.t1	75	258	1389
CSP28.g3775.t1	81	264	1395
CSP29.g6021.t1	78	139	1392
CSP31.g20848.t1	75	145	267	429	688	918	1224	1398	1731
CSP32.g11598.t1	75	258	1342
CSP34.Sp34_30019010.t1	114	297	1428	1761
CSP38.g19399.t1	224	376	498	660	1149	1455	1629	1758	1962
CSP39.g5661.t1	139	261
CSP40.g7868.t1	75	258
CTROP.Csp11.Scaffold84.g530.t1	75	258
CVIRI.g5817.t1	174	337	621	1110	1416	1590	1732	1950	2225	2331	2460	2664
DCORO.DCO_006613	84	226	351	442	536	772	869	1002	1098	1218	1308	1482	1611	1771	1815	1867
