CAFRA.g18234.t2	91	166	267	474	588	817	1021
CANGA.Cang_2012_03_13_07199.g20745.t1	
CBREN.CBN17096	91	174	381	495	724	928
CBRIG.CBG14791	91	174	381	495	724	928
CCAST.g9637.t1	91	174	381	495
CDOUG.g7925.t1	91	174	381	495	609	724	928
CELEG.R07E4.6c	121	204	411	525	639	754	958
CJAPO.CJA17487	91	174	381	495	724	928
CKAMA.g3553.t1	91	174	381	495	724	928
CLATE.FL83_00434-RA	84	291	405	519	634	838
CMONO.g15607.t1	91	174	300	381	495	609	724	810	928
CNOUR.g13248.t1	115	198	405	519	633	748	952
CPLIC.g11109.t2	186	289	372	504	711	825	939	1258
CREMA.FL82_01783-RA	3	210	324	438	553	757
CSINI.Csp5_scaffold_00083.g3715.t1	21	228	342	571	775
CSP21.g9992.t2	91	174	393	519	600	714	943	1029
CSP26.g9224.t1	115	198	405	519	748	952
CSP28.g10568.t1	91	174	381	495	724	928
CSP29.g3969.t1	121	226	309	516	630	744	859	1063
CSP31.g16058.t1	91	174	381	495	609	928
CSP32.g200.t1	91	174	381	495	724	928
CSP34.Sp34_X0232000.t1	91	174	381	495	609	724	928
CSP38.g10393.t1	91	174	381	495	609	724
CSP39.g7223.t2	91	174	276	483	597	826	1030
CSP40.g13993.t1	91	174	381	495	724	928
CTROP.Csp11.Scaffold626.g6544.t3	172	277	360	567	681	910	1114
CVIRI.g937.t1	72	198	393	507	826
DCORO.DCO_013337	39	148	231	360	441	555	669	784	870	988	1103
