CAFRA.g8704.t1	69	174	279	354	456	666	750
CANGA.Cang_2012_03_13_00214.g7178.t1	66	141	243	360	570	654
CBREN.CBN07451	69	174	249	363	573	657
CBRIG.CBG14269	69	174	249	351	465	675	759
CCAST.g2847.t3	174	279	354	456	570	780	990	1074
CDOUG.g7967.t3	69	174	279	354	459	573	783	993	1077
CELEG.C02F12.1b	69	174	279	354	456	570	780	864
CJAPO.CJA01567	69	174	279	354	456	666	750
CKAMA.g3049.t1	16	148	240	345	450	525	627	741	951	1161	1245
CLATE.FL83_00787-RA	69	174	279	354	456	666	876	960
CMONO.g6054.t2	38	114	219	324	399	501	615	834	1044	1128
CNOUR.g7395.t3	174	279	354	456	570	780	990	1074
CPLIC.g460.t2	69	174	279	354	456	570	780	990	1074
CREMA.FL82_00889-RA	69	174	279	354	456	570	780	990	1074
CSINI.Csp5_scaffold_00003.g202.t1	69	174	279	354	459	573	783	993	1077
CSP21.g13451.t2	78	183	288	363	468	585	684	813	1023	1107
CSP26.g12616.t3	69	174	279	354	459	573	783	993	1077
CSP28.g10413.t1	174	279	354	468	678	888	972
CSP29.g14649.t1	174	279	354	456	570	780	990	1074
CSP31.g23365.t3	69	174	279	354	456	570	783	993	1077
CSP32.g379.t1	69	174	279	354	456	666	750
CSP34.Sp34_X0266200.t1	69	174	279	354	456	666	750
CSP38.g17241.t2	5	186	291	366	468	582	792	1002	1086
CSP39.g20555.t3	174	279	354	456	570	780	990	1074
CSP40.g22466.t4	69	174	279	354	459	573	783	993	1077
CTROP.Csp11.Scaffold630.g18213.t1	69	174	249	354	564	648
CVIRI.g3250.t2	69	174	354	456	570	780	990
DCORO.DCO_012991	26	108	213	318	393	495	606	822	1032	1116
