CAFRA.g14347.t1	38	144	304	581	1401	1507
CANGA.Cang_2012_03_13_00052.g2701.t2	85	444	636	905	958	1095	1203
CBREN.CBN25618	35	138	298	441	575	760	849	962	1118	1395	1501
CBRIG.CBG20417	35	138	298	441	575	760	849	962	1118	1258	1395	1501
CCAST.g16881.t1	198	289	566	648	840	953	1109	1249	1386	1492
CDOUG.g8169.t1	35	138	298	760	849	962	1118	1258	1395	1501
CELEG.H25P06.1	35	138	298	441	575	730	849	962	1118	1258	1395	1501
CJAPO.CJA14011a	113	463	600	706
CKAMA.g493.t1	35	141	301	475	564	677	833	973	1110	1136	1286
CLATE.FL83_14847-RA	35	138	298	441	760	962	1118	1395	1501
CMONO.g1247.t1	35	141	210	301	444	578	660	766	855	968	1044	1124	1264	1401
CNOUR.g16215.t1	35	144	304	447	581	766	968	1401	1507
CPLIC.g6987.t1	126	286	429	563	645	748	837	950	1106	1246	1383	1489
CREMA.FL82_04571-RA	35	138	298	441	760	962	1118	1395	1501
CSINI.Csp5_scaffold_04087.g32033.t1	35	141	301	444	578	763	852	965	1121	1261	1398	1504
CSP21.g1643.t1	35	126	195	286	429	563	645	837	950	1026	1106	1246	1383	1489	1598
CSP26.g2583.t1	35	141	301	444	578	763	852	965	1121	1261	1398	1504
CSP28.g2725.t1	35	150	310	453	587	861	974	1130	1407	1513
CSP29.g14336.t1	35	144	304	447	581	766	968	1264	1401	1507
CSP31.g7226.t1	35	129	289	432	566	648	751	840	953	1109	1249	1386	1492
CSP32.g4534.t1	38	144	304	581	968	1124	1401	1507
CSP34.Sp34_10051400.t1	35	144	304	447	581	855	968	1124	1264	1401	1507
CSP38.g14286.t1	198	289	566	648	840	953	1109	1249	1386	1492
CSP39.g724.t1	35	141	301	444	578	763	852	965	1121	1261	1398
CSP40.g22277.t1	35	144	304	447	581	766	855	968	1124	1264	1401	1507
CTROP.Csp11.Scaffold630.g19072.t1	35	138	298	441	575	760	849	962	1118	1258	1395	1501
CVIRI.g16097.t1	35	129	289	432	648	748	1106	1246	1383
DCORO.DCO_008323	35	138	298	441	575	657	757	959	1115	1255	1395	1500
