CAFRA.g2105.t1	65	315	603	830	1605	1812
CANGA.Cang_2012_03_13_00493.g11502.t1	309	492	780	1506	1989	2034
CBREN.CBN16346	65	309	597	824	1599
CBRIG.CBG08495	65	309	597	824	1699	1731
CCAST.g939.t1	309	597	1323	1806	1917
CDOUG.g13890.t1	284	853	1377
CELEG.Y48G8AL.11a	65	309	597	824	1068	1393	1599	1699	1917
CJAPO.CJA08656	83	333	621	848	947	1417	1623	1723	1941
CKAMA.g13414.t1	75	363	578	822	1147	1453	1653
CLATE.FL83_16193-RA	65	309	597	824	1393	1599	1699	1917
CMONO.g40.t1	68	330	495	618	717	745	844	877	948	1080	1203	1273	1386	1479	1686	1797
CNOUR.g159.t1	65	315	603	830	1399	1605	1705	1923
CPLIC.g8745.t1	65	318	483	606	705	833	1077	1209	1708	1815	1926
CREMA.FL82_12554-RA	65	309	597	824	1393	1599	1699	1917
CSINI.Csp5_scaffold_00234.g7628.t1	53	141	429	656	1443	1575	1675	1893
CSP21.g15704.t1	71	321	609	708	836	935	1009	1139	1212	1335	1405	1518	1611	1711	1818	1929
CSP26.g5897.t1	65	309	597	824	1599	1699	1917
CSP28.g15553.t1	74	324	612	1932
CSP29.g2382.t1	65	315	603	830	1399	1605	1705	1905
CSP31.g3378.t1	65	315	603	830	929	1074	1399	1812	1923
CSP32.g3757.t1	65	315	603	830	929	1605	1812
CSP34.Sp34_10267300.t1	65	306	594	821	1065	1390	1596	1696	1914
CSP38.g6238.t1	318	606	1332	1815	1926
CSP39.g29003.t1	74	324	612	839	938	1408	1821	1932
CSP40.g7426.t1	9	297	524	1299	1399	1617
CTROP.Csp11.Scaffold629.g16065.t2	153	380	949	1155	1473
CVIRI.g9075.t1	65	315	603	929	1705	1812	1923
DCORO.DCO_006109	95	206	378	534	756	884	983	1131	1263	1386	1569	1662	1776	1828	1869	1980
