CAFRA.g4687.t1	167	333	420
CANGA.Cang_2012_03_13_00025.g1510.t1	167	333	420
CBREN.CBN13164.1	167	333	420
CBRIG.CBG12003	167	333	420
CCAST.g17531.t1	167	333	420
CDOUG.g10560.t1	167	333	420
CELEG.C32E8.2a	167	333	420
CJAPO.CJA14658	167	333	420
CKAMA.g13367.t1	50	197	445	492	665	831	918
CLATE.FL83_08181-RA	167	333	420
CMONO.g7796.t1	150	246	333
CNOUR.g5702.t1	167	333	420
CPLIC.g7440.t1	167	333	420
CREMA.FL82_12717-RA	173	339	426
CSINI.Csp5_scaffold_00111.g4619.t1	167	333	420
CSP21.g3160.t1	167	333	420
CSP26.g17785.t1	167	333	420
CSP28.g1187.t1	167	333	420
CSP29.g16625.t1	167	333	420
CSP31.g13342.t1	167	333	420
CSP32.g13438.t1	167	333	420
CSP34.Sp34_10163100.t1	167	333	420
CSP38.g339.t1	167	333	420
CSP39.g9880.t1	167	333	420
CSP40.g16461.t1	167	333	420
CTROP.Csp11.Scaffold627.g6743.t2	167	333	420
CVIRI.g3121.t1	167	333	420
DCORO.DCO_020245	84	167	333	420	522
