CAFRA.g12356.t1	276	417	471	564	1514	1809
CANGA.Cang_2012_03_13_00009.g764.t1	570	1061	1520	1815
CBREN.CBN24270	276	417	471	564	1055	1514	1809
CBRIG.CBG09536	276	417	471	564	1055	1544	1839
CCAST.g17017.t1	570	1061	1520
CDOUG.g4371.t1	276	417	471	564	1055	1514	1809
CELEG.C51E3.7a	276	417	471	564	1055	1514	1809
CJAPO.CJA08350	950
CKAMA.g648.t1	294	435	489	582	1073	1532	1827
CLATE.FL83_07725-RA	276	417	471	564	1514
CMONO.g5020.t1	177	282	423	477	570	659	780	912	1061	1120	1284	1401	1475	1640	1683	1770
CNOUR.g4197.t1	276	417	471	564	1514	1809
CPLIC.g3119.t1	183	288	429	576	665	1247	1338	1452	1526	1691	1821
CREMA.FL82_15910-RA	276	417	471	564	1514
CSINI.Csp5_scaffold_00100.g4269.t2	67	345	486	540	633	1124	1583	1878
CSP21.g15347.t1	168	273	414	561	650	771	903	1052	1323	1437	1511	1605	1719	1806
CSP26.g19442.t1	276	417	471	564	1055	1514	1809
CSP28.g5756.t1	276	417	471	564	1514	1809
CSP29.g18818.t1	115	393	534	588	681	1631	1926
CSP31.g1046.t1	276	417	471	564	774	906	1055	1514	1809
CSP32.g10658.t1	276	417	471	564	1514	1809
CSP34.Sp34_50281910.t1	276	417	471	564	1055	1514	1809
CSP38.g3985.t1	414	561	1052	1323
CSP39.g27840.t1	201	342	396	489	980	1439	1734
CSP40.g16307.t1	276	417	471	564	1514	1809
CTROP.Csp11.Scaffold630.g21030.t1	276	417	471	564	1514	1809
CVIRI.g7138.t1	273	414	561	771	1232	1511	1806
DCORO.DCO_006573	273	326	414	650	771	903	1443	1517	1682	1812
