CAFRA.g11927.t2	73	411	520	833	897	978	1088	1229
CANGA.Cang_2012_03_13_00037.g2086.t1	73	216	675	833	897
CBREN.CBN16105	28	381	490	803	867	948	1058
CBRIG.CBG04584	73	426	535	848	912	993	1103	1244
CCAST.g14684.t1	73	216	675	833	897	1088
CDOUG.g5533.t1	73	426	535	848	912	993	1103	1244
CELEG.C53A5.5a	76	429	538	851	915	996	1106	1247
CJAPO.CJA01569	46	399	508	821	885	966	1076	1217
CKAMA.g245.t1	73	426	535	848	912	993	1103	1244
CLATE.FL83_11955-RA	264	373	686	750	831	941	1082
CMONO.g18813.t1	13	148	285	384	480	589	744	902	966	1047	1157	1298	1368
CNOUR.g15823.t2	73	157	501	610	923	987	1068	1178	1319
CPLIC.g7183.t1	73	228	321	417	526	684	842	906	987	1097	1238	1308
CREMA.FL82_16008-RA	264	728	813	923	1064
CSINI.Csp5_scaffold_01089.g18303.t1	64	417	526	839	903	984	1094	1235
CSP21.g13746.t1	70	225	420	508	651	809	873	954	1064	1263
CSP26.g15072.t2	73	426	535	848	912	993	1103	1244
CSP28.g4011.t1	218	282	363	473	614
CSP29.g5702.t1	73	417	526	839	903	984	1094	1235
CSP31.g12863.t1	73	324	420	529	684	842	906	987	1097	1238	1308
CSP32.g5998.t1	73	429	538	851	915	996	1106	1247
CSP34.Sp34_50352900.t1	37	390	499	812	876	957	1067	1208
CSP38.g19978.t1	73	219	678	836	900	1091	1293
CSP39.g28209.t1	344	453	766	830	1021
CSP40.g23647.t1	73	426	535	848	912	993	1103	1244
CTROP.Csp11.Scaffold630.g18506.t1	100	453	562	875
CVIRI.g17385.t1	164	359	468	623	781	845	1036	1177
DCORO.DCO_009579	35	106	249	444	553	708	866	930	1011	1121	1271	1344
