CAFRA.g9613.t1	99	254	326	519	805	1003	1143	1269
CANGA.Cang_2012_03_13_00279.g8379.t2	65	474	596	680	760	1098	1247
CBREN.CBN17831	168	290	454	652	792	921
CBRIG.CBG23082	108	302	374	567	689	853	1191	1320
CCAST.g19118.t1	126	272	344	537	659	743	823	1161
CDOUG.g21952.t1	132	326	398	591	713	877	1075	1215	1344
CELEG.Y42A5A.4b	105	296	368	561	683	847	1045	1185	1314
CJAPO.CJA01799b	132	299	371	564	850	1048	1188	1311
CKAMA.g6422.t1	114	293	365	558	659	823	1021	1161	1290
CLATE.FL83_19992-RA	102	287	359	552	674	838	1036	1176	1308
CMONO.g10365.t1	698	770	879	963	1085	1169	1249	1303	1447	1587	1716	1837	1930	2044	2077
CNOUR.g22059.t1	99	290	362	555	677	841	1039	1179	1248	1308
CPLIC.g5237.t1	84	168	454	508	613	753	885
CREMA.FL82_09361-RA	63	248	320	513	635	803	952	1092	1224
CSINI.Csp5_scaffold_00426.g11209.t1	132	329	401	594	716	880	1078	1218	1347
CSP21.g3547.t1	96	180	311	465	571	710	894	977	1109	1346	1412	1488	1565	1648	1865	1928	2121	2243	2327	2407	2461	2745	2871
CSP26.g468.t1	105	305	377	570	692	856	1054	1194	1323
CSP28.g5874.t1	111	200	341	509	591	720	908	980	1173	1295	1459	1657	1797	1866	1926
CSP29.g18928.t1	99	290	362	555	677	841	1039	1179	1248	1308
CSP31.g1127.t1	65	174	380	544	882	951	1011
CSP32.g6699.t1	84	215	287	480	602	766	964	1104	1230
CSP34.Sp34_50312500.t1	108	299	371	564	686	850	1048	1188	1317
CSP38.g15224.t1	102	233	305	414	498	620	704	784	982	1122	1254
CSP39.g15846.t1	129	317	389	582	704	868	1066	1206	1275	1335
CSP40.g1026.t1	132	329	401	594	716	880	1078	1218	1347
CTROP.Csp11.Scaffold417.g1135.t1	168	290	454	652	792	921
CVIRI.g6385.t1	198	359	431	543	749	967	1111	1251	1383
DCORO.DCO_008511	461	557	666	750	872	956	1036	1234	1374	1503
