CAFRA.g17276.t1	39	306	392	492	720
CANGA.Cang_2012_03_13_00875.g14696.t1	135	392	729
CBREN.CBN13612	39	306	392	492	720
CBRIG.CBG03023	39	306	392	492	720
CCAST.g6246.t1	135	392	723
CDOUG.g22550.t1	39	306	392	492	720
CELEG.C52A11.2	39	306	392	492	720
CJAPO.CJA15626	39	306	392	492	720
CKAMA.g10956.t1	39	306	392	492	723
CLATE.FL83_17661-RA	39	306	392	492	720
CMONO.g11660.t1	39	135	306	392	492
CNOUR.g22380.t1	39	306	392	492	720
CPLIC.g2459.t1	39	135	213	306	492	581	720
CREMA.FL82_05374-RA	39	306	392	492	720
CSINI.Csp5_scaffold_00036.g1990.t1	39	306	392	492	720
CSP21.g5561.t1	36	129	300	386	572	711
CSP26.g1677.t1	39	306	392	492	720
CSP28.g15868.t1	39	306	392	492	720
CSP29.g9914.t1	39	306	392	492	720
CSP31.g16557.t1	39	306	392	492	581	720
CSP32.g16778.t1	39	306	392	492	720
CSP34.Sp34_20292900.t1	36	303	389	489	717
CSP38.g2983.t1	135	392	720
CSP39.g27677.t1	39	306	392	492	720
CSP40.g17307.t1	39	306	392	492	720
CTROP.Csp11.Scaffold618.g6094.t1	39	306	392
CVIRI.g8391.t1	39	135	306	392	492	717
DCORO.DCO_022905	39	135	213	306	392
