CAFRA.g19341.t1	168	741	843	1020	1407	1579
CANGA.Cang_2012_03_13_00304.g8872.t2	148	426	639	831	1210
CBREN.CBN24068	159	732	834	1023	1389	1561
CBRIG.CBG10736	171	741	843	1026	1404	1576
CCAST.g16996.t1	141	765	987	1384
CDOUG.g9129.t1	159	735	837	1026	1401	1573
CELEG.F28F9.1	159	702	804	993	1341	1513
CJAPO.CJA12606	165	741	843	1023	1416	1588
CKAMA.g12881.t1	171	702	804	993	1368	1540
CLATE.FL83_20992-RA	165	711	813	996	1365	1537
CMONO.g13280.t1	183	261	399	567	681	783	954	1099	1308	1468	1569
CNOUR.g5859.t1	168	729	831	1005	1549
CPLIC.g4078.t1	186	264	702	873	1227	1417
CREMA.FL82_03189-RA	165	720	822	1005	1374	1546
CSINI.Csp5_scaffold_01432.g20895.t1	102	291	669	841
CSP21.g7461.t1	162	240	390	666	768	930	1423	1524
CSP26.g16877.t1	165	729	831	1026	1383	1555
CSP28.g12622.t1	168	729	831	1008	1555
CSP29.g3440.t1	168	729	831	1005	1549
CSP31.g15896.t1	162	759	861	1074	1446	1618
CSP32.g776.t1	168	735	837	1014	1401	1573
CSP34.Sp34_40081010.t1	171	726	828	1062	1440	1612
CSP38.g937.t1	156	234	780	1020	1411
CSP39.g26237.t1	168	729	831	1008	1573
CSP40.g14056.t1	165	741	843	1041	1404	1576
CTROP.Csp11.Scaffold477.g1740.t1	159	807	981	1341	1513
CVIRI.g5177.t1	171	783	885	1071	1461	1633	1734
DCORO.DCO_006395	198	276	459	648	774	876	1074	1225	1404	1561	1662	1780
