CAFRA.g18275.t1	87	177	255	463
CANGA.Cang_2012_03_13_00288.g8556.t1	87	177	255
CBREN.CBN15172	87	177	255	463
CBRIG.CBG05010	87	177	255	463
CCAST.g3807.t1	87	177	255
CDOUG.g14629.t1	87	177	255	463
CELEG.C14F11.6.1	87	177	255	463
CJAPO.CJA08012	87	255	463
CKAMA.g3325.t1	87	177	255	463
CLATE.FL83_00392-RA	87	177	255	463
CMONO.g5329.t1	81	138	216	354	424
CNOUR.g13297.t1	87	177	255	463
CPLIC.g8723.t1	87	177	255	463
CREMA.FL82_01733-RA	87	177	255	463
CSINI.Csp5_scaffold_00138.g5384.t1	87	177	255	463
CSP21.g14606.t1	84	252	390	460
CSP26.g19457.t1	87	177	255	463
CSP28.g13015.t1	87	177	255
CSP29.g4009.t1	87	177	255	463
CSP31.g26049.t1	87	177	255	463
CSP32.g236.t1	87	177	255	463
CSP34.Sp34_X0227900.t1	87	177	255	463
CSP38.g5761.t1	87	177	255
CSP39.g20049.t1	87	177	255	463
CSP40.g15763.t1	87	177	255
CTROP.Csp11.Scaffold626.g6480.t1	87	177	255	463
CVIRI.g13430.t1	87	255	463
DCORO.DCO_020937	90	180	258	396	466
