CAFRA.g4835.t1	61	182
CANGA.Cang_2012_03_13_00102.g4385.t1	61	182
CBREN.CBN23237	61	182	276
CBRIG.CBG17558	61	182	276
CCAST.g6398.t1	61	182
CDOUG.g2560.t1	61	182	276
CELEG.F47B10.7	61	182	276
CJAPO.CJA12151	61	182	276
CKAMA.g1374.t1	61	182	276
CLATE.FL83_01237-RA	61	182	276
CMONO.g8848.t1	61	182	276
CNOUR.g2924.t1	61	182	276
CPLIC.g6608.t1	61	182	276
CREMA.FL82_00414-RA	61	182	276
CSINI.Csp5_scaffold_00025.g1488.t1	61	182	276
CSP21.g5114.t1	61	182	276
CSP26.g14395.t1	61	182	276
CSP28.g13314.t1	61	182	276
CSP29.g11891.t1	61	182	276
CSP31.g25223.t1	61	182	276
CSP32.g2111.t1	61	182	276
CSP34.Sp34_X0078200.t1	61	182	276
CSP38.g13774.t1	64	185
CSP39.g2753.t1	61	182	276
CSP40.g19925.t1	61	182	276
CTROP.Csp11.Scaffold629.g13829.t1	61	182	276
CVIRI.g413.t1	61	182	276
DCORO.DCO_023939	61	182	276
