CAFRA.g9016.t2	132	251	365	441	534	624
CANGA.Cang_2012_03_13_00117.g4843.t1	155	349
CBREN.CBN21454	194	308	477	567
CBRIG.CBG16269	185	299	468	558
CCAST.g5364.t1	155	345	528
CDOUG.g19511.t1	185	299	468	558
CELEG.C23H4.8	182	296	465	555
CJAPO.CJA10301	209	323	399	492
CKAMA.g1981.t1	185	299	375	468	558
CLATE.FL83_02305-RA	191	305	564
CMONO.g11339.t1	113	227	303	396	486
CNOUR.g19481.t1	191	305	381	474	564
CPLIC.g6132.t1	224	338	414	507
CREMA.FL82_15459-RA	191	305	564
CSINI.Csp5_scaffold_03035.g28852.t1	35	149	318	408
CSP21.g8746.t1	131	245	321	414	504
CSP26.g11045.t1	179	293	462	552
CSP28.g1125.t1	106	171	261
CSP29.g1696.t1	194	308	384	474
CSP31.g15214.t1	134	362	398	512	588	681	771
CSP32.g12097.t1	203	317	393	486	576
CSP34.Sp34_X0048200.t1	176	290	459	549	629	841	864	1011	1109	1209	1411	1535	1653	1854	1996	2251	2409
CSP38.g13265.t1	161	275	351	534	576	674	774	979	1103	1804	1962
CSP39.g29896.t1	209	323	399	582
CSP40.g10883.t1	185	299	468	558
CTROP.Csp11.Scaffold629.g13239.t1	176	290	549
CVIRI.g9881.t1	167	281	357	450	540
DCORO.DCO_017829	117	272	386	462	555	645
