CAFRA.g14609.t1	255	1019
CANGA.Cang_2012_03_13_00290.g8589.t1	255	509	980
CBREN.CBN06124	255	1028
CBRIG.CBG13349	255	776	875
CCAST.g4776.t1	255	509	983
CDOUG.g17435.t1	255	682	1067
CELEG.C08B11.5	255	1025
CJAPO.CJA19238	734
CKAMA.g1803.t1	77	515	671	833	1176	1431	2198
CLATE.FL83_12795-RA	77	671	830	1038	1293	2066
CMONO.g2967.t1	72	201	326	444
CNOUR.g21847.t1	255	1034
CPLIC.g3864.t1	255	509	898	1037
CREMA.FL82_05951-RA	18	95	689	848	1110	1365	2138
CSINI.Csp5_scaffold_00167.g6122.t1	255	1028
CSP21.g839.t1	164	255	384	627	874	1019
CSP26.g5420.t1	255	1022
CSP28.g16829.t1	255	1043
CSP29.g12775.t1	255	1034
CSP31.g9377.t1	255	509	1016
CSP32.g6954.t1	77	515	671	833	886	1152	1931
CSP34.Sp34_20150600.t1	255	1028
CSP38.g21386.t1	255	509	1001
CSP39.g2593.t1	255	1040
CSP40.g5009.t1	255	1028
CTROP.Csp11.Scaffold630.g18454.t1	255	989
CVIRI.g7913.t1	255	384	509	1013
DCORO.DCO_015023	99	158	249	378	503	621	787	861	917	999
