CAFRA.g6071.t1	153	243	316	448	895	1529
CANGA.Cang_2012_03_13_00699.g13531.t2	153	243	316	895	1190	1529
CBREN.CBN14455	153	243	316	448	895	1529
CBRIG.CBG01494	153	243	316	448	1583
CCAST.g13596.t1	153	243	316	895	1190	1529
CDOUG.g9904.t1	153	243	316	448	895	1529
CELEG.F25G6.6	153	243	316	448	895	1529
CJAPO.CJA13088	153	243	316	448	895	1529
CKAMA.g19055.t1	153	243	316	448	895	1529
CLATE.FL83_17007-RA	153	243	316	448	895	1529
CMONO.g7181.t1	153	243	316	448	557	630	762	895	1009	1190	1336	1529
CNOUR.g7687.t1	153	243	316	448	895	1190	1529
CPLIC.g7831.t1	153	243	316	627	892	1006	1526
CREMA.FL82_08784-RA	153	243	316	448	895	1529
CSINI.Csp5_scaffold_02001.g24313.t1	153	243	316	1054	1688
CSP21.g4484.t1	153	243	313	445	759	892	1006	1333	1526
CSP26.g2169.t1	153	243	316	448	895	1529
CSP28.g8785.t1	153	243	316	448	895	1529
CSP29.g44.t1	153	243	316	448	895	1190	1529
CSP31.g4457.t1	153	243	316	448	895	1009	1529
CSP32.g7246.t1	153	243	316	448	895	1529
CSP34.Sp34_50115700.t1	153	243	316	448	895	1529
CSP38.g14801.t1	153	243	316	448	630	895	1190	1529
CSP39.g10439.t1	153	243	316	448	895	1190	1529
CSP40.g2822.t1	153	243	316	448	895	1529
CTROP.Csp11.Scaffold613.g5954.t1	153	243	316	448	895	1529
CVIRI.g10247.t1	153	243	316	448	557	630	762	895	1009	1529
DCORO.DCO_008177	153	243	316	448	563	768	901	1015	1196	1342	1535
