CAFRA.g8770.t1	78	192	281	1173	1301	1384	1536	2154	2886	3020
CANGA.Cang_2012_03_13_00024.g1483.t1	78	209	351	678	993	1974	2706
CBREN.CBN23528	78	192	281	531	858	1000	1173	1301	1384	1536	2154	2886	3020
CBRIG.CBG14689	75	189	278	528	997	1170	1298	1381	1533	2181	2839	2865	2999
CCAST.g17229.t1	75	278	528	855	1170	2151	2877
CDOUG.g526.t1	75	189	278	528	855	997	1170	1298	1381	1533	2151	2883	3017
CELEG.C25F6.3	75	189	278	528	997	1170	1298	1381	1533	2151	2883	3017
CJAPO.CJA19109	81	195	284	1003	1304	1387	1539	2157	2889	3023
CKAMA.g3263.t1	72	186	275	525	994	1167	1295	1378	1530	2148	2880	3014
CLATE.FL83_00501-RA	75	189	323	573	900	1042	1215	1343	1426	1578	2196	2928	3062
CMONO.g17145.t1	60	174	260	348	510	601	687	804	946	1012	1044	1172	1255	1407	1656	1686	1909	1983	2150	2316	2397	2487	2631	2715	2792	2922	2981
CNOUR.g797.t1	75	189	278	528	855	997	1170	1298	1381	1533	2883	3017
CPLIC.g14203.t1	84	198	287	864	1542	2327	2493	2574	2664	2892	3026
CREMA.FL82_01207-RA	75	189	323	573	900	1042	1215	1343	1426	1578	2196	2928	3062
CSINI.Csp5_scaffold_00154.g5789.t1	75	189	278	528	855	997	1188	1316	1399	1551	2169	2901	3035
CSP21.g8773.t1	48	162	248	336	498	589	689	825	1033	1140	1268	1351	1503	1602	1752	1824	1953	2047	2121	2288	2454	2535	2625	2769	2853	2910	2987
CSP26.g13298.t1	75	189	278	528	997	1170	1298	1381	1533	2151	2883	3017
CSP28.g10501.t1	78	192	281	531	858	1000	1173	1301	1384	1536	2154	2886	3020
CSP29.g3904.t1	75	189	278	528	855	997	1170	1298	1381	1533	2883	3017
CSP31.g9075.t1	51	165	254	1146	1274	1357	1509	2127	2859
CSP32.g135.t1	84	198	287	1179	1307	1390	1542	2160	2892	3026
CSP34.Sp34_X0238900.t1	75	189	278	528	855	997	1170	1298	1381	1533	2151	2883	3017
CSP38.g9464.t1	84	287	537	864	1179	1390	2160	2892
CSP39.g21648.t1	81	195	284	534	861	1176	1304	1387	1539	2157	2763	2897
CSP40.g17654.t1	75	189	278	528	855	997	1170	1298	1381	1533	2151	2883	3017
CTROP.Csp11.Scaffold626.g6623.t1	75	189	278	528	855	997	1170	1298	1381	1533	2151	2714	2796	2930
CVIRI.g8667.t1	81	195	625	1003	1304	1536	2321	2487	2886	3020
DCORO.DCO_003533	34	138	249	423	531	676	912	1054	1120	1227	1590	1839	2134	2375	2709	2853	2937	3071
