CAFRA.g14933.t1	23	144	192	288	489
CANGA.Cang_2012_03_13_00424.g10671.t1	23	144	192	288	420	489	585
CBREN.CBN29398	132	180	276	477
CBRIG.CBG01077	23	144	288	489
CCAST.g9775.t1	23	144	192	288	420	489
CDOUG.g23163.t1	23	144	192	288	489
CELEG.C39F7.4	23	144	192	288	489
CJAPO.CJA13293	23	144	192	288	489
CKAMA.g11748.t1	23	144	192	288	489
CLATE.FL83_12706-RA	23	144	192	288	489
CMONO.g5776.t1	14	135	183	279	411	480
CNOUR.g10434.t1	23	192	288	489
CPLIC.g2232.t1	23	144	192	288	420	489
CREMA.FL82_20854-RA	23	144	192	288	489
CSINI.Csp5_scaffold_03247.g29550.t1	23	144	288	489
CSP21.g3893.t1	20	141	189	285	417
CSP26.g16316.t1	23	144	288	489
CSP28.g358.t1	23	144	192	489
CSP29.g18259.t1	23	192	288	489
CSP31.g3841.t1	23	144	192	288	420	489
CSP32.g13985.t1	23	144	192	288	489
CSP34.Sp34_50025700.t1	23	144	192	288	489
CSP38.g2148.t1	23	144	192	288	420	489
CSP39.g3057.t1	23	144	192	288	489
CSP40.g18803.t1	23	144	288	489
CTROP.Csp11.Scaffold513.g2598.t1	23	192	288	489
CVIRI.g5981.t1	23	144	192	288	420	489
DCORO.DCO_020347	23	144	192	288	420	540
