CAFRA.g11407.t1	123	307	516	573	645	952	1065
CANGA.Cang_2012_03_13_00607.g12715.t1	225	585	640	753
CBREN.CBN18166	112	207	378	450	757	870
CBRIG.CBG08840	124	219	390	462	769	882
CCAST.g16583.t2	87	375	735	1038
CDOUG.g8508.t1	60	244	339	510	582	889	1002
CELEG.C37H5.1	124	219	390	462	769	882
CJAPO.CJA03983b	93	277	372	486	865	978
CKAMA.g6242.t1	23	99	283	378	492	549	621	928	1041
CLATE.FL83_05268-RA	24	208	303	474	546	853	966
CMONO.g9242.t1	49	114	307	402	516	573	645	762	952	1065
CNOUR.g5020.t1	96	280	375	489	546	618	925	1038
CPLIC.g551.t1	441	558	698	912	1108	1203	1317	1374	1446	1563	1656
CREMA.FL82_13556-RA	78	262	357	528	600	907	1020
CSINI.Csp5_scaffold_00379.g10421.t1	184	279	450	522	829	942
CSP21.g157.t1	108	205	300	414	543	660	753	850	963
CSP26.g8844.t1	57	241	336	507	579	886	999
CSP28.g16506.t1	60	244	339	453	510	582	889	1002
CSP29.g21133.t1	99	283	378	492	549	621	928	1041
CSP31.g15480.t1	75	265	360	531	720	910
CSP32.g5246.t1	108	292	501	558	630	937	1050
CSP34.Sp34_50081200.t1	111	295	390	561	633	940	1053
CSP38.g11796.t1	43	93	381	741	931	1044
CSP39.g5996.t2	177	361	415	510	624	681	753	1060	1173
CSP40.g23547.t1	99	283	378	549	621	928	1041
CTROP.Csp11.Scaffold630.g21587.t1	41	280	375	546	618	925	1038
CVIRI.g5502.t1	78	177	369	540	612	729	919	1032
DCORO.DCO_013157	81	177	274	369	483	540	612	726	819	916	1029
