CAFRA.g18242.t1	93	273	500	564	708	887	1200
CANGA.Cang_2012_03_13_00002.g182.t1	155	500	564	708	899	1209
CBREN.CBN14014	93	273	500	564	708	890	1037	1203
CBRIG.CBG14816	93	273	500	564	708	887	1200
CCAST.g7047.t1	155	500	564	708	902	1212
CDOUG.g7918.t1	93	273	500	564	708	890	1037	1203
CELEG.C09B8.1	93	273	500	564	708	890	1203
CJAPO.CJA12744	93	273	500	708	896	1043	1209
CKAMA.g3547.t1	93	273	500	564	708	893	1040	1206
CLATE.FL83_00426-RA	78	174	354	581	645	789	968	1115	1281
CMONO.g356.t1	93	155	273	500	564	708	881	1025	1191
CNOUR.g13256.t1	93	273	500	564	708	890	1037	1203
CPLIC.g5928.t1	153	215	333	560	768	1109	1275
CREMA.FL82_01771-RA	114	210	390	617	681	825	1004	1151	1317
CSINI.Csp5_scaffold_00083.g3725.t1	93	273	500	564	717	896	1043	1209
CSP21.g9971.t1	93	155	273	509	522	666	842	986	1155
CSP26.g21961.t1	93	273	500	564	708	887	1034	1200
CSP28.g10574.t1	93	273	500	564	708	890	1203
CSP29.g3975.t1	93	273	500	564	708	890	1037	1203
CSP31.g16066.t1	93	155	273	500	564	708	887	1197
CSP32.g206.t1	93	273	500	564	708	887	1034	1200
CSP34.Sp34_X0231300.t1	93	273	500	564	708	893	1206
CSP38.g10386.t1	155	273	500	564	708	893	1203
CSP39.g7230.t1	93	273	500	564	708	890	1200
CSP40.g13986.t1	93	273	500	564	717	896	1043	1209
CTROP.Csp11.Scaffold626.g6536.t1	93	273	500	564	708	890	1037	1203
CVIRI.g2938.t1	155	273	500	564	708	1034	1200
DCORO.DCO_012609	164	282	376	509	573	717	827	881	1022	1188
