CAFRA.g5450.t1	137	299	428	576
CANGA.Cang_2012_03_13_00182.g6385.t1	125	287	664
CBREN.CBN09262	137	299	428	576	667
CBRIG.CBG18956	137	299	428	576
CCAST.g12394.t1	125	287	664
CDOUG.g1469.t1	137	299	428	576	667
CELEG.F46E10.9.1	137	299	428	576	667
CJAPO.CJA08611	137	299	428
CKAMA.g11844.t1	137	299	428	576	667
CLATE.FL83_10796-RA	137	299	428	576
CMONO.g2285.t1	128	213	290	419	567	682
CNOUR.g19279.t1	137	299	428	576
CPLIC.g6076.t1	125	287	416	564
CREMA.FL82_18825-RA	137	299	428	576
CSINI.Csp5_scaffold_00013.g855.t1	137	299	428	576	670
CSP21.g5610.t1	119	281	410	558	658
CSP26.g8480.t1	137	299	428	576	670
CSP28.g6439.t1	137	299	428	576
CSP29.g20980.t1	137	299	428	576
CSP31.g11260.t1	134	296	425	573	664
CSP32.g14908.t1	137	299	428	576
CSP34.Sp34_50214510.t1	137	299	319	380	528	619
CSP38.g10696.t1	134	296	425	664
CSP39.g10082.t1	137	299	428	576
CSP40.g11360.t1	137	299	428	576	670
CTROP.Csp11.Scaffold630.g17519.t1	50	212	341	489	580
CVIRI.g543.t1	134	296	425	573	670
DCORO.DCO_018617	134	219	296	425	573	679
