CAFRA.g1731.t1	82	198	323	459	643	801
CANGA.Cang_2012_03_13_00474.g11261.t2	45	161	463	586
CBREN.CBN16179	182	318	502	660
CBRIG.CBG05562	88	329	465	649	807
CCAST.g453.t1	85	201	317	637
CDOUG.g20057.t1	97	338	474	658	816
CELEG.F31D4.6	85	326	462	646	804
CJAPO.CJA09004	
CKAMA.g10297.t1	91	332	652	810
CLATE.FL83_21572-RA	85	326	372	556	714
CMONO.g16910.t2	166	282	383	519	605	703	817	897	975	1082
CNOUR.g7247.t1	85	201	326	462	646	804
CPLIC.g7503.t1	67	183	299	521	619	699	777
CREMA.FL82_13073-RA	85	326	462	646	804
CSINI.Csp5_scaffold_01295.g19920.t1	100	341	477	661	819
CSP21.g6732.t2	79	195	308	444	530	628	708	786	893
CSP26.g21440.t1	91	332	468	652	810
CSP28.g7530.t1	235	476	612	796	956
CSP29.g19771.t1	9	88	204	329	465	649	807
CSP31.g2257.t1	73	189	314	450	634	714	792
CSP32.g6761.t1	26	162	346	504	602
CSP34.Sp34_50425800.t1	58	299	435	619	777
CSP38.g20749.t1	147	402	586	892
CSP39.g20762.t1	39	215	351	535	693
CSP40.g1925.t1	94	335	471	655	813
CTROP.Csp11.Scaffold630.g21791.t1	64	305	807
CVIRI.g1427.t1	70	186	308	444	530	628	786
DCORO.DCO_013441	100	216	329	465	551	631	729	807	914	963
