CAFRA.g18176.t1	57	195	305	429	901	1004	1175	1269	1311	1422
CANGA.Cang_2012_03_13_00498.g11570.t2	90	234	468	1323	1434
CBREN.CBN08408	60	198	308	432	904
CBRIG.CBG19129	60	198	308	432	904	1007	1178	1266	1308	1419
CCAST.g3459.t1	90	234	468	1335	1377	1488
CDOUG.g2425.t1	57	195	305	429	901	1004	1175	1263	1374
CELEG.K06C4.6a	57	195	305	429	901	1004	1175	1263	1305	1416
CJAPO.CJA10891	56
CKAMA.g3630.t1	132	273	411	521	645	1117	1220	1394	1482	1524	1635
CLATE.FL83_09694-RA	63	201	311	435	907	1010	1170	1212	1254	1365
CMONO.g7461.t1	231	369	479	603	732	864	1029	1178	1267	1455	1563
CNOUR.g10373.t1	60	198	308	432	904	1007	1178	1266	1308	1419
CPLIC.g7920.t1	57	195	305	429	558	690	901	1004	1090	1160	1251	1362
CREMA.FL82_16608-RA	63	201	311	435	907	1010	1181	1269	1311	1422
CSINI.Csp5_scaffold_00490.g12052.t1	129	239	363	938	1109	1197
CSP21.g1320.t1	60	198	308	432	561	693	822	868	971	1066	1206	1323
CSP26.g5602.t1	17	126	264	374	498	1073	1244	1332	1374	1485
CSP28.g5830.t1	57	195	305	429	901	1004	1175	1263	1305	1416
CSP29.g18872.t1	60	198	308	432	904	1007	1178	1266	1308	1419
CSP31.g17470.t1	54	192	302	426	898	1001	1172	1260	1302	1413
CSP32.g18141.t1	57	195	305	429	901	1004	1175	1269	1311	1422
CSP34.Sp34_50230700.t1	60	198	308	432	904	1007	1178	1266	1308	1419
CSP38.g4112.t1	63	207	317	441	1016	1308	1350	1464
CSP39.g23735.t1	60	198	308	432	904	1007	1184	1272	1383
CSP40.g21452.t1	54	164	288	863	1034	1122	1164	1275
CTROP.Csp11.Scaffold629.g15384.t1	57	195	305	429	901	1004	1175	1263	1374
CVIRI.g10284.t1	34	156	294	404	528	1000	1103	1271	1359	1401	1512
DCORO.DCO_008543	61	174	312	422	527	546	624	675	807	892	958	1121	1216	1380	1434	1548
