CAFRA.g3047.t1	115	708
CANGA.Cang_2012_03_13_00606.g12709.t2	180	547	834	925
CBREN.CBN11102	115	410	708
CBRIG.CBG11572	115	410	708
CCAST.g19200.t1	174	541	831
CDOUG.g9747.t1	115	410	708
CELEG.C01G10.9	115	410	708
CJAPO.CJA06910a	115	410	708
CKAMA.g7738.t1	28	323	621
CLATE.FL83_09748-RA	115	410	708
CMONO.g19564.t1	106	189	300	404	483	577	651	766	867	958
CNOUR.g15387.t1	115	407	705
CPLIC.g10852.t1	97	279	468	636	751	852	943
CREMA.FL82_20967-RA	115	410	708
CSINI.Csp5_scaffold_00006.g437.t1	115	410	708
CSP21.g8860.t1	91	276	377	550	624	739	931
CSP26.g20598.t1	115	407	705
CSP28.g6658.t1	115	410	708
CSP29.g17296.t1	115	407	705
CSP31.g22536.t1	106	288	392	565	639	855
CSP32.g11809.t1	115	705
CSP34.Sp34_50266900.t1	115	410	708
CSP38.g7541.t1	183	556	846	937
CSP39.g15806.t1	292
CSP40.g23743.t1	115	407
CTROP.Csp11.Scaffold629.g15839.t1	115	410	708
CVIRI.g14768.t1	97	285	645	760	861	952
DCORO.DCO_014195	94	177	288	398	477	577	651	766	867	958
