CAFRA.g11377.t1	103	276	400	655	978	1101
CANGA.Cang_2012_03_13_00989.g15247.t1	154	1152
CBREN.CBN20856	154	327	451	703	1026	1149
CBRIG.CBG20562	172	469	727	1050
CCAST.g13588.t1	103	1101
CDOUG.g19866.t1	103	276	400	658	981	1104
CELEG.C37C3.2a.1	154	327	451	709	1032	1155
CJAPO.CJA12892	154	327	451	706	1029
CKAMA.g6221.t1	154	327	451	709	1032	1155
CLATE.FL83_22933-RA	154	327	451	706	1152
CMONO.g1713.t1	68	187	282	457	630	754	1308	1428
CNOUR.g4992.t1	103	276	400	655	969	1092
CPLIC.g8384.t1	154	327	451	1014	1137
CREMA.FL82_13583-RA	154	327	451	706	1152
CSINI.Csp5_scaffold_00754.g15148.t1	154	451	697	1143
CSP21.g15011.t1	154	327	451	700	1023	1146
CSP26.g12337.t1	103	400	649	1095
CSP28.g16481.t1	154	327	451	706	1020	1143
CSP29.g21157.t1	154	327	451	706	1020	1143
CSP31.g18583.t1	103	276	400	966	1089
CSP32.g6286.t1	103	276	400	655	978	1101
CSP34.Sp34_50085310.t1	154	327	451	709	1032	1155
CSP38.g21490.t1	103	276	978	1101
CSP39.g2434.t1	103	276	400	655	969	1092
CSP40.g10277.t1	103	400	649	972	1095
CTROP.Csp11.Scaffold630.g18309.t1	154	451	709	1032	1155
CVIRI.g4421.t1	103	276	400	646	969	1092
DCORO.DCO_012023	154	327	451	603	717	830	1011	1137
