CAFRA.g14858.t1	123	279	469	535	730	806	946	1164
CANGA.Cang_2012_03_13_00185.g6487.t1	123	279	469	532	727	806	946	1149
CBREN.CBN19150	132	288	478	544	815	955	1149
CBRIG.CBG15937	138	294	484	550	745	961	1161	1301	1749	1875
CCAST.g13895.t1	123	279	469	532	727	806	946	1149
CDOUG.g15347.t1	132	288	478	544	815	955	1158
CELEG.F10D7.1	117	273	463	529	800	940	1143	1251	1755	1881
CJAPO.CJA18122b	132	288	478	544	745	821	961	1170
CKAMA.g7859.t1	132	288	478	544	739	955	1149	1257	1671	1797
CLATE.FL83_19392-RA	138	294	484	550	745	961	1164	1289	1809	1935
CMONO.g12461.t1	288	447	539	637	700	901	977	1102	1237	1284
CNOUR.g6236.t1	132	288	478	544	739	815	955	1161
CPLIC.g9344.t1	129	285	377	475	736	812	952	1170
CREMA.FL82_23269-RA	138	294	484	550	745	961	1164
CSINI.Csp5_scaffold_00004.g296.t1	138	294	484	550	745	961	1161
CSP21.g9948.t1	132	288	380	478	544	742	818	943	1081
CSP26.g14899.t1	138	294	484	550	745	961	1161
CSP28.g16398.t1	135	291	481	560	790	866	1006	1212	1332	2103	2229
CSP29.g14070.t1	132	288	478	544	739	815	955	1161
CSP31.g9938.t1	120	276	466	532	727	803	934	1128
CSP32.g5566.t1	132	288	478	544	739	815	955	1173
CSP34.Sp34_X0033200.t1	132	288	478	544	815	955	1158	1234	1545	1671
CSP38.g20207.t1	126	282	472	535	730	815	955	1155
CSP39.g23445.t1	135	291	481	547	742	818	958	1149
CSP40.g12343.t1	138	294	484	550	745	961	1164
CTROP.Csp11.Scaffold629.g13555.t1	156	502	568	839	979
CVIRI.g11372.t2	123	279	371	532	727	809	952	1131
DCORO.DCO_011319	219	378	470	634	829	905	1030	1162	1212
