CAFRA.g10178.t1	66	211	464	671	1865	1983	2046
CANGA.Cang_2012_03_13_00099.g4303.t1	674	845	1284	1528	1668	1884	2031
CBREN.CBN30561	66	211	327	710	1916	2025	2088
CBRIG.CBG05918	96	241	357	494	701	1910	2028	2091	2217	2273	2648	3060
CCAST.g1698.t1	674	845	1284	1770	1986	2148
CDOUG.g13695.t1	66	211	327	464	671	1877	1995	2058
CELEG.F32E10.1	66	211	327	464	671	1868	1986
CJAPO.CJA05620	66	211	327	464	671	1877	2055	2244
CKAMA.g1681.t1	66	327	671	1865	1983	2046
CLATE.FL83_22639-RA	66	211	327	464	671	1877	1995	2058
CMONO.g12225.t1	43	142	258	395	511	605	684	776	907	1036	1215	1284	1377	1608	1653	1751	1869	1932	2025
CNOUR.g22078.t1	66	211	327	464	671	1865	2046
CPLIC.g6896.t1	66	464	580	674	753	1446	1752	1850	2124
CREMA.FL82_04097-RA	72	217	333	470	677	1883	2001	2064
CSINI.Csp5_scaffold_02507.g26766.t1	66	211	327	464	671	1871	1989	2052
CSP21.g148.t1	66	112	211	327	464	674	753	845	976	1284	1563	1791	1889	2004	2070
CSP26.g18840.t1	66	211	327	464	671	1868	1986	2049
CSP28.g14097.t1	66	211	327	464	671	1874	2052
CSP29.g16479.t1	66	211	327	464	671	1868	2049
CSP31.g9548.t1	66	211	464	674	753	845	1284	1353	1865	1980	2043
CSP32.g15763.t1	66	211	464	671	1865	1983	2046
CSP34.Sp34_40302600.t1	66	211	327	464	671	1874	1992	2055
CSP38.g19256.t1	674	845	1284	1761	2139
CSP39.g3468.t1	66	211	327	464	671	729	1466	1644
CSP40.g19460.t1	66	211	327	464	671	1862	1980	2043
CTROP.Csp11.Scaffold630.g21213.t1	66	211	327	464	671	977	1739	1857	1920
CVIRI.g9441.t1	211	674	753	1284	1353	2160
DCORO.DCO_005471	66	211	327	464	580	756	848	979	1114	1359	1458	1527	1656	1764	1862	1974	2142
