CAFRA.g14532.t1	101	191	678
CANGA.Cang_2012_03_13_22628.g26890.t1	
CBREN.CBN24589	104	507	684	1071
CBRIG.CBG02942	104	306	660
CCAST.g19684.t1	132	236	346	558	640	746	1515	1713
CDOUG.g8544.t1	104	507	684	1071
CELEG.T06D8.8.1	95	675	1062
CJAPO.CJA04446	104	194	507	684	741
CKAMA.g2541.t1	156	276	663
CLATE.FL83_18790-RA	104	684
CMONO.g2102.t1	27	73	132	225	300	477	534	666	747	864
CNOUR.g12713.t1	104	194	507	684	741	1071
CPLIC.g4385.t1	104	194	507	741	873	1071
CREMA.FL82_05295-RA	104	684
CSINI.Csp5_scaffold_00116.g4757.t1	104	687
CSP21.g6037.t1	101	277	339	507	684	741	1071
CSP26.g21843.t1	104	687
CSP28.g12356.t1	104	194	684	741	1150	1457
CSP29.g6355.t1	104	194	507	684	741	1071
CSP31.g16637.t1	24	128	218	363	456	531	708	897	1095
CSP32.g13732.t1	101	191	678	1065
CSP34.Sp34_20333800.t1	110	513	690	972	1029
CSP38.g3020.t1	104	873	1071
CSP39.g7138.t1	104	194	507	684	741
CSP40.g17753.t1	104	687
CTROP.Csp11.Scaffold45.g271.t1	104	507	684	1071
CVIRI.g15464.t1	101	191	504	870	1068
DCORO.DCO_013249	98	188	333	426	563	618	735	867	1008	1065
