CAFRA.g2042.t2	131	273	486	615	707	828	1005	1460
CANGA.Cang_2012_03_13_00073.g3454.t2	30	342	633	815
CBREN.CBN12703	140	282	495	633	725	846	1023	1478
CBRIG.CBG05130	125	267	474	603	695	804	981	1436
CCAST.g10755.t1	32	408	720	1011	1184	1349
CDOUG.g11122.t2	119	261	474	710	831	1008	1463
CELEG.Y34D9B.1b	128	270	483	624	716	837	1014	1469
CJAPO.CJA32996a	171	384	516	608	717	894	1020	1100	1245	1332	1455
CKAMA.g7105.t1	134	276	489	615	707	816	993	1448
CLATE.FL83_06315-RB	119	261	474	609	701	822	999	1454
CMONO.g786.t1	155	297	421	504	606	698	804	975	1107	1274	1433
CNOUR.g7054.t2	131	273	486	615	707	828	1460
CPLIC.g6391.t1	195	417	555	647	927	1059	1226	1385
CREMA.FL82_16159-RA	461	603	816	951	1043	1152	1329	1784
CSINI.Csp5_scaffold_00789.g15484.t1	143	285	498	633	725	834	1011	1466
CSP21.g8266.t1	134	276	468	573	665	771	942	1074	1241	1400
CSP26.g11642.t2	122	264	477	612	704	825	1002	1457
CSP28.g10979.t1	128	270	483	612	704	813	920	1397
CSP29.g17640.t1	131	273	486	615	707	816	1448
CSP31.g14496.t1	125	267	486	618	710	819	1128	1295	1454
CSP32.g6597.t1	131	273	486	615	707	828	1005	1460
CSP34.Sp34_10231200.t1	131	273	486	621	713	822	999	1454
CSP38.g13339.t1	128	486	630	831	1125	1304	1463
CSP39.g192.t1	131	273	489	716	837	1014	1469
CSP40.g1607.t2	149	291	504	639	731	852	1029	1484
CTROP.Csp11.Scaffold629.g14854.t2	56	198	411	537	629	750	927	1382
CVIRI.g3738.t1	140	282	498	633	725	834	1005	1137	1304	1463
DCORO.DCO_009001	176	318	442	621	819	916	990	1122	1289	1448
