CAFRA.g11553.t1	263	378	481	690	783
CANGA.Cang_2012_03_13_00078.g3612.t1	490
CBREN.CBN06258	266	381	484	693	786
CBRIG.CBG02760	381	484	693	786
CCAST.g4870.t1	490	699
CDOUG.g26823.t1	266	381	484	693	786
CELEG.F58G1.5	266	381	484	693	786
CJAPO.CJA15496	266	381	484	786
CKAMA.g13580.t1	260	375	478	673
CLATE.FL83_10512-RA	266	381	484	693	786
CMONO.g14650.t1	119	369	472	573	684	777
CNOUR.g7037.t1	269	381	484	693	786
CPLIC.g9211.t1	287	399	502	711
CREMA.FL82_05863-RA	24	127	336	429
CSINI.Csp5_scaffold_01329.g20140.t1	266	381	484	705	798
CSP21.g11930.t1	119	251	342	445	654
CSP26.g11123.t1	266	381	484	693	786
CSP28.g15946.t1	269	381	484	693	786
CSP29.g6677.t1	263	375	478	687	780
CSP31.g10223.t1	257	372	777
CSP32.g16255.t1	272	387	490	699	792
CSP34.Sp34_20318700.t1	269	384	487	696	789
CSP38.g12221.t1	263	481	690
CSP39.g2072.t1	260	372	475	684	777
CSP40.g6239.t1	266	381	484	693	786
CTROP.Csp11.Scaffold629.g7879.t1	381	484	693	786
CVIRI.g12137.t1	263	375	690
DCORO.DCO_016707	119	257	359	372	475	576	684	777
