CAFRA.g3455.t3	97	187	358	737	818	982	1133	1473	1737	2004	2319	2584	2688
CANGA.Cang_2012_03_13_00286.g8520.t1	102	453
CBREN.CBN31555	82	325	677	758	856	922	1073	1410	1551	1674	1938	2253	2518
CBRIG.CBG05574	82	168	268	626	707	805	871	1022	1500	1798	2112	2407
CCAST.g9505.t1	85	171	253	575	645	799	2133	2484
CDOUG.g15195.t3	82	168	268	623	686	784	850	1001	1479	1866	2181	2446
CELEG.F38A6.2a	82	168	268	614	695	793	859	1010	1347	1488	1611	1875	2190	2455	2553
CJAPO.CJA13074	11	348	489	624	939	1204	1302
CKAMA.g3754.t1	88	380	478	621	945	1086	1209	1476	1791	2056
CLATE.FL83_18050-RC	66	178	533	617	781	932	1269	1797	2112	2377
CMONO.g6188.t1	76	162	256	399	475	608	674	772	838	983	1128	1240	1332	1473	1596	1728	1992	2178	2332	2443	2547
CNOUR.g7208.t1	85	171	268	566	647	811	962	1440	2139	2404	2502
CPLIC.g10797.t1	55	138	232	324	461	524	622	691	839	984	1188	1329	1851	1941	2191	2299	2409
CREMA.FL82_12944-RA	82	178	530	694	845	1182	1446	1710	2025	2290
CSINI.Csp5_scaffold_02593.g27159.t3	86	189	524	768	834	1463	1850	2165	2430
CSP21.g1251.t2	58	144	241	360	430	494	548	640	706	851	918	996	1108	1200	1341	1464	1599	1722	1848	1944	2188	2403
CSP26.g2432.t1	82	168	271	620	701	799	865	1016	1494	1881	2196	2461
CSP28.g7488.t1	85	171	268	575	673	739	890	1227	1368	1491	1626	1752	2067	2332
CSP29.g19808.t1	85	171	268	566	730	881	1359	2058	2323	2421
CSP31.g3450.t1	73	150	238	560	629	727	793	1281	1818	2043	2395
CSP32.g13697.t2	88	174	271	626	790	941	1278	1542	1806	2121	2386	2484
CSP34.Sp34_50401610.t1	85	171	271	614	701	799	865	1016	1353	1494	1617	1881	2196	2461	2559
CSP38.g10019.t1	82	168	247	563	721	863	1523	2049	2403
CSP39.g21921.t2	94	180	277	584	665	763	829	980	1458	1716	1842	2157	2422
CSP40.g23452.t1	82	168	271	629	710	808	874	1025	1503	1890	2205	2470
CTROP.Csp11.Scaffold630.g21844.t1	82	168	268	620	718	784	935	1272	1536	2115	2380
CVIRI.g8985.t1	73	159	244	390	614	692	790	856	1007	2004	2553
DCORO.DCO_003995	187	273	373	507	595	721	845	911	1009	1078	1223	1296	1365	1477	1569	1710	1839	1974	2097	2226	2412	2566	2680	2781
