CAFRA.g12789.t1	141	250	444	659	831	977
CANGA.Cang_2012_03_13_00158.g5880.t1	165	257	561	707
CBREN.CBN03559	141	348	563	735	881
CBRIG.CBG17349	292	486	701	873
CCAST.g18447.t1	250	444	536	840	986
CDOUG.g2080.t1	141	444	659	831	977
CELEG.F08B12.2	141	250	444	1022
CJAPO.CJA11159	138	247	441	656	828	974
CKAMA.g1294.t1	141	250	444	659	831	977
CLATE.FL83_01125-RA	144	253	447	662	834	980
CMONO.g3896.t1	138	247	351	441	533	659	834	980
CNOUR.g4871.t1	135	244	438	653	825	971
CPLIC.g246.t1	132	241	435	527	650	822	968
CREMA.FL82_00522-RA	144	253	447	662	834	980
CSINI.Csp5_scaffold_00458.g11642.t1	135	244	438	653	825	971
CSP21.g13175.t1	135	244	348	530	653	825	971
CSP26.g7224.t1	138	247	441	656	828	974
CSP28.g9576.t1	141	250	444	659	831	977
CSP29.g11790.t1	141	250	444	659	831	977
CSP31.g10053.t1	126	235	429	521	644	962
CSP32.g2861.t1	141	250	444	659	831	977
CSP34.Sp34_X0088600.t1	141	250	444	659	977
CSP38.g11214.t1	256	450	542	846	992
CSP39.g28781.t1	141	253	447	662	834	980
CSP40.g12624.t1	141	250	444	659	831	977
CTROP.Csp11.Scaffold49.g281.t1	141	250	444	659	831
CVIRI.g8272.t1	132	241	435	650	825	971
DCORO.DCO_015015	135	244	348	435	527	653	825	971
