CAFRA.g13894.t1	66	120	221	295	416	507	602	753	830
CANGA.Cang_2012_03_13_00035.g1979.t1	132	431	617	768	845
CBREN.CBN17954	78	132	233	307	428	519	614	765
CBRIG.CBG14526	78	132	233	307	428	519	614	746
CCAST.g18854.t1	132	431	617	768	845
CDOUG.g3403.t1	78	132	233	307	428	519	614	765	842
CELEG.K02G10.1	78	132	233	307	428	519	614	765	842
CJAPO.CJA18557b	78	132	233	307	428	614	765	842
CKAMA.g3166.t1	78	132	233	307	428	519	614	765	842
CLATE.FL83_00622-RA	78	132	233	307	428	519	614	765	842
CMONO.g5932.t1	78	132	236	310	431	522	617	768
CNOUR.g10702.t1	78	132	233	307	428	519	614	765	842
CPLIC.g6744.t1	84	138	242	313	434	525	620	771	848
CREMA.FL82_01079-RA	78	132	233	307	428	519	614	765	842
CSINI.Csp5_scaffold_00053.g2690.t2	60	128	213	267	368	442	563	654	749	900	977
CSP21.g13916.t1	78	129	236	310	434	525	620	771	848
CSP26.g22003.t1	78	132	233	307	428	519	614	765	842
CSP28.g9822.t1	3	175	261	315	416	490	611	702	797	948	1025
CSP29.g11533.t1	78	132	233	307	428	519	614	765	842
CSP31.g19132.t1	78	132	233	307	431	617	768	845
CSP32.g8406.t1	78	132	233	307	428	519	614	765	842
CSP34.Sp34_X0251400.t1	78	132	233	307	428	519	614	765	842
CSP38.g13019.t1	78	132	233	428	614	765	842
CSP39.g26697.t1	78	132	233	307	428	519	765	842
CSP40.g12423.t1	78	132	233	307	428	519	614	765	842
CTROP.Csp11.Scaffold622.g6292.t1	101	175	296	387	482	633	710
CVIRI.g13995.t1	78	132	233	431	522	617	845
DCORO.DCO_014717	28	138	290	361	497	588	683	863	911
