CAFRA.g9376.t1	146	219	300	433	621	725	951	1023	1262
CANGA.Cang_2012_03_13_00028.g1661.t1	152	439	618	693	797	1095	1194	1334
CBREN.CBN02695	152	225	306	439	627	731	855	957	1029	1268
CBRIG.CBG14580	152	225	487	675	779	903	1005	1077	1316
CCAST.g19401.t1	152	439	618	722	1020	1119	1259
CDOUG.g12405.t1	152	225	306	439	627	731	855	957	1029	1268
CELEG.ZC8.3	152	225	439	627	731	855	957	1029	1268
CJAPO.CJA12697	152	225	306	439	627	731	957	1268
CKAMA.g3177.t1	152	225	306	439	627	731	855	957	1029	1268
CLATE.FL83_00584-RA	152	225	306	439	627	731	855	957	1029	1268
CMONO.g1727.t1	164	237	315	448	636	740	864	960	1041	1140	1280	1359	1482	1635
CNOUR.g17572.t1	152	225	306	439	627	731	855	957	1029	1268
CPLIC.g6039.t1	146	219	300	433	621	725	849	948	1020	1119	1259	1338	1437
CREMA.FL82_01124-RA	152	225	306	439	627	731	855	957	1029	1268
CSINI.Csp5_scaffold_00018.g1127.t2	152	225	306	439	627	731	855	957	1029	1268	1667	1814	1992	2088	2262	2403	2550	2826
CSP21.g13923.t1	179	252	333	466	654	758	915	958	969	1068	1196	1275	1368	1488
CSP26.g6994.t1	152	225	306	439	627	731	855	957	1029	1268
CSP28.g9785.t1	152	225	439	627	731	855	957	1029	1268	1664	1839	1935	2109	2250	2397	2673
CSP29.g11568.t1	152	225	306	439	627	731	855	957	1029	1268
CSP31.g1819.t1	152	225	306	439	627	731	855	954	1026	1265	1467	1563
CSP32.g8367.t1	152	225	306	439	627	731	957	1029	1268
CSP34.Sp34_X0247600.t1	152	225	439	627	731	855	957	1029	1268
CSP38.g17409.t1	152	225	439	618	722	1020	1259
CSP39.g23358.t1	152	225	306	439	627	731	957	1029	1268
CSP40.g19138.t1	152	225	306	439	627	731	855	957	1029	1268
CTROP.Csp11.Scaffold409.g990.t1	276	357	490	678	782	906	1008	1080	1319	1494
CVIRI.g440.t1	152	225	306	439	627	731	1128	1268	1470	1578
DCORO.DCO_007097	122	195	279	412	537	704	822	996	1152	1296	1594
