CAFRA.g5024.t1	102	231	372	600	918	1063	1356
CANGA.Cang_2012_03_13_00481.g11340.t1	237	606	699	1072	1221
CBREN.CBN03760	195	336	879	1317
CBRIG.CBG08755	201	342	570	1033	1329
CCAST.g12765.t1	237	606	699	1072	1221	1365
CDOUG.g7854.t1	60	192	333	876	1021	1314
CELEG.Y105E8A.17b	198	339	888	1033	1326
CJAPO.CJA03892	357	585	903	1048	1107	1341
CKAMA.g3782.t1	63	198	882	1027	1308
CLATE.FL83_09164-RA	192	333	561	1024	1320
CMONO.g2929.t1	141	257	369	462	593	684	829	888	978	1128
CNOUR.g5524.t1	102	240	381	609	927	1072	1365
CPLIC.g3186.t1	93	240	702	927	1072	1131	1221	1365
CREMA.FL82_19638-RA	213	354	582	1020
CSINI.Csp5_scaffold_00465.g11733.t1	201	342	570	1033	1326
CSP21.g2741.t1	87	216	351	467	579	672	806	900	1045	1104	1194	1344
CSP26.g5841.t1	201	342	570	1033	1326
CSP28.g6613.t1	102	237	378	606	924	1362
CSP29.g19698.t1	102	240	381	609	927	1072	1365
CSP31.g5874.t1	99	240	381	609	921	1066	1215	1359
CSP32.g9255.t2	102	231	372	600	918	1075	1368
CSP34.Sp34_10005700.t1	66	201	342	888	1033	1326
CSP38.g1313.t1	237	606	699	1072	1221	1365
CSP39.g26258.t1	102	237	378	606	921	1066	1359
CSP40.g4686.t2	198	339	567	1030	1323
CTROP.Csp11.Scaffold630.g19044.t1	63	198	339	567	882	1027	1320
CVIRI.g14792.t1	99	243	612	933	1137	1227	1371
DCORO.DCO_009897	111	264	405	521	633	776	857	960	1108	1257	1407
