CAFRA.g4174.t1	313
CANGA.Cang_2012_03_13_00323.g9206.t1	81	474
CBREN.CBN09685	310	408
CBRIG.CBG12309	310	408
CCAST.g14494.t1	240	402	646	732	1125
CDOUG.g2174.t1	310	408
CELEG.F27C1.7b	60	373	471
CJAPO.CJA08696	78	310	408
CKAMA.g10013.t1	298	396
CLATE.FL83_07101-RA	310	408
CMONO.g2308.t1	72	370	468	531
CNOUR.g10665.t1	313	411
CPLIC.g5220.t1	210	313	474
CREMA.FL82_15588-RA	310	408
CSINI.Csp5_scaffold_00117.g4780.t1	244	342
CSP21.g3897.t1	81	210	313	411	474
CSP26.g12739.t1	310	408
CSP28.g16935.t1	313	411
CSP29.g18440.t1	313	411
CSP31.g8234.t1	81	313	411	474
CSP32.g5042.t1	313
CSP34.Sp34_10242510.t1	313	411
CSP38.g13320.t1	81	313	474
CSP39.g9268.t1	313	411
CSP40.g24298.t1	313	411
CTROP.Csp11.Scaffold630.g20487.t1	310	408
CVIRI.g525.t1	81	313	411
DCORO.DCO_020227	81	210	411	540
