CAFRA.g19305.t1	177	381	1002	1365
CANGA.Cang_2012_03_13_00444.g10927.t1	171	262	459	550	747
CBREN.CBN02758	171	375
CBRIG.CBG08337	180	384	1005
CCAST.g16980.t1	168	259	456
CDOUG.g3677.t1	180	384	1005
CELEG.F01D4.4.1	177	381	1002	1365
CJAPO.CJA08781b	186	390	1011	1374
CKAMA.g11641.t1	162	366	531	1152
CLATE.FL83_18234-RA	180	384	1005
CMONO.g2390.t1	180	271	384	468	530	627	797	895	1005	1077	1198	1287	1362
CNOUR.g5420.t1	180	384	1005
CPLIC.g356.t1	186	277	633	797	1077	1287	1362	1410	1481	1774	1901	1979	2054	2171	2399
CREMA.FL82_03121-RA	180	384	1005
CSINI.Csp5_scaffold_00637.g13867.t1	180	384	1005
CSP21.g5108.t1	150	241	354	438	597	773	871	1199	1266	1302
CSP26.g4492.t1	180	1005
CSP28.g12588.t1	180	384	1005
CSP29.g3407.t1	180	384	1005
CSP31.g5352.t1	174	462	1281
CSP32.g810.t1	177	381	1002	1365
CSP34.Sp34_40076800.t1	180	384	1005	1368
CSP38.g953.t1	168	259	456	1189
CSP39.g19924.t1	180	384	1005
CSP40.g14119.t1	180	384	1005
CTROP.Csp11.Scaffold629.g9287.t1	183	387
CVIRI.g6120.t1	192	283	907	1299	1371
DCORO.DCO_010387	165	256	369	540	688	779	877	987	1059	1180	1344
