CAFRA.g3126.t1	165	224	336	472	1016	1262	1429	1530
CANGA.Cang_2012_03_13_00357.g9679.t1	150	209	321	457	614	712	1088	1247	1347	1467	1600	1730	1809	2370	2716	3140	3597	3674
CBREN.CBN06811	323	569	736	837
CBRIG.CBG22799	159	218	330	466	623	1061	1307	1474	1575	1617
CCAST.g12371.t1	150	209	321	457	614	712	1088	1247	1414	1515
CDOUG.g3557.t1	162	221	333	469	626	1013	1100	1259	1426	1527	1691	1791	1868	2195	2316	2460	2745	2865	2998	3183	3408	4293	4883	5072
CELEG.D2021.2a	162	221	333	469	626	724	1013	1100	1259	1426	1527
CJAPO.CJA04774b	183	242	354	490	647	1034	1121	1280	1447	1548
CKAMA.g6307.t1	162	221	469	626	724	1013	1100	1259	1527	1694	1773	1850	2177	2298	2439	2709	2842	3144	3369	4248	4838	5027
CLATE.FL83_02039-RA	186	245	357	493	650	748	1037	1124	1283	1450	1551
CMONO.g11489.t1	180	239	351	487	591	644	742	1031	1118	1274	1441	1542
CNOUR.g21145.t1	168	227	730	1019	1265	1432	1533
CPLIC.g14477.t1	150	209	321	457	614	712	1001	1088	1247	1414	1515
CREMA.FL82_02204-RA	186	245	357	493	650	748	1037	1095	1202	1369	1470
CSINI.Csp5_scaffold_00777.g15382.t1	159	218	330	466	623	721	1010	1097	1256	1423	1524
CSP21.g11354.t1	135	194	306	442	546	599	697	986	1073	1232	1399	1500
CSP26.g702.t1	128	303	362	474	610	767	865	1154	1241	1400	1567	1668
CSP28.g10179.t1	165	224	629	727	1016	1262	1342	1690	1791
CSP29.g15346.t1	168	227	730	1019	1265	1432	1533
CSP31.g19063.t1	156	215	327	463	620	718	1007	1253	1420	1521
CSP32.g11103.t1	126	185	297	433	977	1223	1390	1491
CSP34.Sp34_X0167400.t1	162	221	333	469	626	724	1013	1100	1259	1426	1527
CSP38.g16467.t1	153	212	324	460	617	715	1091	1250	1417	1518
CSP39.g22925.t1	117	288	581	968	1214	1482
CSP40.g2604.t1	159	218	330	466	623	721	1010	1097	1256	1423	1524
CTROP.Csp11.Scaffold629.g10988.t1	20	198	257	369	662	1049	1136	1295	1462	1563
CVIRI.g190.t1	153	212	324	460	617	715	1004	1091	1250	1417	1518
DCORO.DCO_007605	192	363	499	656	754	859	1043	1130	1283	1450	1551
