CAFRA.g14529.t1	163	248	394	604
CANGA.Cang_2012_03_13_00163.g6015.t1	154	337
CBREN.CBN14121	53	199	412
CBRIG.CBG02939	20	166	376
CCAST.g8786.t1	151	409
CDOUG.g8547.t1	53	199	418
CELEG.T05B9.2	53	199	409
CJAPO.CJA14214a	20	166	373
CKAMA.g7796.t1	53	199	340
CLATE.FL83_23623-RA	53	199	406
CMONO.g7324.t1	187	266	424	616
CNOUR.g12716.t1	169	254	400	598
CPLIC.g12377.t1	55	134	280	466
CREMA.FL82_05292-RA	53	199	406
CSINI.Csp5_scaffold_00116.g4753.t1	187	272	418	628
CSP21.g14691.t1	163	242	388	594	616	711	860	966	1081	1169
CSP26.g21840.t1	187	272	418	625
CSP28.g12353.t1	40	268	353	499	703
CSP29.g6352.t1	172	257	403	601
CSP31.g16640.t1	187	272	418	628
CSP32.g4141.t1	169	254	400	610
CSP34.Sp34_20333400.t1	53	199	415
CSP38.g9999.t1	136	379
CSP39.g18936.t1	113	361	446	592	805
CSP40.g17756.t1	53	199	406
CTROP.Csp11.Scaffold45.g268.t1	29	175	388
CVIRI.g6772.t1	187	266
DCORO.DCO_018605	178	257	403	530	643
