CAFRA.g13171.t1	156	278	480	568
CANGA.Cang_2012_03_13_00025.g1522.t1	151
CBREN.CBN30334	278	480	568
CBRIG.CBG08413	260	462	550
CCAST.g16547.t1	141	263	553
CDOUG.g7256.t1	272	474	562
CELEG.Y55F3AM.10	156	278	480	568
CJAPO.CJA11290	147	471	559
CKAMA.g11214.t1	126	214
CLATE.FL83_15682-RA	275	565
CMONO.g15165.t1	150	272	408
CNOUR.g12060.t1	150	272	474	562
CPLIC.g800.t1	326	384	462	528
CREMA.FL82_07550-RA	235	409
CSINI.Csp5_scaffold_03975.g31749.t1	266	468	556
CSP21.g14751.t1	129	251	309
CSP26.g21063.t1	266	468	556
CSP28.g9219.t1	150	474	562
CSP29.g3600.t1	150	272	474	562
CSP31.g5426.t1	135	257	315	459
CSP32.g15592.t1	156	278	480	568
CSP34.Sp34_40042800.t1	335	537	625
CSP38.g1015.t1	132	254
CSP39.g2788.t1	117	239	441	529
CSP40.g16200.t1	266	468	556
CTROP.Csp11.Scaffold629.g16114.t1	266	468	556
CVIRI.g11607.t1	138	260	318	396	462
DCORO.DCO_019237	114	236	294	372	523
