CAFRA.g11647.t1	100	203	347	408	811
CANGA.Cang_2012_03_13_00941.g15038.t1	67	302	378	501	724	1144	1280	1359
CBREN.CBN28208	100	209	327	414	570	717	826
CBRIG.CBG01795	97	203	347	408	561	699	808
CCAST.g833.t1	67	311	390	522	769	1189	1325	1404
CDOUG.g24145.t1	100	206	350	411	558	696	805
CELEG.Y67H2A.4d	100	206	350	411	567	811
CJAPO.CJA14026b	90	387	496
CKAMA.g4339.t1	100	203	347	408	555	693	802	1576
CLATE.FL83_19463-RA	103	209	327	483	621	730	1373	1454
CMONO.g17532.t1	77	221	330	486	624	733	981	1062	1185	1289	1368
CNOUR.g19867.t1	100	206	350	411	567	705	814
CPLIC.g2513.t1	73	185	329	399	537	675	784	873	961	1113	1236	1340	1419
CREMA.FL82_03516-RA	100	206	350	411	567	705	814
CSINI.Csp5_scaffold_00041.g2233.t1	100	206	350	411	564	702	811
CSP21.g6650.t1	82	200	344	417	579	714	823	912	1071	1152	1275	1379	1458
CSP26.g15215.t1	100	206	350	411	564	702	811
CSP28.g12118.t1	100	203	347	408	564	702	811
CSP29.g3030.t1	50	194	255	411	549	658	1320
CSP31.g5299.t1	91	188	332	402	684	793	970	1041	1349	1428	1541	1653	1795	1980	2190	2400	2538	2680
CSP32.g14445.t1	100	200	344	405	808
CSP34.Sp34_40139600.t1	100	206	350	411	567	705	814	1021
CSP38.g1121.t1	76	167	311	393	525	772	1192	1328	1407
CSP39.g22703.t1	100	203	347	408	564	702	811	1479
CSP40.g2393.t1	100	206	350	411	564	702	811
CTROP.Csp11.Scaffold589.g5053.t1	100	206	350	411	564	702	811
CVIRI.g9842.t1	100	350	426	555	802	979	1254	1358	1437
DCORO.DCO_007545	43	83	290	365	434	579	741	879	985	1074	1233	1350	1443	1547	1626	1718
