CAFRA.g18459.t1	68	267	588	935	1065
CANGA.Cang_2012_03_13_00037.g2050.t1	
CBREN.CBN28221	321	668	798
CBRIG.CBG23168	68	267	588	935	1065
CCAST.g15843.t1	267	935
CDOUG.g15319.t1	68	267	588	935	1065
CELEG.T03F7.7b	68	267	588	935	1065
CJAPO.CJA17569	56	255	576	923	1053
CKAMA.g9837.t1	68	267	588	935	1065
CLATE.FL83_20652-RA	69	390
CMONO.g19769.t1	74	270	360	457	591	735	846	938	1068
CNOUR.g9613.t1	255	602	732
CPLIC.g14814.t1	282	469	603	950	1083
CREMA.FL82_09258-RA	68	267	555	839	969	1083
CSINI.Csp5_scaffold_00645.g13948.t1	68	267	588	935	1065
CSP21.g101.t1	68	264	354	451	585	726	834	926
CSP26.g22114.t1	68	267	588	935	1065
CSP28.g3635.t1	68	117	785	915
CSP29.g320.t1	68	267	588	935	1410
CSP31.g14381.t1	267	357	454	588	935	1065
CSP32.g14566.t1	68	267	588	935	1065
CSP34.Sp34_50319100.t1	68	267	588	935	1065
CSP38.g19889.t1	267
CSP39.g10644.t1	579
CSP40.g10097.t1	68	267	588	935	1065
CTROP.Csp11.Scaffold495.g2200.t1	68	267	588	935	1065
CVIRI.g5054.t1	74	366	597	852	944
DCORO.DCO_013185	56	176	252	342	439	573	828	920	1050
