CAFRA.g4129.t1	143	290	599	841	1551
CANGA.Cang_2012_03_13_00501.g11603.t1	169	477	675	768	1085
CBREN.CBN32384	143	290	508	596	838	1326	1443	1635	1884	1945
CBRIG.CBG02834	143	290	520	608	850	1341	1698
CCAST.g6244.t1	140	778	961	1269	1491	1581	1898
CDOUG.g2852.t1	143	290	514	602	844	1332	1449	1641
CELEG.C47D12.2	143	290	499	587	829	1317	1434	1626
CJAPO.CJA02091	141
CKAMA.g16517.t1	
CLATE.FL83_10450-RA	143	290	517	605	847	1335	1452	1644
CMONO.g1211.t1	143	290	469	575	701	817	997	1173	1314	1431	1536	1623	1703	1782	1940
CNOUR.g2746.t1	143	290	511	599	841	1329	1446	1551	1638
CPLIC.g3572.t1	143	290	548	674	790	1146	1278	1395	1500	1587	1746
CREMA.FL82_21693-RA	143	290	517	605	847	1335	1452	1644
CSINI.Csp5_scaffold_01165.g18917.t1	143	290	508	596	838	1326	1443	1635
CSP21.g5475.t1	143	290	448	542	668	784	964	1028	1140	1272	1389	1575	1655	1892
CSP26.g7371.t1	143	290	502	587	829	1317	1626
CSP28.g11888.t1	143	290	502	590	832	1437	1542	1620
CSP29.g1195.t1	143	290	511	599	841	1329	1446	1551	1638
CSP31.g27223.t1	140	287	469	560	686	802	982	1290	1512	1599	1916
CSP32.g17282.t1	143	290	596	838	1443	1548
CSP34.Sp34_20324600.t1	143	290	493	581	823	1311	1428	1620
CSP38.g2981.t1	140	281	787	967	1275	1497	1584	1901
CSP39.g1539.t1	143	290	508	596	838	1326	1443	1548	1635
CSP40.g22641.t1	143	290	514	602	844	1332	1449	1641
CTROP.Csp11.Scaffold629.g9740.t1	143	290	511	599	841	1329	1446	1638
CVIRI.g14760.t1	143	290	563	689	805	985	1296	1413	1518	1685	1922
DCORO.DCO_006251	146	290	445	542	668	784	967	1140	1392	1497	1593	1758	1916
