CAFRA.g5516.t1	133	288	527	723	883
CANGA.Cang_2012_03_13_00121.g4939.t1	94	599	684	844
CBREN.CBN22395	124	279	518	714	874
CBRIG.CBG04238	124	279	518	714	874
CCAST.g10969.t1	121	626	711	871
CDOUG.g18881.t1	124	279	518	714	874
CELEG.W01D2.5a.1	124	279	518	714	874
CJAPO.CJA10691	139	294	533	729	889
CKAMA.g4749.t1	133	288	527	723	883
CLATE.FL83_10949-RA	124	279	714	874
CMONO.g2463.t1	118	273	389	512	623	708	868
CNOUR.g7483.t1	127	282	521	877
CPLIC.g11181.t1	27	266	462	622
CREMA.FL82_06375-RA	124	279	714	874
CSINI.Csp5_scaffold_03141.g29202.t1	127	282	521	717	877
CSP21.g6222.t1	112	267	383	492	550	590	675	835
CSP26.g16826.t1	127	282	521	717	877
CSP28.g15243.t1	127	282	521	877
CSP29.g8117.t1	127	282	521	877
CSP31.g27347.t1	124	279	518	714	874
CSP32.g4946.t1	133	279	518	714	874
CSP34.Sp34_20159110.t1	124	279	518	714	874
CSP38.g21462.t1	121	515	626	871
CSP39.g4504.t1	127	282	521	706	892
CSP40.g23633.t1	121	276	515	711	871
CTROP.Csp11.Scaffold630.g18327.t1	124	279	714	874
CVIRI.g4105.t1	127	282	521	632	717
DCORO.DCO_014491	148	354	542	653	738	898	971
