CAFRA.g15243.t1	109	735	887	1132
CANGA.Cang_2012_03_13_00222.g7334.t1	168	404	645	732
CBREN.CBN09969	468	642	729	881
CBRIG.CBG23519	513	687	774	926
CCAST.g16755.t1	168	404	645	732	884
CDOUG.g2480.t1	468	642	729	881
CELEG.C13C12.2	103	468	642	729	881
CJAPO.CJA08287	109	483	663	750	902
CKAMA.g9360.t1	75	565	618	730	1095	1269	1356	1508
CLATE.FL83_19939-RA	103	468	642	729	881
CMONO.g3330.t1	325	436	498	628	734	802	957	1044	1196	1274	1415
CNOUR.g20732.t1	103	642	729	881
CPLIC.g14218.t1	103	630	717	869	1115
CREMA.FL82_11162-RA	103	468	642	729	881
CSINI.Csp5_scaffold_00287.g8723.t2	131	244	609	783	870	1022
CSP21.g4973.t1	115	177	307	413	480	578	654	741	893	992
CSP26.g12901.t1	103	468	642	729	881
CSP28.g6107.t1	103	642	729	881
CSP29.g19173.t1	103	642	729	881
CSP31.g9264.t1	103	295	401	468	729	881	1094
CSP32.g6139.t1	121	747	899
CSP34.Sp34_50173310.t1	113	163	167	187	552	726	813	965
CSP38.g2601.t1	353	802	918	1039	1337	1578	1665	1817	1904
CSP39.g24895.t1	103	648	735	887
CSP40.g18455.t1	103	468	642	729	881
CTROP.Csp11.Scaffold33.g139.t1	642	729	881
CVIRI.g11048.t1	106	298	404	474	648	735	887	1115
DCORO.DCO_006239	103	483	973	1035	1165	1271	1338	1419	1518	1605	1745	1838
