CAFRA.g8708.t1	82	191	432	579	1501
CANGA.Cang_2012_03_13_00527.g11880.t1	82	197	296	1669
CBREN.CBN22516	82	197	1504
CBRIG.CBG14201	82	197	1510
CCAST.g13500.t1	82	197	296	1675
CDOUG.g21492.t1	82	197	1504
CELEG.C04F6.3	82	197	1510
CJAPO.CJA06197	82	197	1513
CKAMA.g13988.t1	79	194	1495
CLATE.FL83_00841-RA	82	197	1504
CMONO.g12138.t1	79	182	281	423	567	692	816	895	999	1124	1197	1432	1582
CNOUR.g725.t1	79	197	585	1522
CPLIC.g8329.t1	73	167	266	408	555	1107	1260	1426
CREMA.FL82_00826-RA	82	197	1504
CSINI.Csp5_scaffold_00050.g2599.t2	71	154	269	986	1537
CSP21.g5543.t1	79	182	281	423	570	695	819	1002	1125	1281	1669	1771
CSP26.g2844.t1	82	197	1501
CSP28.g10451.t1	82	197	1501
CSP29.g3840.t1	82	200	588	1525
CSP31.g9009.t1	82	194	1287	1516
CSP32.g5073.t1	82	191	432	579	1498
CSP34.Sp34_X0271200.t1	79	194	1486
CSP38.g21526.t1	82	197	296	585	1744
CSP39.g21180.t1	82	194	1495
CSP40.g16271.t1	82	197	1507
CTROP.Csp11.Scaffold629.g16473.t1	82	197	1510
CVIRI.g13542.t1	79	200	299	441	1570	1741
DCORO.DCO_009377	23	165	312	437	561	744	864	1017	1118	1240	1351	1465
