CAFRA.g13154.t1	44	134	441	755	1578
CANGA.Cang_2012_03_13_00386.g10109.t1	
CBREN.CBN19791	50	140	447	761	1584
CBRIG.CBG15716	50	140	761	1332	1584
CCAST.g6578.t1	50	140	447	1086	1332	1584	1771	1874	2013	2139
CDOUG.g8533.t1	50	761	1584
CELEG.Y50D7A.7	50	140	761	1332	1584
CJAPO.CJA15078	299	870	1122
CKAMA.g2187.t1	50	140	447	761	1332	1584
CLATE.FL83_18650-RA	50	140	761	1332	1584
CMONO.g14401.t1	50	140	357	447	624	837	915	1020	1164	1269	1332	1484	1584	1716	1771	1920	2009	2096	2220	2336	2450	2517	2547	2662	2757	2842	2880	2979	3114	3262	3385	3591	3670	3843	3996	4125	4275	4425	4584	4684	4828	4995	5114	5127
CNOUR.g1691.t1	44	134	441	755	1326	1578
CPLIC.g8863.t1	50	761	1484	1584	1716
CREMA.FL82_11547-RA	50	140	447	761	1332	1584
CSINI.Csp5_scaffold_01937.g23967.t1	213	585	687	891	965	1055	1676	2247	2499
CSP21.g4259.t1	50	140	234	357	447	624	837	1020	1164	1269	1332	1484	1584
CSP26.g13017.t1	50	140	1332	1584	1717	1814	1944	2094	2174
CSP28.g7308.t1	57	494	915	1433	1839	1916	2006	2313	2627	3198	3450
CSP29.g669.t1	44	134	441	755	1304	1350	1602	1765	1888	1985	2091
CSP31.g2547.t1	50	140	447	624	761	1332	1584	1716
CSP32.g9685.t1	44	134	441	755	1578
CSP34.Sp34_30326100.t1	19	149	239	546	860	1431	1683
CSP38.g4407.t1	50	140	447	624	1086	1332	1584
CSP39.g8598.t2	50	140	218	525	839	1410	1662
CSP40.g10729.t1	50	140	1332	1584
CTROP.Csp11.Scaffold630.g16745.t1	50	140	761	1584
CVIRI.g6473.t1	140	447	624	761	1086	1332	1484
DCORO.DCO_007443	50	140	357	447	624	761	915	1020	1164	1269	1332	1484	1584	1716
