CAFRA.g776.t1	185
CANGA.Cang_2012_03_13_00187.g6544.t1	60
CBREN.CBN07983	167	321	453	827
CBRIG.CBG13601	176	330
CCAST.g4616.t1	37	483	756
CDOUG.g7045.t1	173	327	459	833
CELEG.W02A11.1	170	324	456	632	833
CJAPO.CJA02442	176	330	836
CKAMA.g1999.t1	56	202	256	421	531	710	864	996	1376
CLATE.FL83_13876-RA	167	321	453	827
CMONO.g11197.t1	55	215	369	501	693	774	911
CNOUR.g11510.t1	176
CPLIC.g14067.t1	34	345	477	750
CREMA.FL82_12608-RA	167	321	453	884
CSINI.Csp5_scaffold_00357.g10048.t1	173	327	459	833
CSP21.g6776.t1	55	215	439	501	693	774	914	1070
CSP26.g8196.t1	167	321	453	827
CSP28.g2623.t1	170	324	839
CSP29.g10660.t1	176
CSP31.g804.t1	197	483	884
CSP32.g4751.t1	167
CSP34.Sp34_10016600.t1	173	327	459	657	833
CSP38.g7833.t1	40	200	486	759
CSP39.g13364.t1	176	330	462	845
CSP40.g9212.t1	170	324	456	830
CTROP.Csp11.Scaffold574.g4419.t1	167	321	453
CVIRI.g1570.t1	197	675	848
DCORO.DCO_009437	47	193	247	412	518	601	761	915	1047	1150	1239	1320	1424
