CAFRA.g8757.t2	281	612	733	887	1304	1908	2155	2227
CANGA.Cang_2012_03_13_00116.g4806.t2	272	724	878	1069	1513	1818	1963	2065	2137
CBREN.CBN25489	263	431	715	869	1286	1890	2035	2137
CBRIG.CBG14673	266	763	917	1334	1938	2185	2257
CCAST.g11643.t1	275	727	881	1597	1902	2047	2149	2221
CDOUG.g509.t1	260	428	712	866	1283	1887	2032	2134	2206
CELEG.F35C8.7c.1	260	428	712	872	1289	1893	2038	2140	2212
CJAPO.CJA10775	266	597	718	872	1289	1893	2038	2140	2212
CKAMA.g3251.t1	263	431	594	715	869	1286	1890	2035	2137	2209
CLATE.FL83_00521-RA	263	431	715	869	1286	1890	2035	2137	2209
CMONO.g2554.t1	302	470	633	754	908	984	1105	1225	1325	1389	1501	1580	1709	1779	1924	2026	2098
CNOUR.g783.t1	275	440	603	724	878	1295	1899	2044	2146	2218
CPLIC.g10441.t1	269	343	519	600	721	875	1072	1192	1479	1697	1826	2041	2143	2215
CREMA.FL82_01191-RA	263	431	715	869	1286	1890	2035	2137	2209
CSINI.Csp5_scaffold_00012.g789.t1	263	431	715	869	1286	1890	2035	2137	2209
CSP21.g5695.t1	263	337	431	513	594	715	866	1063	1283	1347	1467	1685	1814	1884	2029	2131	2203
CSP26.g18222.t1	263	431	715	869	1286	1890	2035	2137	2209
CSP28.g10493.t1	275	443	606	727	881	1298	1902	2047	2149	2221
CSP29.g3893.t1	275	440	603	724	878	1295	1899	2044	2146	2218
CSP31.g9060.t1	269	437	519	721	875	1192	1292	1479	1896	2041	2143	2215
CSP32.g122.t1	281	612	733	887	1304	1908	2155	2227
CSP34.Sp34_X0240300.t1	260	428	712	866	1283	1887	2032	2134	2206
CSP38.g10888.t1	275	727	881	1597	1902	2047	2153	2221
CSP39.g21635.t2	272	440	603	724	878	1295	1899	2044	2146	2218
CSP40.g17667.t1	263	431	715	869	1286	1890	2035	2137	2209
CTROP.Csp11.Scaffold527.g3084.t1	266	434	718	878	1295	1899	2146	2218
CVIRI.g2141.t1	31	91	121	407	481	657	738	859	1013	1330	1430	1617	1964	2034	2179	2281	2353
DCORO.DCO_004639	512	586	680	762	846	967	1112	1191	1312	1432	1532	1596	1728	1840	1946	2075	2145	2290	2392
