CAFRA.g3109.t1	70	146	405	703	896	961	1294	1406	1758	1865	2479	2972	3238
CANGA.Cang_2012_03_13_00282.g8432.t1	61	152	278	532	669	898	1103	1168	1364	1429	1885	1997	2158	2456	2730	3253	3680
CBREN.CBN29774	64	140	399	466	611	657	1054	1166	1521	2317	2855
CBRIG.CBG22791	64	140	399	660	970	1166	1231	1621	1733	2198	2872	3368	3634
CCAST.g7996.t1	61	152	405	634	839	904	1240	1352	1513	1808	2082	2587	2787
CDOUG.g3566.t1	64	140	399	697	958	1315	1427	1782	1889	2569	3080	3346
CELEG.H03E18.1	61	137	396	709	905	970	1330	1442	1797	1904	2551	3056	3322
CJAPO.CJA10752	41	279	577	773	838	1156	1623	1730	2389	2882	3148
CKAMA.g6304.t1	64	140	399	676	872	937	1294	1406	1764	1871	2548	3026	3292
CLATE.FL83_02030-RA	64	140	339	628	824	889	1237	1278	1614	1721	2371	2882	3148
CMONO.g11484.t1	67	143	361	426	685	779	878	943	1029	1105	1155	1342	1498	1610	1771	1867	1929	2036	2119	2229	2589	2649	2720	2775	2817	3004
CNOUR.g11423.t1	128	387	643	842	1195	1307	1659	2413	3154
CPLIC.g11385.t1	58	134	358	589	785	850	921	996	1062	1285	1397	1770	1877	1960	2535	2811	2934	3053	3135	3319
CREMA.FL82_02195-RA	64	140	399	583	779	844	1195	1307	1662	1769	2319	2816	3082
CSINI.Csp5_scaffold_00097.g4187.t1	64	140	399	724	920	985	1119	1237	1349	1811	2485	2993	3259
CSP21.g7881.t2	52	128	243	340	399	550	604	698	797	862	945	994	1513	1625	1786	1879	2072	2155	2253	2485	2643	2838	2975	3051	3235
CSP26.g708.t1	64	140	399	706	902	967	1324	1436	1898	2563	3059	3325
CSP28.g10128.t1	134	393	673	869	934	1249	1361	1713	2452	3235
CSP29.g7655.t1	137	393	646	842	1198	1310	1662	2401	3184
CSP31.g19054.t2	70	146	396	634	830	895	966	1050	1267	1379	1540	1722	1829	2145	2539	2775	2883	3132	3316
CSP32.g16888.t1	64	140	399	673	869	934	1276	1388	1740	1847	2476	2969	3235
CSP34.Sp34_X0166000.t1	64	140	399	697	893	958	1318	1430	1785	1892	2713	3209	3475
CSP38.g16459.t1	55	146	402	640	839	904	1264	1376	1537	1832	2121	2668	3131
CSP39.g16274.t1	58	134	652	848	913	1228	1340	1692	2458	3259
CSP40.g2612.t1	55	131	390	697	893	958	1321	1433	1895	2548	3059	3325
CTROP.Csp11.Scaffold629.g11003.t1	64	140	399	658	854	919	1255	1367	1722	1829	2437	2888	3154
CVIRI.g184.t1	70	146	367	405	646	836	901	1342	1454	1615	1797	1904	2560	2874	3023	3102	3286
DCORO.DCO_003197	107	212	277	966	1210	1297	1477	1538	1932	2039	2217	2374	2458	2753	2940	3021	3134	3225	3319	3418
