CAFRA.g13416.t1	123	252
CANGA.Cang_2012_03_13_00211.g7097.t1	100	444	678	936
CBREN.CBN25478	252	351
CBRIG.CBG20020	252	351
CCAST.g2774.t1	258
CDOUG.g19833.t1	252	351
CELEG.C33A12.1	252	351
CJAPO.CJA04155	101	225	354	453
CKAMA.g16078.t1	252	339
CLATE.FL83_10047-RA	252	351
CMONO.g17231.t1	123	252	351
CNOUR.g6362.t1	123	252	351
CPLIC.g12106.t1	123	252	351
CREMA.FL82_23812-RA	252	351
CSINI.Csp5_scaffold_00668.g14223.t1	258	357
CSP21.g3653.t1	135	264	363
CSP26.g18385.t1	252	351
CSP28.g7603.t1	123	252
CSP29.g8754.t1	123	252	351
CSP31.g19008.t1	252	351
CSP32.g14694.t1	123	252
CSP34.Sp34_40342410.t1	252	351
CSP38.g851.t1	129	258
CSP39.g26742.t1	123	252	351
CSP40.g17715.t1	258	357
CTROP.Csp11.Scaffold629.g8215.t1	252	351
CVIRI.g1585.t1	123	252
DCORO.DCO_022541	132	261	360
