CAFRA.g11220.t1	106	2349
CANGA.Cang_2012_03_13_00010.g810.t1	358	727	1162	1376	1581
CBREN.CBN25042	73	124	579	1948	2162	2364
CBRIG.CBG03890	124	350	579	1952	2165	2388
CCAST.g16419.t1	109	199	651	1030	2017	2231	2436
CDOUG.g8058.t1	124	350	579	1948	2162
CELEG.Y39G10AR.14a.1	73	130	356	585	1954	2168
CJAPO.CJA00606	73	121	1431	1945
CKAMA.g5522.t1	375	664	1372	1586	1788
CLATE.FL83_18550-RA	107	255	361	439	930	2299	2513
CMONO.g8238.t1	52	133	251	353	432	579	715	845	958	1083	1184	1270	1380	1479	1638	1799	1945	2028	2159	2271	2364
CNOUR.g8873.t1	79	130	356	585	2168	2370
CPLIC.g2946.t1	88	398	624	760	890	1226	1312	1422	1680	1990	2073	2204	2409
CREMA.FL82_08113-RA	107	255	361	439	930	2299	2467
CSINI.Csp5_scaffold_00275.g8484.t1	119	264	382	460	740	969	2338	2552	2754
CSP21.g16141.t1	28	103	323	549	685	815	928	1154	1240	1350	1769	1921	2135	2247	2340
CSP26.g7248.t1	124	350	579	1948	2162	2364
CSP28.g696.t1	82	133	356	585	2168	2370
CSP29.g10356.t1	297	1095	1208	1339	1423	1474	1700	1929	3512	3714
CSP31.g14238.t1	106	196	1244	2222	2334	2427
CSP32.g8064.t1	106	2346
CSP34.Sp34_10221900.t1	79	130	356	585	2168	2370
CSP38.g18618.t1	109	187	1018	1244	1539	1698	2008	2222	2427
CSP39.g6732.t1	73	124	350	579	1136	1572	2300	2502
CSP40.g19761.t1	341	570	1939	2153	2355
CTROP.Csp11.Scaffold80.g502.t1	67	118	341	570	1939	2153	2355
CVIRI.g4557.t1	103	199	320	648	784	1253	1339	1548	2017	2231	2436
DCORO.DCO_004619	20	154	247	359	461	540	687	823	953	1066	1191	1488	1587	1746	1907	2053	2136	2267	2379	2472
