CAFRA.g16998.t1	157	262	460
CANGA.Cang_2012_03_13_00370.g9894.t1	157	262	460
CBREN.CBN07249	157	262	360	460
CBRIG.CBG17218	157	262	360	460
CCAST.g5611.t1	136	241	439
CDOUG.g6160.t1	157	262	360	460
CELEG.R07E3.7	136	241	339	439
CJAPO.CJA06727	157	262	360	460
CKAMA.g9268.t1	157	262	360	460
CLATE.FL83_01338-RA	169	274	372	472
CMONO.g7155.t1	30	187	283	381	484
CNOUR.g3012.t1	157	262	360	460
CPLIC.g13818.t1	157	259	357	460
CREMA.FL82_17336-RA	157	262	360	460
CSINI.Csp5_scaffold_00005.g340.t1	157	262	360	460
CSP21.g9588.t2	15	175	271	369	448
CSP26.g14594.t1	157	262	360	460
CSP28.g12782.t1	157	262	360	460
CSP29.g11972.t1	157	262	360	460
CSP31.g25164.t1	157	265	363	463
CSP32.g4011.t1	157	262	460
CSP34.Sp34_X0070800.t1	24	187	292	390	550
CSP38.g6032.t1	157	262	360	460
CSP39.g19581.t1	157	262	360	460
CSP40.g3519.t1	157	262	360	460
CTROP.Csp11.Scaffold629.g13729.t1	157	262	360	460
CVIRI.g1005.t1	157	259	357	457
DCORO.DCO_001946	277	372	535	805
