CAFRA.g5640.t1	25	212	739	1138	1205	1314	1550
CANGA.Cang_2012_03_13_00375.g9969.t2	74	205	273	604	934	1070	1182	1424
CBREN.CBN29203	89	288	616	1015	1082	1191	1427
CBRIG.CBG13087	39	224	423	751	1150	1217	1326	1562
CCAST.g13447.t1	74	205	273	604	934	1070	1182	1424
CDOUG.g843.t1	89	288	616	1015	1082	1191	1427
CELEG.C27H5.8	80	279	607	1006	1073	1182	1418
CJAPO.CJA13586	472	938	1047	1283
CKAMA.g1935.t1	149	348	676	1075	1142	1251	1487
CLATE.FL83_09497-RA	257	456	784	1183	1250	1359	1595
CMONO.g1029.t1	104	242	373	441	510	633	694	832	1024	1160	1269	1398	1508
CNOUR.g1144.t1	50	227	426	754	1153	1220	1329	1565
CPLIC.g7177.t1	89	168	220	288	616	946	1015	1197	1436
CREMA.FL82_12334-RA	86	285	613	1012	1079	1188	1424
CSINI.Csp5_scaffold_00758.g15180.t2	89	288	616	1015	1082	1191	1427
CSP21.g4762.t1	83	214	474	610	710	795	883	1019	1131	1285	1370
CSP26.g11475.t1	190	389	717	1116	1183	1292	1528
CSP28.g15733.t1	152	264	449	648	976	1375	1442	1551	1787
CSP29.g10048.t1	50	227	426	754	1153	1220	1329	1565
CSP31.g18117.t1	98	229	297	625	763	955	1024	1203	1309	1448
CSP32.g4273.t1	86	613	1012	1079	1188	1424
CSP34.Sp34_20261600.t1	89	288	616	1015	1082	1191	1427
CSP38.g4271.t1	80	211	279	610	940	1076	1188	1291	1430
CSP39.g25818.t1	92	619	1018	1085	1194	1430
CSP40.g8381.t1	89	288	616	1015	1082	1191	1427
CTROP.Csp11.Scaffold582.g4703.t1	144	472	871	938	981	1217
CVIRI.g13433.t1	152	283	351	679	817	1009	1078	1260	1502
DCORO.DCO_008107	109	245	376	513	636	772	910	1014	1102	1171	1238	1374	1506	1628
