CAFRA.g3723.t1	87	348	535	629
CANGA.Cang_2012_03_13_00018.g1139.t1	56
CBREN.CBN30867	141	589	828	1188
CBRIG.CBG00693	141	834	1160
CCAST.g3732.t1	399	1152
CDOUG.g24464.t1	141	631	846
CELEG.C26D10.3	141	589	831	1041	1176	1241
CJAPO.CJA07567a	221	451	658
CKAMA.g1871.t1	141	589	822	1032
CLATE.FL83_08697-RA	12	153	601	831	1179	1244
CMONO.g4787.t1	141	341	463	600	648	692
CNOUR.g16567.t1	60	321	508	747	957
CPLIC.g3135.t1	59	181	420	630
CREMA.FL82_06063-RA	141	589	819	1167	1232
CSINI.Csp5_scaffold_00124.g4981.t1	141	501	601	837
CSP21.g13671.t1	141	252	446	678	963	1095
CSP26.g4267.t1	141	601	897
CSP28.g1895.t1	141	402	837	1047	1182
CSP29.g6196.t1	141	402	589	822	1032	1198
CSP31.g16829.t1	141	255	390	455	577	717	816
CSP32.g2020.t1	141	402	589	1020	1155
CSP34.Sp34_20136500.t1	141	598	834	1044	1179
CSP38.g9283.t1	141	390	577	1005
CSP39.g1595.t1	107	368	794	1004	1139
CSP40.g19376.t1	141	604	882	1251
CTROP.Csp11.Scaffold630.g17446.t1	141
CVIRI.g5084.t1	141	390	455	577	795	1005
DCORO.DCO_010529	71	141	255	328	455	577	741	900	1029	1158	1223	1329
