CAFRA.g8079.t1	62	381	974	1106
CANGA.Cang_2012_03_13_00234.g7561.t1	393
CBREN.CBN17982	62	381	977
CBRIG.CBG06643	62	381	977	1109
CCAST.g18667.t1	393
CDOUG.g14088.t1	62	381	612	977	1109	1284	1545	1766	1866
CELEG.Y45G12B.3	62	381	974	1106
CJAPO.CJA12680	62	381	974	1106
CKAMA.g2806.t1	62	381	974
CLATE.FL83_15240-RA	62	381	977	1109
CMONO.g6268.t1	83	208	298	402	492	588	660	825	983	1115	1200
CNOUR.g9233.t1	62	974	1106
CPLIC.g1200.t1	68	387	657	980	1197
CREMA.FL82_13327-RA	62	381	977	1109
CSINI.Csp5_scaffold_02897.g28298.t1	62	381	977	1109
CSP21.g12373.t1	47	169	259	363	453	549	633	706	798	956	1088	1173
CSP26.g11631.t1	62	381	977	1109
CSP28.g3689.t1	62	974
CSP29.g265.t1	62	381	974	1106
CSP31.g10669.t1	74	289	393	483	986	1118
CSP32.g15103.t1	62	381	974	1106
CSP34.Sp34_50052200.t1	62	381	974	1106
CSP38.g20076.t1	74	393	828	1118
CSP39.g10094.t1	110	242
CSP40.g2707.t1	62	381	977
CTROP.Csp11.Scaffold629.g7667.t1	62	381	977	1109
CVIRI.g3857.t1	74	199	393	483	1203
DCORO.DCO_011449	83	208	298	402	492	588	672	745	837	995	1127	1212
