CAFRA.g14791.t1	162	352	499	777	1239	1464	2517	2719	2825	3141
CANGA.Cang_2012_03_13_00045.g2447.t1	312	780	1105	2314	2406	2644	2747	2979
CBREN.CBN02911	144	346	493	777	1239	1464	2119	2490	2686	2786	3111
CBRIG.CBG00418	150	1251	1476	2719	2819	3150
CCAST.g18126.t1	312	780	1105	1810	2311	2403	2647	2747	2982	3216
CDOUG.g15063.t1	79	139	237	410	567	760	907	1191	1653	1878	2865	3040	3140	3465
CELEG.Y116A8C.36d.1	150	735	1197	1422	2059	2430	2747
CJAPO.CJA14508	526	1026	1234	1325	1605
CKAMA.g11949.t1	150	340	484	768	1230	1455	2484	2674	2780	3087	3238	3469	3674	3852	4100	4521	4689
CLATE.FL83_19516-RA	150	1470	2668	2768
CMONO.g18823.t1	66	198	247	331	441	609	703	799	895	1029	1149	1254	1314	1452	1551	1705	1881	1944	2059	2157	2250	2326	2432	2512	2607	2709	2820
CNOUR.g16708.t1	150	481	765	1227	1452	2181	2400	2608	2708	3027
CPLIC.g13995.t1	153	285	400	765	1090	1344	1954	2311	2409	2717	2803	2907
CREMA.FL82_20669-RA	150	1200	1356	2560	2654
CSINI.Csp5_scaffold_00306.g9105.t1	150	334	466	750	1212	1437	2071	2632	2732	3057
CSP21.g3447.t1	79	237	381	415	460	612	744	865	955	1065	1233	1443	1558	1692	1812	1977	2115	2214	2305	2443	2616	2679	2982	3085	3185	3405	3498	3615
CSP26.g20384.t1	150	340	774	1236	1461	2086	2451	2641	2741	3072
CSP28.g16062.t1	76	136	234	387	706	1677	2682	2875	2975
CSP29.g2801.t1	150	346	475	759	1221	1362	2088	2310	2494	2594	2904
CSP31.g26876.t1	150	364	481	591	759	1084	1218	1443	2422	2520	2719	2819	3018	3120	3243
CSP32.g9317.t1	36	232	364	645	1107	1332	2328	2575	2678	2976
CSP34.Sp34_40218610.t1	150	499	783	1245	1470	2140	2508	2701	2801	3129
CSP38.g5269.t1	394	1129	1263	2323	2421	2671	2777	2991	3219
CSP39.g9373.t1	150	352	490	658	942	1629
CSP40.g11490.t1	150	352	502	786	1248	1473	2119	2478	2674	2774	3108	3216	3464	3885
CTROP.Csp11.Scaffold70.g429.t1	150	352	636	1098	1370	1873	2238	2437	2528	2850
CVIRI.g1907.t1	153	379	768	1093	1227	1452	2656	2786	2994	3096	3222
DCORO.DCO_003697	105	227	361	504	672	1029	1206	1398	1655	1992	2158	2256	2600	2901	3006
