CAFRA.g10011.t1	131	214	309	402	490
CANGA.Cang_2012_03_13_00120.g4919.t1	402	490
CBREN.CBN01943	131	214	402	490
CBRIG.CBG06140	131	214	402	490
CCAST.g13674.t1	402	490
CDOUG.g5941.t1	131	214	402	490
CELEG.M04B2.3	131	214	402	490
CJAPO.CJA03459	131	214	309	402	490
CKAMA.g11628.t1	131	402	490
CLATE.FL83_22869-RA	131	214	402	490
CMONO.g10444.t1	131	214	309	402	490	618
CNOUR.g14099.t2	131	214	309	408	496
CPLIC.g5571.t1	131	214	309	402	490	627
CREMA.FL82_03840-RA	131	214	402	490
CSINI.Csp5_scaffold_00164.g6041.t1	131	214	402	490
CSP21.g14728.t1	131	214	309	402	487	615
CSP26.g21903.t1	131	214	402	490
CSP28.g10833.t1	131	214	309	402	490
CSP29.g19886.t1	131	214	309	402	490
CSP31.g26749.t1	131	214	309	402	493	630
CSP32.g9880.t1	131	214	309	402	490
CSP34.Sp34_40327100.t1	131	214	402	490
CSP38.g15572.t1	402	490
CSP39.g18944.t1	92	175	270	363
CSP40.g735.t1	131	214	402	490
CTROP.Csp11.Scaffold507.g2464.t1	17	100	288	376
CVIRI.g12576.t1	131	214	309	402	490
DCORO.DCO_019405	134	217	312	405	493	627
