CAFRA.g4817.t1	63	278
CANGA.Cang_2012_03_13_00158.g5872.t1	153	278	286
CBREN.CBN11783	63	153	278	438
CBRIG.CBG17532	63	153	278	438
CCAST.g18455.t1	153	278
CDOUG.g2580.t1	63	153	278	438
CELEG.F59F3.6	63	153	278	438
CJAPO.CJA11429	63	153	278	438
CKAMA.g1359.t1	63	153	278	438
CLATE.FL83_01213-RA	63	153	278	438
CMONO.g16673.t1	63	153	278	438
CNOUR.g15583.t1	63	278	438
CPLIC.g8457.t1	63	153	278	438
CREMA.FL82_00434-RA	63	153	278	438
CSINI.Csp5_scaffold_00025.g1462.t1	63	153	278	438
CSP21.g4110.t1	63	153	278	438
CSP26.g12179.t1	63	153	278	438
CSP28.g13332.t1	178	309	436	591	748	1016	1117	1194	1255	1320	1483	2073	2164	2255	2340	2555	2715
CSP29.g11869.t1	63	278	438
CSP31.g10082.t1	153	278	438
CSP32.g1362.t1	63	278
CSP34.Sp34_X0080200.t1	63	153	278
CSP38.g20675.t1	153
CSP39.g19660.t1	63	278	438
CSP40.g12072.t1	63	153	278	438
CTROP.Csp11.Scaffold630.g21937.t1	63	278	438
CVIRI.g88.t2	63	153	278	438
DCORO.DCO_021417	3	87	177	302	462
