CAFRA.g4871.t2	163	365
CANGA.Cang_2012_03_13_00502.g11611.t1	169	279	377	501
CBREN.CBN01533	157	210	359	483
CBRIG.CBG04517	157	210	359	483
CCAST.g13148.t2	157	267	365	489
CDOUG.g1336.t1	157	210	359	483
CELEG.F13E6.1	157	210	359	483
CJAPO.CJA12390	28	193	395
CKAMA.g1404.t1	157	210	359	483
CLATE.FL83_01279-RA	25	184	237	386	510
CMONO.g3454.t1	166	228	279	377	501
CNOUR.g2960.t1	160	213	486
CPLIC.g734.t1	22	129	227	351
CREMA.FL82_17398-RB	25	184	237	386	510
CSINI.Csp5_scaffold_00063.g3030.t2	25	187	240	389	513
CSP21.g9249.t1	84	135	233	357
CSP26.g3114.t1	157	210	359	483
CSP28.g11569.t1	25	193	246	519
CSP29.g11925.t1	160	213	486
CSP31.g25008.t1	145	255	353	477
CSP32.g2073.t2	160	362
CSP34.Sp34_X0075210.t1	25	78	227	351
CSP38.g1828.t1	178	288	386	510
CSP39.g8509.t1	160	213	486
CSP40.g3862.t1	157	210	359	483
CTROP.Csp11.Scaffold629.g13788.t1	157	210	359	483
CVIRI.g11034.t1	184	243	392	516
DCORO.DCO_019301	22	241	318	467	591
