CAFRA.g13318.t1	187	404	470	530	671	834	973
CANGA.Cang_2012_03_13_00190.g6631.t1	30	221	525	664
CBREN.CBN09571	154	368	434	494	635	798	937
CBRIG.CBG01718	154	368	494	635	798	937
CCAST.g2028.t1	420	554	858	997
CDOUG.g8140.t1	142	356	422	482	623	786	925
CELEG.F29B9.8.1	151	365	431	491	632	795	934
CJAPO.CJA16002	151	362	428	488	629	792	931
CKAMA.g4389.t1	151	365	431	491	632	795	934	1073	1151	1235	1349
CLATE.FL83_16069-RA	25	239	305	365	506	669	808	921	990	1113	1204	1358	1413	1479	1625
CMONO.g2595.t1	175	386	452	512	653	726	816	876	955	1162
CNOUR.g19940.t1	163	377	443	644	807	946
CPLIC.g1168.t1	163	383	467	527	668	822
CREMA.FL82_03461-RA	145	359	425	485	626	789	928	1041	1110	1233	1324	1478	1533	1599	1745
CSINI.Csp5_scaffold_00085.g3797.t1	151	365	431	491	632	795	934
CSP21.g7535.t1	160	371	431	491	662	735	843	982
CSP26.g13750.t1	154	368	434	494	635	798	937
CSP28.g12184.t1	154	368	434	798	937
CSP29.g3097.t1	163	377	443	644	807	946
CSP31.g21578.t1	139	353	419	479	620	783	922
CSP32.g14506.t1	178	392	458	518	659	822	961
CSP34.Sp34_40126400.t1	151	365	431	491	623	786	925
CSP38.g17896.t1	491	705	795	934
CSP39.g3098.t1	46	260	326	527	690	829
CSP40.g12815.t1	154	368	434	494	635	798	937
CTROP.Csp11.Scaffold589.g4978.t1	148	362	428	488	629	792	931
CVIRI.g771.t1	371	497	711	801	940
DCORO.DCO_013751	133	230	341	467	608	681	774	913
