CAFRA.g7262.t1	466	624	726
CANGA.Cang_2012_03_13_00628.g12949.t1	
CBREN.CBN06208	339	409	567	669
CBRIG.CBG20882	330	400	558	660
CCAST.g5744.t1	376	642
CDOUG.g23936.t1	333	403	561	663
CELEG.R03C1.3a	312	382	642
CJAPO.CJA08090	384	457	615	717
CKAMA.g7682.t1	312	382	540	642
CLATE.FL83_09811-RA	330	400	558	660
CMONO.g3829.t1	72	179	254	396	466	624	726
CNOUR.g246.t1	394	549	651
CPLIC.g4534.t1	236	393	469	651	753
CREMA.FL82_14510-RA	330	400	558	660
CSINI.Csp5_scaffold_05312.g34768.t1	351	418	576	678
CSP21.g1269.t1	72	248	396	457	615	717
CSP26.g8455.t1	333	400	558	660
CSP28.g4609.t1	436	597	699
CSP29.g5107.t1	394	549	651
CSP31.g27171.t1	360	433	693
CSP32.g3652.t1	381	460	618	720
CSP34.Sp34_20058300.t1	333	403	561	663
CSP38.g9377.t1	439	597	699
CSP39.g3793.t1	390	469	630	732
CSP40.g5703.t1	342	409	567	669
CTROP.Csp11.Scaffold629.g16395.t1	339	409	567	669
CVIRI.g6370.t1	430	591	693
DCORO.DCO_018155	63	155	218	333	409	576	678
