CAFRA.g1621.t1	124	281	528	639	1052	1228	1338
CANGA.Cang_2012_03_13_00364.g9794.t1	104	351	456	869
CBREN.CBN29706	149	246	396	507	920	1099
CBRIG.CBG09628	124	281	378	528	1094	1273	1380
CCAST.g11093.t1	124	281	528	633	1046	1225
CDOUG.g3213.t1	3	127	284	381	531	642	1055	1234	1344
CELEG.C35A5.7	112	269	366	516	627	1040	1219	1329
CJAPO.CJA10453	110	207	357	468	881	1057	1167
CKAMA.g6364.t1	3	127	284	381	531	645	1058	1237	1347
CLATE.FL83_11774-RA	124	281	378	528	639	1052	1231	1341
CMONO.g3804.t1	112	269	366	516	684	807	948	1094	1188	1291	1392
CNOUR.g22591.t1	124	281	378	528	639	1052	1228	1338
CPLIC.g13966.t1	115	233	480	711	855	1001	1183
CREMA.FL82_09127-RA	124	281	378	528	639	1052	1231	1341
CSINI.Csp5_scaffold_01710.g22663.t1	149	246	396	507	920	1099	1209
CSP21.g12057.t1	124	281	378	534	639	762	906	1052	1146	1255	1350
CSP26.g290.t1	124	281	378	528	639	1052	1231	1341
CSP28.g5701.t1	124	281	378	528	639	1052	1228	1338
CSP29.g10791.t1	124	281	378	528	639	1052	1228	1338
CSP31.g3917.t1	124	281	378	528	636	759	903	1049	1225
CSP32.g470.t1	124	281	528	639	1052	1228	1338
CSP34.Sp34_50293300.t1	32	168	292	449	546	696	807	1220	1399	1509
CSP38.g2755.t2	124	281	528	630	1043	1222
CSP39.g8686.t1	124	281	378	528	639	1052	1228	1338
CSP40.g1479.t2	3	127	284	381	531	642	1055	1234	1344
CTROP.Csp11.Scaffold629.g15505.t1	124	281	393	504	917	1096	1206
CVIRI.g10687.t2	124	281	528	642	765	909	1055	1240	1350
DCORO.DCO_009919	127	284	381	531	639	762	906	1017	1143	1249	1344
