CAFRA.g12591.t1	219	279	384	555	656
CANGA.Cang_2012_03_13_00187.g6553.t1	219	854
CBREN.CBN05396	216	381	552	653
CBRIG.CBG14711	219	384	555	947	1159
CCAST.g18076.t1	219	854
CDOUG.g11982.t1	219	384	555	656
CELEG.T21F4.1a	219	384	555	656	939	1156
CJAPO.CJA05486a	5	225	285	390	561	662
CKAMA.g3279.t1	219	384	555	656
CLATE.FL83_00483-RA	219	320	644	894	1047	1230	1399	1495	1793
CMONO.g13316.t1	7	62	123	213	355	520	691	792	990
CNOUR.g13193.t1	219	279	384	555
CPLIC.g12196.t1	71	219	279	384	555	656	854
CREMA.FL82_01231-RA	219	384	485	809	875	1185	1338	1577	1804	1900
CSINI.Csp5_scaffold_02247.g25608.t1	87	281	501	666	837	938
CSP21.g15462.t1	71	219	555	656	854
CSP26.g750.t1	216	381	552	653
CSP28.g10518.t1	219	384	555	656
CSP29.g3920.t1	279	384	555	980	1507
CSP31.g9093.t1	279	384	555	656	854
CSP32.g154.t1	219	384	555	656
CSP34.Sp34_X0236800.t1	219	384	555	656
CSP38.g16497.t1	219	854
CSP39.g13812.t1	219	384	555	656
CSP40.g17637.t1	216	381	552	653
CTROP.Csp11.Scaffold626.g6599.t1	219	384	555	656
CVIRI.g14304.t1	219	279	384	555	656	854
DCORO.DCO_015429	71	213	378	549	650	848
