CAFRA.g7637.t1	456	531	656	795	883	971
CANGA.Cang_2012_03_13_00035.g2002.t1	360	435	863	1044
CBREN.CBN25428	456	531	656	795	883	971
CBRIG.CBG15996	435	510	635	774	862	950
CCAST.g10654.t1	360	435	857
CDOUG.g3460.t1	456	531	656	795	883	971
CELEG.F31B9.1	453	528	653	789	877	965
CJAPO.CJA25924	
CKAMA.g10194.t1	444	519	644	783	959
CLATE.FL83_02178-RA	483	558	683	822	910	998
CMONO.g669.t1	381	456	581	711	799	887	1052
CNOUR.g17956.t1	438	513	638	777	865	953
CPLIC.g13240.t1	402	477	602	738	826	914
CREMA.FL82_15342-RA	474	549	674	813	901	989
CSINI.Csp5_scaffold_00031.g1745.t1	456	531	656	795	883	971
CSP21.g4098.t1	339	414	539	669	757	845
CSP26.g9433.t1	435	510	635	862	950
CSP28.g5175.t1	441	516	641	780	956
CSP29.g14025.t1	438	513	644	783	871	959
CSP31.g23161.t1	444	519	644	783	871	959
CSP32.g8900.t1	456	531	656	795	883	971
CSP34.Sp34_X0038210.t1	328	360	435	560	699	787	875
CSP38.g15549.t1	357	432	851
CSP39.g14317.t1	447	522	647	786	874	962
CSP40.g4712.t1	456	531	656	795	883	971
CTROP.Csp11.Scaffold629.g13501.t1	405	480	605	744	832	920
CVIRI.g1351.t1	432	507	632	771	859	947
DCORO.DCO_013423	79	259	345	420	563	711	869	971
