CAFRA.g13366.t1	177	311	426
CANGA.Cang_2012_03_13_00535.g11953.t1	14	78	228
CBREN.CBN03603	59	174
CBRIG.CBG02361	185	330	614	729
CCAST.g8740.t1	53	90	240	489
CDOUG.g17566.t1	70	168	452	567
CELEG.C54A12.4.1	59	174
CJAPO.CJA11189	49	117	401	516
CKAMA.g4878.t1	47	138	422	537
CLATE.FL83_06023-RA	45	149	210	494	609
CMONO.g3733.t1	24	75	225	359	474
CNOUR.g15274.t1	177	311	426
CPLIC.g3269.t1	9	45	329	444
CREMA.FL82_11919-RA	84	368	483
CSINI.Csp5_scaffold_06235.g36262.t1	67	141	425	540
CSP21.g2950.t1	177	277	436	672	801	928	1024	1129	1199	1335	1435	1482	1710	1865	1944	2024	2142	2275	2385	2460	2502	2609	2800	2889	2970	3101	3213	3462
CSP26.g11802.t1	75	165	449	564
CSP28.g14560.t1	27	177	311	426
CSP29.g12740.t1	50	126	276	410	525
CSP31.g11655.t1	259
CSP32.g1099.t1	137	606	721
CSP34.Sp34_20099300.t1	58	162	446	561
CSP38.g17974.t1	40	105	255	389	504
CSP39.g4694.t1	67	153	303	437	552
CSP40.g7193.t1	43	135	419	534
CTROP.Csp11.Scaffold629.g11480.t1	86	180	464	579
CVIRI.g10953.t1	16	69	353	468
DCORO.DCO_023647	59	174
