CAFRA.g17055.t1	78	149	234	326	482
CANGA.Cang_2012_03_13_01646.g16619.t2	99	191	347
CBREN.CBN25077	51	122	210	302	458
CBRIG.CBG16801	78	143	228	320	476
CCAST.g15078.t1	78	152	240	332	488
CDOUG.g9.t1	78	149	243	335	491
CELEG.R03G5.6a	51	128	213	305	464
CJAPO.CJA12869b	121	256	318	389	471	563	719
CKAMA.g991.t1	78	149
CLATE.FL83_00085-RA	78	152	237	329	485
CMONO.g14229.t1	54	162	254	407
CNOUR.g15225.t1	78	149	234	326	482
CPLIC.g14081.t1	51	122	189	281	437
CREMA.FL82_01381-RA	78	152	237	329	485
CSINI.Csp5_scaffold_00958.g17093.t1	51	122	213	305	461
CSP21.g12009.t1	45	150	242	374
CSP26.g21731.t1	78	149	240	332	488
CSP28.g14703.t1	78	155	243	335	491
CSP29.g12070.t1	78	149	234	326	482
CSP31.g21368.t1	72	149	237	329	485
CSP32.g4065.t1	78	149	234	326	482
CSP34.Sp34_X0211500.t1	78	149	237	329	485
CSP38.g13220.t1	51	122	204	296	452
CSP39.g20500.t1	78	158	243	335	488
CSP40.g8270.t1	78	149	240	332	488
CTROP.Csp11.Scaffold629.g12386.t1	107	195	287	443
CVIRI.g802.t1	78	146	216	308	464
DCORO.DCO_023823	24	116	266
