CAFRA.g16796.t1	173	411	535	947	1177	1653	1985	3501
CANGA.Cang_2012_03_13_00040.g2203.t2	93	186	342	595	835	945	1069	1595	1628	1702	1834	2180	2642	2769	4032
CBREN.CBN28443	176	414	538	950	1180	1656	1793	1988	2694	3543
CBRIG.CBG06891	179	417	541	953	1183	1659	1796	1991	2697	3528
CCAST.g19236.t1	173	298	408	944	1174	1520	1982	2535	3426
CDOUG.g15581.t1	173	411	532	944	1174	1650	1787	1982	2688	3534
CELEG.F54F2.1	173	411	535	947	1177	1653	1790	1985	2697	3534
CJAPO.CJA03472b	405	529	941	1171	1647	1784	1979	3534
CKAMA.g11561.t1	155	393	517	892	1368	1505	1700	2403	3234
CLATE.FL83_07507-RA	173	411	535	1177	1653	1790	1985	2691	3522
CMONO.g20137.t1	194	322	432	556	645	769	858	974	1101	1204	1396	1550	1680	1817	1944	2012	2166	2262	2345	2454	2538	2611	2715	3148	3456	3582
CNOUR.g22514.t1	173	411	535	1177	1653	1790	1985	3495
CPLIC.g2594.t1	200	328	438	562	769	858	974	1204	1550	1680	1944	2012	2541	2718	3073	3147	3381	3507
CREMA.FL82_20422-RA	173	328	409	1051	1527	1664	1859	2574	3405
CSINI.Csp5_scaffold_00078.g3560.t2	62	300	424	836	1066	1542	1679	1874	2559	3399
CSP21.g12929.t1	152	280	357	481	570	899	1026	1120	1466	1526	1785	1853	2007	2556	2817	3309
CSP26.g7832.t1	214	690	827	1022	1728	2559
CSP28.g12672.t1	62	300	424	836	1066	1542	1679	1874	3384
CSP29.g2677.t1	173	411	535	1177	1653	1790	1985	3495
CSP31.g2930.t1	155	393	517	600	929	1159	1351	1635	1772	1967	2517	2694	3102	3531
CSP32.g1178.t1	173	411	535	947	1177	1653	1985	3501
CSP34.Sp34_30277100.t1	173	411	535	947	1177	1653	1790	1985	2700	3522
CSP38.g4044.t1	170	295	405	529	941	1171	1520	1650	1982	2535	3324
CSP39.g9250.t1	137	375	417	506	736	1212	1349	1544	3057
CSP40.g6795.t1	176	414	538	950	1180	1656	1793	1988	2694	3537
CTROP.Csp11.Scaffold630.g19594.t1	164	402	526	938	1168	1644	1781	1976	2673	3474
CVIRI.g3284.t1	179	307	541	748	953	1183	1529	1659	1991	2599	2703	3501
DCORO.DCO_003045	121	173	301	411	535	748	1080	1183	1526	1656	2327	2520	2697	2961	3187	3363	3458	3621
