CAFRA.g7532.t1	159	241	548	799	888	1104	1211	1317	1626	1748	1925	2141	2323	2576	2715	2882	3035
CANGA.Cang_2012_03_13_00071.g3388.t1	172	476	730	915	1038	1148	1548	1670	2507	2646	2813	2955
CBREN.CBN22233	171	253	560	811	900	1116	1223	1326	1446	1635	1757	2147	2329	2582	2721	2888	3030
CBRIG.CBG10839	174	608	990	1206	1313	1416	1545	1734	2249	2431	2684	2823	2984	3137
CCAST.g15893.t1	91	404	658	843	963	1073	1479	1601	2438	2577	2744	2886
CDOUG.g1272.t1	171	253	362	560	811	900	1116	1223	1326	1635	1757	2150	2329	2582	2721	2888	3030
CELEG.T14E8.1a	174	256	365	569	820	909	1125	1232	1335	1455	1644	1766	2159	2341	2594	2733	2900	3053
CJAPO.CJA06978	180	262	371	569	820	1125	1232	1338	1458	1647	2165	2347	2600	2739	2903	3056
CKAMA.g3501.t1	171	253	362	560	811	900	1116	1223	1326	1446	1635	1757	2150	2332	2585	2724	2891	3044
CLATE.FL83_00332-RA	171	253	560	645	861	968	1071	1191	1380	1502	1895	2077	2330	2469	2636	2756
CMONO.g1117.t3	141	223	332	524	698	772	852	948	1059	1166	1269	1389	1450	1578	1700	1862	1950	2066	2137	2248	2388	2498	2637	2801	2957
CNOUR.g3865.t1	147	229	338	536	716	787	1092	1199	1305	1620	1742	1922	2138	2320	2573	2712	2879	3021
CPLIC.g12408.t1	162	244	353	545	725	796	909	1005	1116	1226	1329	1519	1647	1769	1946	2147	2332	2585	2718	2873	3009
CREMA.FL82_01656-RA	171	253	560	811	900	1116	1223	1326	1446	1635	1757	2150	2332	2585	2724	2891	3044
CSINI.Csp5_scaffold_01949.g24018.t1	171	253	560	817	906	1122	1229	1332	1452	1641	1763	2159	2341	2594	2733	2900	3053
CSP21.g13368.t2	84	166	269	344	467	644	804	897	1002	1106	1332	1393	1518	1640	1727	1796	1890	2009	2188	2337	2447	2589	2747	2897
CSP26.g6790.t1	171	253	560	808	897	1113	1220	1323	1443	1754	2147	2329	2582	2721	2888	3041
CSP28.g12405.t1	147	229	338	536	716	787	876	1092	1199	1614	1736	1916	2314	2567	2706	2873	2993
CSP29.g4057.t1	168	250	359	557	737	808	1113	1220	1326	1635	1757	1937	2153	2335	2588	2727	2894	3014
CSP31.g26493.t1	120	311	506	686	757	846	942	1062	1169	1275	1456	1578	1700	1880	1968	2284	2537	2676	2840	2993
CSP32.g287.t1	159	241	548	799	888	1104	1211	1317	1626	1748	1925	2141	2323	2576	2715	2882	3024
CSP34.Sp34_X0190600.t1	171	253	362	560	811	900	1116	1223	1326	1446	1635	1757	2150	2332	2585	2724	2891	3033
CSP38.g19012.t1	87	169	473	724	909	1029	1136	1227	1539	1661	1920	2236	2489	2625	2795	2948
CSP39.g29017.t1	168	250	359	557	737	808	897	1113	1220	1326	1446	1635	1757	1937	2156	2338	2591	2730	2897	3050
CSP40.g15700.t1	171	253	560	817	906	1122	1229	1332	1452	1763	2338	2591	2730	2897	3039
CTROP.Csp11.Scaffold626.g6406.t1	171	253	362	811	900	1116	1223	1326	1446	1635	1757	2156	2338	2591	2730	2897	3039
CVIRI.g15777.t2	123	205	314	530	781	870	966	1086	1193	1293	1413	1602	1724	1904	1992	2120	2302	2555	2694	2858	3011
DCORO.DCO_003655	135	229	338	542	722	793	963	1077	1284	1407	1593	1715	1898	1986	2065	2138	2206	2317	2457	2567	2619	2712	2873	3015
