CAFRA.g1569.t1	202	321	433	897
CANGA.Cang_2012_03_13_00029.g1729.t1	199	310	639	783	918
CBREN.CBN29140	8	486
CBRIG.CBG09678	202	666
CCAST.g7406.t1	199	318	430	759	894
CDOUG.g3252.t1	202	321	433	897
CELEG.C05A2.1	202	321	433	897
CJAPO.CJA05722a	202	321	433	897
CKAMA.g10850.t1	202	321	744
CLATE.FL83_11819-RA	202	321	433	897
CMONO.g5872.t1	69	196	315	427	481	633	738
CNOUR.g4299.t1	202	321	433	897
CPLIC.g11499.t1	199	318	430	759
CREMA.FL82_22989-RA	202	321	433	897
CSINI.Csp5_scaffold_00391.g10630.t1	202	321	433	897
CSP21.g10322.t1	199	318	759	894
CSP26.g13963.t1	202	321	433	897
CSP28.g14305.t1	202	321	433	897
CSP29.g17136.t1	202	321	433	897
CSP31.g1085.t1	199	318	430	759	894
CSP32.g9542.t1	202	321	433	897
CSP34.Sp34_50298500.t1	205	324	436	900
CSP38.g1675.t1	199	318	430	759	894	975	1018	1063
CSP39.g24359.t1	202	321	433	897
CSP40.g1524.t1	202	321	433	897
CTROP.Csp11.Scaffold629.g15546.t1	202	321	433	897
CVIRI.g14571.t1	199	318	430	759	894
DCORO.DCO_014107	52	253	372	484	570	661	813	948
