CAFRA.g8239.t1	313	422	480	846
CANGA.Cang_2012_03_13_01381.g16340.t1	206	328	437
CBREN.CBN05277	203	325
CBRIG.CBG20748	170	292	401
CCAST.g13043.t1	197	319	428
CDOUG.g5629.t1	197	319	428
CELEG.W02B8.5	194	316	425
CJAPO.CJA17658	149	271
CKAMA.g8126.t1	152	274	383
CLATE.FL83_06888-RA	203	325	434
CMONO.g4713.t1	43	119	241	350	431
CNOUR.g19695.t1	152	274	383
CPLIC.g13184.t1	55	134	256	365	446
CREMA.FL82_05664-RA	203	325	434
CSINI.Csp5_scaffold_00101.g4301.t2	191	313	422
CSP21.g12919.t1	43	125	247	356	437
CSP26.g11606.t1	149	271	380
CSP28.g15989.t1	170	292	401
CSP29.g18622.t1	155	277	386
CSP31.g14875.t1	155	277	386
CSP32.g1875.t1	316	425
CSP34.Sp34_20068400.t1	188	310	419
CSP38.g4224.t1	158	389
CSP39.g16175.t1	161	283	392
CSP40.g5557.t1	191	313	422
CTROP.Csp11.Scaffold630.g19480.t2	206	328	437
CVIRI.g1495.t1	55	262	371
DCORO.DCO_021205	64	262	371	464
