CAFRA.g8196.t1	54	162	297	2795	4319
CANGA.Cang_2012_03_13_00386.g10113.t1	9	111	379	707	945	1454	2369	3860
CBREN.CBN19173	51	303	591	989	1108	1744	1886	2801	3393	3582	4328
CBRIG.CBG02299	303	543	831	1229	1348	1984	2126	3032	3624	3813	4559
CCAST.g9146.t1	111	456	1314	1823	2738	4229
CDOUG.g15474.t1	54	162	294	582	1099	1735	1877	2792	3384	3573	4319
CELEG.F59A6.1a	54	297	585	980	1099	1877	2792	3573	4319
CJAPO.CJA14063b	99	231	363	651	1052	2031	2545	2855	3444	3633	4248	4397
CKAMA.g5874.t1	51	159	291	579	977	1096	1874	1965	2789	3381	4313
CLATE.FL83_05975-RA	81	321	609	1007	1126	1762	1904	2816	3408	3597	4346
CMONO.g17915.t6	36	138	267	391	480	564	689	848	965	1072	1258	1341	1491	1608	1726	1868	1959	2186	2327	2473	2601	2702	2783	2857	3092	3191	3396	3588	3747	3852	3920	4217	4358
CNOUR.g9034.t2	63	171	303	591	992	1111	1980	2804	3396	3585	4328
CPLIC.g14547.t1	12	99	228	352	441	1355	1428	1787	2105	2392	2520	3255	4148
CREMA.FL82_11873-RA	81	222	510	908	1027	1663	1805	2717	3309	3498	4247
CSINI.Csp5_scaffold_00737.g14973.t1	51	291	579	977	1732	1874	2786	3378	3567	4313
CSP21.g9956.t1	27	168	297	421	510	579	854	971	1078	1151	1264	1497	1714	1856	1947	2177
CSP26.g11856.t1	51	291	579	977	1732	1874	2786	3378	4313
CSP28.g6901.t1	45	177	465	808	910	1546	1688	1779	2603	3879	4112
CSP29.g5483.t1	60	168	300	588	989	1108	1744	1944	2768	3363	3552	4292
CSP31.g17921.t2	81	183	887	1380	1889	1980	2723	2804	4169	4310
CSP32.g7391.t2	48	156	294	585	2792	4316
CSP34.Sp34_20089400.t1	54	294	582	980	1099	1735	1877	2792	3384	3573	4316
CSP38.g8517.t1	114	216	348	561	1150	1419	1496	1786	1928	2387	2843	3230	3435	4334
CSP39.g814.t2	45	177	465	540	792	1799	1890	2714	3357	3420	4169
CSP40.g5142.t2	51	291	579	977	1732	1874	2786	3378	4313
CTROP.Csp11.Scaffold599.g5354.t1	51	159	291	579	1732	1874	2789	3381
CVIRI.g6217.t1	60	162	507	863	1087	1160	1356	1433	1506	1865	1956	2183	2324	2780	3363	4151	4292
DCORO.DCO_002779	117	249	462	537	659	818	935	1042	1115	1228	1388	1572	1669	1811	1931	2126	2267	2413	2642	2729	2800	2963	3065	3258	3444	3603	3773	3846	3946	4109
