CAFRA.g3062.t1	135	219	342	443	554	635	776
CANGA.Cang_2012_03_13_00279.g8384.t1	129	213	437	524	746
CBREN.CBN22610	138	222	345	446	557	638	779
CBRIG.CBG09263	138	222	345	446	557	638
CCAST.g19110.t1	129	213	437	548	770
CDOUG.g9229.t1	138	222	345	446	557	638	779
CELEG.F29G9.6a	40	231	315	438	539	650	731	872
CJAPO.CJA04264a	138	222	345	446	557	638	784
CKAMA.g6505.t1	126	210	333	434	545	626	767
CLATE.FL83_17153-RA	135	219	342	443	554	635	776	854
CMONO.g760.t1	132	216	339	440	551	632	773
CNOUR.g4374.t1	132	216	339	440	551	632	773
CPLIC.g12710.t1	86	167
CREMA.FL82_22336-RA	135	219	342	443	554	635	776
CSINI.Csp5_scaffold_00796.g15550.t1	138	222	345	446	557	638	779
CSP21.g7445.t1	129	213	336	437	548	629	770
CSP26.g4958.t1	138	222	345	446	557	638	779
CSP28.g6642.t1	132	216	339	440	551	632	773
CSP29.g17279.t1	132	216	339	440	551	632	773
CSP31.g1134.t1	135	219	342	443	554	635	776
CSP32.g17270.t1	135	219	342	443	554	635	776
CSP34.Sp34_50205600.t1	138	222	345	446	557	638	779
CSP38.g15232.t1	135	219	443	635	776
CSP39.g2919.t1	132	216	339	440	551	632	773
CSP40.g24538.t1	138	222	345	446	557	638	779	857	1793	2006
CTROP.Csp11.Scaffold491.g2072.t1	138	222	345	446	557	638	779
CVIRI.g12622.t1	129	213	336	437	548	629	770
DCORO.DCO_017069	132	219	342	446	557	638	782
