CAFRA.g18389.t2	96	198	340	417	774	975	1115	1219	1297	1464	1697
CANGA.Cang_2012_03_13_00408.g10444.t1	96	198	325	417	774	853	931
CBREN.CBN10458	96	198	432	796	990	1347	1542	1682	1786	1864	2031
CBRIG.CBG18768	279	507	870	1065	1205	1309	1387	1554
CCAST.g4440.t2	255	376	465	822	1261	1339	1549
CDOUG.g16163.t3	96	198	465	598	783	1140	1335	1475	1579	1657	1824
CELEG.Y37A1B.2b	276	498	855	1196	1300	1378	1545
CJAPO.CJA11325a	36	132	237	303	729	924	1064	1168	1246	1413
CKAMA.g5808.t1	111	235	396	753	948	1088	1192	1270	1437
CLATE.FL83_20549-RA	96	187	348	456	810	1005	1145	1249	1327	1494
CMONO.g3714.t1	84	217	303	477	735	854	945	1095	1290	1430	1534	1612	1779	1908
CNOUR.g21748.t1	96	198	349	429	783	978	1118	1222	1300	1467
CPLIC.g4803.t1	36	54	170	402	737	841	919	1215
CREMA.FL82_21589-RA	111	241	441	795	990	1130	1234	1312	1470
CSINI.Csp5_scaffold_01992.g24259.t2	120	253	468	681	795	996	1136	1240	1318	1485
CSP21.g10467.t1	267	380	471	612	807	947	1051	1129
CSP26.g7845.t1	321	588	945	1140	1280	1384	1462	1629
CSP28.g7713.t1	96	198	346	429	786	981	1121	1225	1303	1461
CSP29.g2775.t1	84	186	334	414	768	963	1103	1207	1285	1443
CSP31.g3845.t1	96	201	373	459	587	678	819	1014	1154	1258	1336	1503
CSP32.g17083.t2	96	198	343	417	774	975	1115	1219	1297	1464
CSP34.Sp34_40274100.t1	96	198	417	771	966	1106	1210	1288	1455
CSP38.g20161.t1	75	202	324	678	1013	1117	1195	1362
CSP39.g9385.t1	96	198	346	429	783	978	1118	1222	1300	1467
CSP40.g9816.t1	408	609	749	853	931	1098
CTROP.Csp11.Scaffold629.g14232.t1	73	228	582	923	1027	1105	1272
CVIRI.g14168.t1	140	244	322	618
DCORO.DCO_025831	42	135	349	426	630	1005	1245	1449	1581	1721	1903	2070	2199
