CAFRA.g7218.t1	74	168	222	458	783
CANGA.Cang_2012_03_13_00441.g10902.t1	168	331	552	643	682	783
CBREN.CBN02799	74	168	222	458
CBRIG.CBG24192	197	491	703	788	882	936	1172
CCAST.g9487.t1	168	331	552	682	783
CDOUG.g16080.t1	74	168	222	458
CELEG.Y6D11A.2	74	168	222	458
CJAPO.CJA38046a	296	621
CKAMA.g2206.t1	74	168	222	458	783
CLATE.FL83_19046-RA	197	299	381	435	671
CMONO.g1381.t1	74	171	225	331	399	458	552	679	780	878
CNOUR.g3819.t1	74	168	222	783
CPLIC.g9663.t1	74	162	325	393	452	546	676	875
CREMA.FL82_11644-RA	197	491	563	665	759	813	1049
CSINI.Csp5_scaffold_01136.g18675.t1	74	168	222	458
CSP21.g12853.t1	74	168	222	331	399	458	552	682	783
CSP26.g4687.t1	74	168	222	458
CSP28.g7263.t1	74	222	458	783
CSP29.g698.t1	74	168	222	783
CSP31.g10735.t1	74	168	331	458	682	783
CSP32.g961.t1	200	703	782	876	930	1166	1491
CSP34.Sp34_30331600.t1	74	168	222	458
CSP38.g15377.t1	74	168	331	458	682	783
CSP39.g5175.t1	74	222	458
CSP40.g6834.t1	74	168	222	458
CTROP.Csp11.Scaffold630.g16660.t1	74	168	222	458
CVIRI.g16457.t1	74	168	222	331	399	552	682	783
DCORO.DCO_016719	74	328	455	679
