CAFRA.g13592.t1	51	153	273	360	462	1094
CANGA.Cang_2012_03_13_00098.g4279.t1	72	192	663	1013	1127
CBREN.CBN06633	45	132	339	1073
CBRIG.CBG09067	45	150	357	1091
CCAST.g13080.t1	72	192	663	1013	1127
CDOUG.g21779.t1	51	156	363	1097
CELEG.F01F1.4	51	153	360	1094
CJAPO.CJA24317	169	488	750	1032	1382
CKAMA.g4528.t1	51	147	267	354	456	738	1088
CLATE.FL83_19834-RA	51	159	366	1100
CMONO.g12780.t1	51	126	228	323	426	519	684	767	881
CNOUR.g2663.t1	51	156	276	363	465	747	1097
CPLIC.g12025.t1	54	144	264	632	735	837	1002	1085	1199
CREMA.FL82_16845-RA	51	159	366	1100
CSINI.Csp5_scaffold_02420.g26409.t1	51	156	363	1097
CSP21.g14514.t1	48	123	243	330	611	714	816	981	1064	1178
CSP26.g5031.t1	51	150	357	1091
CSP28.g4985.t1	51	165	285	372	474	756	1106
CSP29.g2413.t1	51	156	276	363	465	747	1097
CSP31.g20230.t1	54	159	279	366	468	647	750	852	1017	1100
CSP32.g13392.t1	51	153	273	360	462	1094
CSP34.Sp34_30141600.t1	3	46	71	126	231	438	1172
CSP38.g3165.t1	72	192	663	765	1013	1127
CSP39.g3572.t1	51	168	375	477	759	1109
CSP40.g21824.t1	51	150	357	1091
CTROP.Csp11.Scaffold546.g3470.t1	54	159	366	1100
CVIRI.g2096.t1	57	153	273	641	744	1011	1094	1208
DCORO.DCO_011321	47	144	252	372	468	561	740	843	945	1044	1110	1193	1307
