CAFRA.g19736.t1	114	193	518	653	763	882
CANGA.Cang_2012_03_13_00224.g7355.t1	123	206
CBREN.CBN02189	114	193	274	518	653	763
CBRIG.CBG01446	120	199	280	524	662	772
CCAST.g10057.t1	668
CDOUG.g28288.t1	79	160	404	640
CELEG.Y45G5AM.6	120	199	280	524	653	763	882
CJAPO.CJA16246	218	347
CKAMA.g3984.t1	79	160	404	533	643	762
CLATE.FL83_02611-RA	126	205	286	530	659	769
CMONO.g11624.t1	161	312	391	472	584	707	863	970	1086
CNOUR.g17283.t1	114	274	518	659	769	888
CPLIC.g7492.t1	114	193	274	524	650	760	876
CREMA.FL82_19420-RA	123	202	283	527	671	781
CSINI.Csp5_scaffold_04777.g33711.t1	117	196	277	659	769
CSP21.g14831.t1	51	130	211	446	590	694	810
CSP26.g11765.t1	120	199	280	524	662	772
CSP28.g5523.t1	79	160	304	423
CSP29.g2234.t1	111	271	515	656	766	889
CSP31.g23635.t1	69	148	473	724	843
CSP32.g13849.t1	117	196	521	662	772	891
CSP34.Sp34_50028800.t1	135	214	295	539	674	903
CSP38.g4630.t1	117	196	855
CSP39.g5207.t1	199	278	347	594	735	845	964
CSP40.g16962.t1	117	196	277	521	659	769
CTROP.Csp11.Scaffold629.g12816.t2	79	160	395	524	634
CVIRI.g10083.t1	176	299	440	550	669
DCORO.DCO_012745	85	258	337	418	533	656	821	919	1035
