CAFRA.g2201.t2	102	187	322
CANGA.Cang_2012_03_13_00268.g8182.t1	93	178	298	518
CBREN.CBN22119	102	193	337
CBRIG.CBG00023	73	202
CCAST.g17261.t2	93	178	298
CDOUG.g11994.t2	102	190	328
CELEG.C08C3.1b	102	190	328
CJAPO.CJA11875	102	187	325
CKAMA.g17265.t1	41
CLATE.FL83_08020-RA	102	190	337
CMONO.g8501.t1	120	205	334	665	781	865	1052
CNOUR.g14261.t1	102	187	319
CPLIC.g8573.t1	102	187	307
CREMA.FL82_18685-RA	102	190	337
CSINI.Csp5_scaffold_02333.g26017.t1	79	205
CSP21.g2454.t1	81	169	286	456
CSP26.g12227.t2	108	199	337
CSP28.g976.t1	102	187	307
CSP29.g1849.t1	102	187	307
CSP31.g18795.t1	123	205	343
CSP32.g9117.t1	102	187	319
CSP34.Sp34_30041300.t1	102	187	307
CSP38.g11040.t1	93	178	298
CSP39.g3934.t1	73	205
CSP40.g3113.t2	108	193	331
CTROP.Csp11.Scaffold609.g5822.t2	108	196	322
CVIRI.g162.t1	102	187	310
DCORO.DCO_017147	183	268	409	557
