CAFRA.g15664.t1	73
CANGA.Cang_2012_03_13_00584.g12494.t1	73	200	390	567	666	789
CBREN.CBN05335	73	789
CBRIG.CBG04116	73	789
CCAST.g16448.t1	73	200	390	567	666	789
CDOUG.g323.t1	73	789
CELEG.Y71F9B.2a	73	789
CJAPO.CJA00115a	73	834
CKAMA.g2274.t1	73	666
CLATE.FL83_13889-RA	73	789
CMONO.g4191.t1	206	396	573	675	798
CNOUR.g8240.t1	73	789
CPLIC.g11724.t1	29	88	215	345	582	681	804
CREMA.FL82_12619-RB	16	732
CSINI.Csp5_scaffold_01894.g23745.t1	73	789
CSP21.g2855.t1	200	390	567	666	789
CSP26.g17657.t1	73	789
CSP28.g5105.t1	73	789
CSP29.g16520.t1	73	789
CSP31.g8340.t1	73	200	330	390	567	789
CSP32.g11858.t1	73	789
CSP34.Sp34_10140600.t1	73	789
CSP38.g21304.t1	73	200	390	567	666	789
CSP39.g5242.t1	73	789
CSP40.g23494.t1	73	789
CTROP.Csp11.Scaffold627.g6849.t1	73	789
CVIRI.g1793.t1	82	209	399	576	798
DCORO.DCO_015395	117	233	330	423	508	600	699	822	865
