CAFRA.g10689.t1	81	177	432	540	1035
CANGA.Cang_2012_03_13_00170.g6143.t1	78	174	357	516	624	1322
CBREN.CBN12477	81	177	318	540	1035	1238
CBRIG.CBG14055	81	177	432	540	1035	1238
CCAST.g15826.t1	78	174	429	537	1235
CDOUG.g4569.t1	81	177	318	432	540	1035	1238
CELEG.T14F9.1.1	81	177	318	432	540	1035	1238
CJAPO.CJA15204	81	177	315	429	537	1235
CKAMA.g1171.t1	81	177	318	432	540	1035	1238
CLATE.FL83_00950-RA	81	177	432	540	1035	1238	1398	1488	1983	2186
CMONO.g6689.t1	75	171	312	426	534	599	795	951	1029	1130	1232
CNOUR.g6136.t1	81	177	318	432	540	1238
CPLIC.g9967.t1	78	174	315	429	537	602	1133	1235
CREMA.FL82_00708-RA	81	177	432	540	1035	1238	1398	1488	1983	2186
CSINI.Csp5_scaffold_00202.g6941.t1	81	177	432	540	1035	1238
CSP21.g7648.t1	81	177	318	432	540	801	957	1136	1238
CSP26.g20368.t1	81	177	432	540	1035	1238
CSP28.g9702.t1	81	177	318	432	540	1238
CSP29.g11662.t1	81	177	318	432	540	1238
CSP31.g21970.t1	81	177	318	432	540	1035	1238
CSP32.g16676.t1	81	177	432	540	1035
CSP34.Sp34_X0104800.t1	81	177	318	432	540	655	990	1193
CSP38.g17426.t1	249	414	525	613	705	801	1164	1760
CSP39.g19147.t1	81	177	318	432	540	1238
CSP40.g18862.t1	81	177	432	540	1035	1238
CTROP.Csp11.Scaffold576.g4472.t1	81	177	318	540	1035	1238
CVIRI.g12209.t1	81	177	318	432	540	1035	1238
DCORO.DCO_010493	81	177	318	432	540	605	801	957	1035	1136	1238	1341
