CAFRA.g9372.t1	93	197	744
CANGA.Cang_2012_03_13_00680.g13389.t1	197
CBREN.CBN10117	93	197	744
CBRIG.CBG14576	93	197	744
CCAST.g8447.t1	197
CDOUG.g12401.t1	93	197	744
CELEG.M03F4.7a	93	197	744
CJAPO.CJA03800	93	197	744
CKAMA.g3181.t1	93	197	744
CLATE.FL83_00588-RA	93	197	744
CMONO.g5980.t1	93	197	232	365	555	738	828
CNOUR.g17576.t1	93	197	744
CPLIC.g6035.t1	96	200	374	747
CREMA.FL82_01120-RA	93	197	744
CSINI.Csp5_scaffold_00018.g1135.t1	93	197	744
CSP21.g14483.t1	93	197	371	561	834
CSP26.g6990.t1	93	197	744
CSP28.g9789.t1	93	197	744
CSP29.g11564.t1	93	197	744
CSP31.g1823.t1	197	371	744
CSP32.g8371.t1	93	197	744
CSP34.Sp34_X0248000.t1	93	197	744
CSP38.g17405.t1	203	377	750
CSP39.g23354.t1	93	197	744
CSP40.g12383.t1	93	197	744
CTROP.Csp11.Scaffold409.g994.t1	93	197	744
CVIRI.g8971.t1	93	197	371	744
DCORO.DCO_016209	90	194	281	558	741
