CAFRA.g6709.t1	52	314	957
CANGA.Cang_2012_03_13_00991.g15263.t1	91	140	311	432	662	1120
CBREN.CBN31061	7	140	293	644	936
CBRIG.CBG18465	52	173	332	683	975
CCAST.g12266.t1	91	140	299	650	1108
CDOUG.g16584.t1	52	176	329	680	972
CELEG.D2096.4a	91	209	365	716	1008
CJAPO.CJA18219	91	191	344	695	987
CKAMA.g4305.t1	52	167	320	671	966	1351	1606	1676	1839	2254	3071	3315	3471	3574	3814
CLATE.FL83_11698-RA	91	212	368	719	1011
CMONO.g10836.t1	79	203	353	474	589	704	762	876	996	1162	1266
CNOUR.g12018.t1	52	167	320	671	963
CPLIC.g5849.t1	52	143	287	408	523	638	930	1096
CREMA.FL82_03234-RA	91	212	368	719	1011
CSINI.Csp5_scaffold_00017.g1073.t1	91	212	371	722	1014
CSP21.g11039.t1	106	191	314	550	665	957	1123	1260
CSP26.g1323.t1	91	218	377	728	1020
CSP28.g9180.t1	91	206	359	710	1002
CSP29.g3558.t1	52	167	320	671	963
CSP31.g7970.t1	52	167	308	544	659	831	951	1117	1221
CSP32.g9043.t1	94	356	999
CSP34.Sp34_40065300.t1	91	209	362	713	1005
CSP38.g18551.t1	91	167	339	619	650	797	918	1148	1320	1606
CSP39.g1746.t1	91	206	359	710	1002
CSP40.g2939.t1	91	200	353	704	996
CTROP.Csp11.Scaffold630.g17250.t1	100	227	383	734	1026
CVIRI.g18178.t1	17	309	475	579
DCORO.DCO_011183	37	157	236	344	465	580	695	867	987	1150	1254
