CAFRA.g4471.t1	111	255	320	435
CANGA.Cang_2012_03_13_00783.g14113.t1	102	311	426	567	678
CBREN.CBN08542	111	255	320	435	954
CBRIG.CBG16731	111	255	320	435	954
CCAST.g11981.t1	102	311	426	537
CDOUG.g231.t1	111	255	320	435	954
CELEG.F08C6.6	111	255	320	435	954
CJAPO.CJA16313	114	323	438	957
CKAMA.g3447.t1	24	102	213	279	414	597	890	1002	1146	1211	1326	1845
CLATE.FL83_00144-RA	111	285	350	465	984
CMONO.g10935.t1	171	386	501	612	687	863	1020
CNOUR.g4728.t1	111	320	435	954
CPLIC.g5373.t1	102	314	791	948
CREMA.FL82_01432-RA	111	255	320	435	954
CSINI.Csp5_scaffold_00054.g2731.t1	111	255	320	435	954
CSP21.g8078.t1	78	287	513	764	921
CSP26.g14218.t1	111	255	320	435	954
CSP28.g3336.t1	24	105	207	279	414	597	863	975	1119	1184	1299	1818
CSP29.g4195.t1	111	320	435	954
CSP31.g20543.t1	120	264	329	444	630
CSP32.g1712.t1	111	255	320	435
CSP34.Sp34_X0207900.t1	111	255	320	435	954
CSP38.g6098.t1	114	323	438	549	624	957
CSP39.g7639.t1	108	252	317	432	951
CSP40.g20820.t1	111	255	320	435	954
CTROP.Csp11.Scaffold629.g12433.t1	111	255	320	435	954
CVIRI.g11591.t1	123	332	558	809
DCORO.DCO_005561	84	189	338	519	705	881	1002	1157	1356	1459	1686	1821	1959	2112
