CAFRA.g18229.t1	93	182	296	373	540	876	1099
CANGA.Cang_2012_03_13_00002.g243.t1	8	268	617	752	1135
CBREN.CBN10993	179	293	370	930	1153
CBRIG.CBG14781	176	290	367	534	870	1093
CCAST.g14749.t1	66	155	269	346	695	1081
CDOUG.g7932.t1	179	293	370	537	873	1096
CELEG.C46F4.1a.1	179	293	370	537	873	1096
CJAPO.CJA00771	9	111	200	314	391	558	894	1117
CKAMA.g3559.t1	96	185	299	376	543	879	1102
CLATE.FL83_00441-RA	179	293	370	537	873	1096
CMONO.g15603.t1	99	188	302	379
CNOUR.g13240.t1	93	182	296	373	540	876	1099
CPLIC.g11102.t1	87	176	290	367	534	716	986	1102
CREMA.FL82_01790-RA	179	293	370	537	873
CSINI.Csp5_scaffold_00679.g14331.t1	176	290	367	534	870	1093
CSP21.g9998.t1	99	188	302	379	452	546	728	879	995	1099
CSP26.g9231.t1	57	146	260	337	504	840	1063
CSP28.g10562.t1	93	182	296	373	540	876	1099
CSP29.g3961.t1	93	182	296	373	540	876	1099
CSP31.g16051.t1	105	194	308	385	734	888	1004	1111
CSP32.g195.t1	96	185	299	376	543	879	1102
CSP34.Sp34_X0232500.t1	108	197	311	388	555	891	1114
CSP38.g10399.t1	66	155	269	346	513	695	852	1078
CSP39.g7217.t1	152	266	343	510	846	1069
CSP40.g14000.t1	57	146	260	337	504	840	1063
CTROP.Csp11.Scaffold626.g6553.t1	179	293	370	537	873	1096	1249
CVIRI.g4156.t1	108	197	311	388	555	891	1007	1114	1183	1327	1486
DCORO.DCO_010187	147	236	350	427	594	675	776	939	1055	1216
