CAFRA.g702.t1	141	266	499	650	750	898	984	1110	1483	1827	2054
CANGA.Cang_2012_03_13_00017.g1116.t1	73	224	1544
CBREN.CBN20311	76	227	327	561	1193
CBRIG.CBG12724	76	227	327	475	687	1060	1196
CCAST.g12629.t1	73	224	1544
CDOUG.g7487.t1	76	227	327	475	561	687	1060	1196	1303	1404
CELEG.T10B11.2	76	227	327	475	561	687	1057	1193	1300	1401
CJAPO.CJA16199	100	248	460
CKAMA.g12387.t1	76	227	327	475	561	687	1060	1196	1303	1593	1826	1912	2024	2397	2548
CLATE.FL83_13471-RA	76	227	327	475	561	687	1060	1196	1303	1404
CMONO.g7826.t1	52	185	285	433	519	645	718	862	1015	1061	1195	1296	1439
CNOUR.g22277.t1	70	221	321	555	681	1054	1190	1297	1398
CPLIC.g2132.t1	64	218	318	466	552	678	898	1051	1187	1294	1395	1538
CREMA.FL82_12385-RA	76	227	327	430	516	642	1015	1151	1258	1359	1548	1623	1821	2451	2517
CSINI.Csp5_scaffold_01138.g18688.t1	76	227	327	475	1196	1404
CSP21.g904.t1	73	212	312	460	546	745	889	1042	1175	1288	1389
CSP26.g1502.t1	76	227	327	475	1196	1404
CSP28.g17066.t1	70	221	321	555	681	1054	1297
CSP29.g8535.t1	70	221	321	555	681	1054	1190	1297	1398
CSP31.g3410.t1	19	106	257	357	505	591	717	1226	1434	1577
CSP32.g6938.t1	82	233	333	481	567	693	1066	1202	1309	1410
CSP34.Sp34_10337500.t1	76	227	327	475	561	687	1060	1196	1303	1404	1488	1732
CSP38.g7891.t1	70	221	555	1054	1190	1541
CSP39.g19712.t1	70	221	321	555	681	1054	1190	1297	1398
CSP40.g4842.t1	76	227	327	475	1196	1404
CTROP.Csp11.Scaffold555.g3745.t1	76	227	327	475	561	687	1060	1196	1303	1404
CVIRI.g14746.t1	88	239	339	487	573	1072	1208	1559
DCORO.DCO_008015	121	266	369	514	600	769	946	1099	1244	1318	1458
