CAFRA.g10619.t1	474	833
CANGA.Cang_2012_03_13_00555.g12185.t1	111	136	296
CBREN.CBN02245	114	280	477	616	836
CBRIG.CBG02518	114	280	477	616	836
CCAST.g9165.t1	111	474	613	773
CDOUG.g26347.t1	114	477	616	836
CELEG.ZK1248.16.1	114	280	477	616	836
CJAPO.CJA05399	88	285	644
CKAMA.g583.t1	114	280	477	836
CLATE.FL83_04421-RA	114	280	477	616	836
CMONO.g18038.t1	116	522	611	688	828	885	1077	1184	1244
CNOUR.g6101.t1	111	277	474	833
CPLIC.g14030.t1	117	480	619	839
CREMA.FL82_12047-RA	114	280	477	616	836
CSINI.Csp5_scaffold_00105.g4415.t1	114	280	477	628	848
CSP21.g9223.t1	108	274	378	570	677	737
CSP26.g5520.t1	114	280	477	616	836
CSP28.g15346.t1	110	261	332	498	936	1496	1608	1971	2330
CSP29.g1142.t1	110	261	335	492	770	930	1326	1478	1590	1756	1953	2312
CSP31.g22110.t1	80	192	358	555	914
CSP32.g12992.t1	111	474	833
CSP34.Sp34_20117700.t1	114	280	477	616	836
CSP38.g8499.t1	111	474	613	773
CSP39.g14196.t1	111	277	474	833
CSP40.g7042.t1	114	280	477	616	836
CTROP.Csp11.Scaffold630.g19426.t1	114	280	477	616	836
CVIRI.g4513.t1	111	277	417	474	613	833
DCORO.DCO_016099	111	200	277	429	486	625	915
