CAFRA.g1625.t1	151	312	381	1074
CANGA.Cang_2012_03_13_00193.g6689.t1	60	129	432	650	864	1018
CBREN.CBN04820	148	309	378	639	1068
CBRIG.CBG09633	151	312	639	1068
CCAST.g1458.t1	3	67	234	303	570	788	1002	1156
CDOUG.g3218.t1	151	312	381	642	1071
CELEG.F25D1.1a	148	309	378	639	706	1068
CJAPO.CJA11423	54	315	747
CKAMA.g6369.t1	151	312	381	642	709	1074
CLATE.FL83_11781-RA	154	315	645	1074
CMONO.g3799.t1	166	318	387	525	648	715	777	866	966	1092	1234	1371
CNOUR.g22586.t1	154	315	645	712	1077
CPLIC.g4358.t1	154	315	384	522	645	709	860	1074	1228	1368
CREMA.FL82_09131-RA	154	315	384	645	1074	1412	1648	1791	1940	2192
CSINI.Csp5_scaffold_06412.g36499.t1	151	312	381	642	1065
CSP21.g636.t1	46	147	181	309	378	516	642	709	771	860	960	1074	1228	1380
CSP26.g294.t1	151	312	381	642	1071	1406	1990	2133	2282	2534
CSP28.g5696.t1	154	315	384	645	1077
CSP29.g18729.t1	60	390	457	822
CSP31.g19758.t1	154	315	384	522	645	712	863	1077	1231	1380
CSP32.g475.t1	151	312	381	1071
CSP34.Sp34_50294010.t1	148	303	372	633	700	1062
CSP38.g9816.t1	41	163	318	387	648	715	866	1080	1234
CSP39.g8691.t1	154	315	384	645	712	1077
CSP40.g1484.t1	151	312	381	642	1071
CTROP.Csp11.Scaffold629.g15531.t1	151	312	381	642	1071
CVIRI.g4029.t1	167	374	494	712	926	1080	1229
DCORO.DCO_009683	159	267	331	399	468	606	729	796	947	1047	1173	1315	1419
