CAFRA.g18649.t1	106	351	470
CANGA.Cang_2012_03_13_00203.g6920.t1	106	215	351	470	539
CBREN.CBN04910	106	351	470
CBRIG.CBG07733	106	351	470
CCAST.g3239.t1	106	215	351	470	539
CDOUG.g12764.t1	106	351	470
CELEG.K09A9.2.1	106	351	470
CJAPO.CJA09928	106	351	470
CKAMA.g9627.t1	106	351	470
CLATE.FL83_01806-RA	106	351	470
CMONO.g13536.t1	106	215	351	470	539
CNOUR.g4484.t1	106	351	470
CPLIC.g3496.t1	106	215	351	470	539
CREMA.FL82_02388-RA	106	351	470
CSINI.Csp5_scaffold_00240.g7749.t2	106	351	470
CSP21.g6520.t1	106	215	351	470	539
CSP26.g17217.t1	106	351	470
CSP28.g11708.t1	106	351	470
CSP29.g865.t1	106	351	470
CSP31.g13757.t1	106	215	351	470	539
CSP32.g12563.t1	106	351	470
CSP34.Sp34_X0131200.t1	106	162	303	422
CSP38.g10825.t1	106	215	351	470	539
CSP39.g9071.t1	106	351	470
CSP40.g8899.t1	106	351	470
CTROP.Csp11.Scaffold629.g11157.t1	106	351	470
CVIRI.g722.t1	106	215	351	470	539
DCORO.DCO_020101	52	136	267	351	565
