CAFRA.g5483.t1	63	141	426	567	1242	1338	1602	1689	2790
CANGA.Cang_2012_03_13_00018.g1177.t1	63	348	1018	2329
CBREN.CBN18383	63	348	1155	1251	1608	1846	2709
CBRIG.CBG19221	63	141	426	1233	1329	1686	1924	2787
CCAST.g15096.t1	63	141	426	1096	2407
CDOUG.g23140.t1	63	141	426	1233	1329	1599	1686	1924	2787
CELEG.C24B5.3	63	141	426	1233	1329	1599	1686	1924	2796
CJAPO.CJA04557	270	357	1458
CKAMA.g3637.t1	63	141	426	1233	1329	1605	1692	1930	2793
CLATE.FL83_21369-RA	63	141	426	1233	1596	1626	1666	2700
CMONO.g7232.t1	279	357	420	505	642	783	930	1003	1090	1207	1312	1449	1545	1645	1845	1935	2089	2173	2288	2385	2547	2742	2789	2853	3012
CNOUR.g4146.t1	63	141	426	567	1233	1329	1599	1924	2787
CPLIC.g1463.t1	63	141	426	874	1096	1233	1429	1602	1689	1843	1912	2487	2616
CREMA.FL82_23990-RA	63	141	426	1086	1305	1335	1375	2427
CSINI.Csp5_scaffold_03036.g28856.t1	63	141	426	1233	1329	1686	1798	2661
CSP21.g60.t1	63	141	289	405	766	1075	1212	1720	1804	1919	2178	2314	2373	2502	2658
CSP26.g17259.t1	63	141	426	1230	1326	1683	1921	2784
CSP28.g5838.t1	63	141	426	567	1233	1329	1602	1927	2790
CSP29.g18863.t1	63	141	426	567	1233	1329	1599	1924	2787
CSP31.g26162.t1	63	141	426	567	1096	1233	1329	1692	1930	2045	2793
CSP32.g18127.t1	63	141	426	567	1242	1338	1602	1689	1927	2790
CSP34.Sp34_50240100.t1	63	141	426	1233	1329	1596	1686	1924	2787
CSP38.g4101.t1	63	141	426	1096	2395	2745
CSP39.g10796.t1	63	141	426	567	1233	1329	1924	2787
CSP40.g372.t1	63	141	426	1233	1329	1686	1924	2787
CTROP.Csp11.Scaffold509.g2525.t2	63	141	426	1233	1329	1599	1686	1924	2787
CVIRI.g2089.t1	63	141	426	787	1093	1230	2033	2622
DCORO.DCO_004037	66	207	292	357	429	570	725	784	871	988	1093	1230	1326	1426	1620	1710	1864	1948	2063	2160	2322	2458	2646	2808
