CAFRA.g14297.t1	103	263	481	624
CANGA.Cang_2012_03_13_00885.g14744.t1	175	467
CBREN.CBN29953	130	290	508	651	800
CBRIG.CBG21934	106	266	484	627	776
CCAST.g6285.t1	91	469	761
CDOUG.g12984.t1	115	275	493	636	785
CELEG.M05B5.4	115	275	493	636	785
CJAPO.CJA08925	121	281	499	642
CKAMA.g18561.t1	118	278	496	639	788
CLATE.FL83_10368-RA	115	202	345	476
CMONO.g9738.t1	196	356	574	717	957	1065	1124	1236
CNOUR.g8440.t1	151	311	529	672	1079
CPLIC.g110.t1	85	463	606	755	846	954	1119
CREMA.FL82_08397-RA	67	210	359	433	753
CSINI.Csp5_scaffold_01872.g23632.t2	115	275	493	636	785
CSP21.g11827.t1	91	251	360	469	543	612	761	852	960	1019	1131
CSP26.g1737.t1	52	212	430	573	722
CSP28.g2814.t1	115	275	493	636	785
CSP29.g17446.t1	10	105	217	472	1045	1295	1543	1703	1921	2064	2471
CSP31.g94.t1	112	490	633	1152
CSP32.g15445.t1	103	263	481	624
CSP34.Sp34_10084810.t1	14	175	274	434	652	795	944
CSP38.g5656.t1	100	478	770
CSP39.g18359.t1	115	275	493	636	785
CSP40.g19195.t1	121	281	499	642	791
CTROP.Csp11.Scaffold629.g9969.t1	106	266	484	627	776
CVIRI.g8930.t1	181	473	731
DCORO.DCO_012273	112	272	490	633	782	981	1040	1155
