CAFRA.g19273.t1	162	237	336	489	776
CANGA.Cang_2012_03_13_00070.g3361.t1	492	779	894
CBREN.CBN16523	339	779	894
CBRIG.CBG23755	339	779
CCAST.g1151.t1	492	779	894
CDOUG.g3669.t1	240	339	779	894
CELEG.R11A8.5	237	336	489	776	891
CJAPO.CJA17930	162	237	336	486	773
CKAMA.g18494.t1	247	519	628	903
CLATE.FL83_22993-RA	237	336	776	891
CMONO.g18636.t1	144	219	318	471	545	657	758	873	972
CNOUR.g22762.t1	162	237	336	489	776	891
CPLIC.g430.t1	162	209	455	668	783
CREMA.FL82_03092-RA	237	336	716	831	975	1104	1389	2286	2377
CSINI.Csp5_scaffold_00358.g10058.t1	336	776
CSP21.g692.t1	132	228	360	467	624	798	951	1025	1238	1350
CSP26.g18106.t1	336	776
CSP28.g12562.t1	162	237	489	776	891
CSP29.g3380.t1	162	237	336	489	776	891
CSP31.g17067.t1	168	243	342	495	569	782	897
CSP32.g10530.t1	162	237	336	489	776
CSP34.Sp34_40086400.t1	237	336	489	776	891
CSP38.g15176.t1	492	779	894	1041	1152	1278	1453	2006	2208	2403
CSP39.g9512.t1	162	237	489	740	855
CSP40.g15087.t1	336	776
CTROP.Csp11.Scaffold630.g17781.t1	237	336	776	891
CVIRI.g4974.t1	162	237	336	563	776
DCORO.DCO_015087	150	225	282	384	477	551	667	764	879
