CAFRA.g15008.t1	67	140	375	485	573	821	1392	1492	1851	2066	2571	2871	3524	3615	4317	4381	4426	4500	4563	4705
CANGA.Cang_2012_03_13_01022.g15389.t1	146	310	1164	1379	1872	2688	3594	3649	3694	3810	3973
CBREN.CBN29246	67	140	375	485	573	821	1152	1392	1489	1848	2063	2919	3569	3660	3852	4026	4365	4426	4584	4668	4731	4867
CBRIG.CBG14150	67	140	375	485	573	821	1152	1392	1492	1851	2066	2646	3644	4272	4440	4501	4575	4638	4771
CCAST.g12684.t1	146	310	1164	1404	1857	2072	2565	3381	4287	4342	4387	4503	4666
CDOUG.g1550.t1	67	140	375	485	573	821	1152	1392	1492	1851	2066	2387	2571	2871	3521	3612	3804	4149	4317	4378	4423	4497	4560	4696
CELEG.F56E3.3b	67	140	375	485	573	821	888	1494	1594	1953	2168	2489	2673	2973	3626	3909	4083	4254	4422	4483	4528	4602	4665	4804
CJAPO.CJA09187	67	375	485	573	821	1152	1492	1851	2066	2387	2571	2871	3524	4149	4317	4378	4452	4515	4645
CKAMA.g1117.t1	67	140	375	485	573	1152	1392	1492	1851	2066	2399	2583	2883	3536	3627	3819	3993	4164	4332	4393	4467	4530	4663
CLATE.FL83_00878-RA	61	134	369	479	567	815	1146	1386	1486	1845	2060	2381	2910	3560	3651	3843	4017	4188	4356	4417	4491	4554	4690
CMONO.g18549.t1	67	140	304	375	485	573	821	920	1068	1155	1260	1380	1477	1613	1779	1848	1922	2063	2241	2384	2481	2556	2709	2865	3006	3129	3210	3294	3437	3528	3624	3894	3959	4062	4129	4200	4266	4405
CNOUR.g21997.t1	67	375	485	573	1392	1492	1851	2066	2387	2571	2871	3615	3807	3981	4149	4317	4378	4423	4497	4560	4696
CPLIC.g442.t1	67	140	304	485	573	920	1155	1395	1498	1857	2072	2250	2393	2574	2895	3405	3548	3639	3831	4005	4155	4317	4375	4420	4491	4551	4729
CREMA.FL82_00788-RA	67	140	375	485	573	821	1152	1392	1492	1851	2066	2387	2571	2871	3521	3612	3804	3978	4149	4317	4378	4452	4515	4651
CSINI.Csp5_scaffold_00593.g13279.t1	127	200	435	545	633	881	1212	1452	1552	1911	2126	2447	2631	2931	3581	3873	4218	4257	4335	4396	4470	4533	4669
CSP21.g5291.t1	67	140	304	375	573	821	920	1068	1155	1260	1395	1510	1806	1875	2096	2417	2589	2733	2886	3027	3165	3309	3393	3536	3627	3701	3771	3945	4083	4148	4251	4306	4351	4425	4491
CSP26.g12357.t1	67	140	375	485	573	821	1152	1392	1492	1851	2066	2387	2571	2871	3521	3804	4149	4317	4378	4423	4497	4560	4696
CSP28.g9746.t1	67	375	485	573	1392	1492	1851	2066	2387	2571	2871	3615	3807	3981	4149	4317	4378	4452	4515	4651
CSP29.g11611.t1	67	375	485	573	1392	1492	1851	2066	2387	2571	2871	3615	3807	3981	4149	4317	4378	4452	4515	4651
CSP31.g8605.t1	140	304	375	485	573	821	1158	1320	1398	2069	2568	3387	3621	3987	4149	4317	4378	4423	4497	4557
CSP32.g16733.t1	67	140	375	485	573	821	1152	1392	1492	1851	2066	2571	2871	3524	3615	4317	4381	4455	4518	4654
CSP34.Sp34_X0274500.t1	67	140	375	485	573	821	1392	1492	1851	2066	2387	2571	2871	3524	3807	3981	4152	4320	4384	4458	4521	4657
CSP38.g8387.t1	140	304	1158	1398	1851	3518	4272	4324	4369	4488	4639
CSP39.g19095.t1	67	375	485	573	1392	1492	1851	2066	2387	2871	3615	3807	3981	4149	4317	4378	4423	4497	4560	4696
CSP40.g9158.t1	67	140	375	485	573	821	1152	1392	1492	1851	2066	2387	2571	2871	3521	3804	4149	4317	4378	4423	4497	4560	4696
CTROP.Csp11.Scaffold629.g16517.t1	67	375	485	573	821	1152	1392	1492	1851	2066	2387	2571	2871	3521	3612	3804	3978	4149	4317	4378	4423	4497	4557	4693
CVIRI.g1119.t1	67	140	375	573	821	1260	1317	2253	2396	2574	3384	3527	4302	4363	4408	4482	4548	4696
DCORO.DCO_002573	91	164	235	399	509	597	732	947	1058	1182	1287	1429	1574	1655	1899	1973	2313	2385	2559	2634	2772	2937	3087	3225	3369	3453	3687	3783	3879	4053	4227	4295	4398	4465	4534	4596	4668
