CAFRA.g12455.t1	36	152	525	1323
CANGA.Cang_2012_03_13_00726.g13725.t1	36	760
CBREN.CBN15138	45	152	263	364	498	1387
CBRIG.CBG03086	45	143	248	358	492	1330
CCAST.g17318.t1	36	182	453	583	1015
CDOUG.g5408.t1	45	152	263	364	492	1369
CELEG.F59B10.2	45	158	269	370	504	1393
CJAPO.CJA05361a	193	318	1219
CKAMA.g7638.t1	39	143	245	349	486	752	928
CLATE.FL83_23408-RA	45	143	254	361	492	732	1138
CMONO.g16240.t1	30	197	244	322	471	567	629	697	800
CNOUR.g13535.t1	36	125	236	331	462	1405
CPLIC.g8303.t1	39	110	203	1264
CREMA.FL82_05426-RA	45	143	254	361	492	1363
CSINI.Csp5_scaffold_00141.g5479.t1	45	143	254	358	492	1369
CSP21.g783.t1	30	107	206	331	474	585	1066
CSP26.g10506.t1	45	137	248	352	486	1309	1428	1812	1980	2064	2136
CSP28.g1871.t1	36	140	245	340	471	1411
CSP29.g13387.t1	36	122	233	328	456	1423	1631	2007	2259
CSP31.g14931.t1	39	122	215	316	447
CSP32.g15568.t1	92	224	498	1336
CSP34.Sp34_20286700.t1	45	143	245	346	480	1438
CSP38.g9673.t1	39	182	1300
CSP39.g19304.t1	36	143	239	334	456	1474
CSP40.g17363.t1	45	140	251	355	492	1342
CTROP.Csp11.Scaffold629.g8962.t2	164	265	401
CVIRI.g2647.t1	36	221	492	621	1210
DCORO.DCO_010509	54	116	209	370	540	639	854	1207
