CAFRA.g11283.t1	212	845	999	1076	1197	1263
CANGA.Cang_2012_03_13_00318.g9112.t1	77	198
CBREN.CBN32966	77	198	264
CBRIG.CBG06696	77	198
CCAST.g280.t1	77	198
CDOUG.g9293.t1	77	198	264
CELEG.F25H9.7a	77	198	264
CJAPO.CJA01275	87
CKAMA.g14673.t1	77	198	264
CLATE.FL83_03818-RA	53	174
CMONO.g6920.t1	47	168
CNOUR.g11878.t1	77	198	264
CPLIC.g12284.t1	53	288
CREMA.FL82_10934-RA	77	198	264
CSINI.Csp5_scaffold_01175.g19015.t1	87	153
CSP21.g9290.t1	74	195	261
CSP26.g4999.t1	77	198
CSP28.g16328.t1	77	198	264
CSP29.g19637.t1	77	198	264
CSP31.g22586.t1	71	192	258
CSP32.g8255.t1	17	653	807	884	1005	1071
CSP34.Sp34_50159400.t1	77	198	264
CSP38.g8933.t1	77	198
CSP39.g5158.t1	77	198
CSP40.g7750.t1	77	198
CTROP.Csp11.Scaffold282.g728.t1	87
CVIRI.g10034.t1	74	195	261
DCORO.DCO_023223	77	198	267
