CAFRA.g10007.t1	82	142	406	1078	1254
CANGA.Cang_2012_03_13_00381.g10043.t1	10	253	516	650	934	1110
CBREN.CBN12769	85	178	361	737	1027	1203
CBRIG.CBG06147	52	309	363	569	859	1035
CCAST.g13683.t1	31	115	304	570	704	988	1164
CDOUG.g16345.t1	85	175	352	728	1018	1194
CELEG.H21P03.3b	85	169	379	758	1048	1224
CJAPO.CJA09962	37	413	703	879
CKAMA.g11632.t1	85	175	346	653	943	1119
CLATE.FL83_04937-RA	46	232	608	898	1074
CMONO.g11276.t1	43	408	477	608	735	892	1068
CNOUR.g14103.t1	82	130	307	686	976	1152
CPLIC.g5633.t1	37	190	441	572	699	856	1032
CREMA.FL82_03835-RA	46	232	608	898	1074
CSINI.Csp5_scaffold_00164.g6034.t1	46	253	632	922	1098
CSP21.g3164.t1	28	169	444	575	702	859	1035
CSP26.g21899.t1	88	181	388	767	1057	1233
CSP28.g10829.t1	43	202	581	871	1047
CSP29.g19882.t1	43	220	599	889	1065
CSP31.g26754.t1	163	271	519	777	940	1116
CSP32.g14798.t1	82	139	394	1066	1242
CSP34.Sp34_40328100.t1	43	235	611	901	1077
CSP38.g5491.t1	31	112	567	698	982	1158
CSP39.g6485.t1	85	130	319	698	988	1164
CSP40.g731.t1	88	181	388	764	1054	1230
CTROP.Csp11.Scaffold507.g2454.t1	85	178	355	731	1021	1197
CVIRI.g10541.t1	46	426	560	687	844	1020
DCORO.DCO_009589	130	229	326	403	488	597	741	872	999	1074	1156	1286	1332	1418
