CAFRA.g6002.t1	89	415	1202
CANGA.Cang_2012_03_13_00059.g2997.t2	107	418	1166
CBREN.CBN23132	86	276	400	1187
CBRIG.CBG05258	86	400	643	1187
CCAST.g9096.t1	107	418
CDOUG.g12228.t1	86	276	400	643	1187
CELEG.R12H7.2	86	273	397	640	1184
CJAPO.CJA12820	86	409	652	1196
CKAMA.g5358.t1	86	288	412	655	1199
CLATE.FL83_01923-RA	86	276	400	643	1187
CMONO.g14005.t1	92	291	415	534	658	725	849	960	1059	1163	1239
CNOUR.g4544.t1	89	288	412	655	1199
CPLIC.g170.t1	98	288	412	531	731	1199
CREMA.FL82_02103-RA	86	276	400	643	1187
CSINI.Csp5_scaffold_00196.g6780.t1	376	677
CSP21.g12628.t1	122	321	445	564	688	888	1035	1134	1238	1353
CSP26.g1035.t1	86	400	1187
CSP28.g6720.t1	89	288	412	655	1199
CSP29.g812.t1	86	285	409	652	1196
CSP31.g24953.t1	89	403	522	987	1190
CSP32.g12472.t1	89	415	1202
CSP34.Sp34_X0155000.t1	86	285	409	652	1187
CSP38.g10307.t1	104	415	1002
CSP39.g9118.t1	89	288	412	655	1199
CSP40.g6984.t1	86	400	1187
CTROP.Csp11.Scaffold629.g10136.t1	86	276	400	643	1187
CVIRI.g1924.t1	92	291	415	534	1202
DCORO.DCO_011907	59	173	228	471	595	671	795	939	1038	1142	1254
