CAFRA.g9676.t1	111	403	623	742	1011
CANGA.Cang_2012_03_13_00793.g14176.t2	210	312	405	583	813
CBREN.CBN19319	114	385	602	721	990
CBRIG.CBG02662	114	388	605	724
CCAST.g8203.t1	207	297	724	993
CDOUG.g3841.t1	114	379	596	715	984
CELEG.K06A1.1	114	376	593	712	981
CJAPO.CJA15225	105	533	652	921
CKAMA.g9105.t1	111	367	584	703	972
CLATE.FL83_04549-RA	114	382	599	718	987
CMONO.g14146.t1	114	216	382	456	593	712	857	981
CNOUR.g10782.t1	114	361	578	697	966
CPLIC.g8362.t1	135	225	339	438	575	694	839	963
CREMA.FL82_12163-RA	114	382	599	718	987
CSINI.Csp5_scaffold_00127.g5058.t1	99	358	575	694	963
CSP21.g1660.t1	132	222	303	343	426	563	682	827	885
CSP26.g7573.t1	117	376	593	712	981
CSP28.g8876.t1	108	361	578	697	966
CSP29.g1364.t1	111	358	575	694	963
CSP31.g2137.t1	84	174	273	396	533	652	797	921
CSP32.g11934.t1	105	394	611	730	999
CSP34.Sp34_20279010.t1	114	376	593	712	981
CSP38.g7420.t1	198	288	727	996
CSP39.g756.t1	108	358	575	694	963
CSP40.g8546.t1	117	376	593	712	981
CTROP.Csp11.Scaffold629.g11569.t1	159	427	644	763	1032
CVIRI.g6564.t1	111	322	399	655	800	924
DCORO.DCO_016157	57	126	285	428	547	692	816
